2  148 3 7 8526.31028.83611111030049641
2  196 3 1 4128.83432.1071511113004 112
2  196 4 1 4128.47232.1711511113004 112
2 7756 3 4 9517.81519.2041111113004 032
2 1411 2 1 0144.492 0.0001055553031 222
2 1411 4 1 0143.656 0.0001055553031 222
2  904 3 1 4520.99424.5271111113040 112
2 2208 2 4 0115.00617.3431011113037 232
2 2208 3 4 0114.78416.8691011113037 232
2 6733 2 1 05 2.210 2.4011011113023 020
2 6742 3 1 01 8.259 9.0031011513010 222
2 6742 4 1 01 8.251 9.1081011113010 222
2 2668 3 1 4146.38551.1281111113008 112
2 2668 4 1 4145.21048.3151111113008 112
2  940 3 1 41 9.63010.2931111113021 212
2  940 4 1 41 9.63010.2931111113021 212
2 7955 4 1105 5.823 6.0991111113008 222
2  293 3 3 6531.87334.27911111130089640
2 2831 2 1 05 1.773 1.88710111130349622
2 5288 2 1 05 5.706 6.2071011113034 122
2 1214 3 1 4521.32122.4311111113037 112
2 2199 3 2 4527.51829.5701111113017 130
2  732 3 4 2526.96428.56611111130379630
2  751 3 3 65 8.079 8.76115115130029642
2 1528 3 1 4524.04827.56511111030419612
2 3357 4 1 4526.64028.0271111113041 212
2 2180 3 1 4535.44138.3911111113041 112
2  181 4 1 4518.35021.6771111113041 112
2  514 3 1 4124.87726.8731111113008 112
2  514 4 1 4124.84727.2281111113008 112
2 1546 3 1 4522.134 0.0001555553041 212
2 3656 3 7 8514.02315.66111111130089641
2 3677 3 110519.78021.80211111130389622
2 6574 3 1 7510.06410.4721111113018 012
2 7981 3 1 4116.94217.5191111113023 312
2 7981 4 1 4116.66617.3601111113023 312
2 7031 5 1 4567.62572.5151111113012 212
2 5098 3 1 4528.16929.2561111113007 112
2  546 3 1 4528.47930.3491111103035 212
2 7518 3 1 05 8.755 9.4121011113021 922
2 3468 3 1 4514.53015.6271111103048 212
2 4197 3 1 4527.887 0.0001555153031 012
2 1347 3 3 6136.16440.99611111130129640
2 1347 4 1 4134.49237.3721111113012 012
2 5293 3 1 4124.87125.0841111113018 112
2 5293 4 1 4124.84225.3291111113018 112
2  117 4 1 4521.15523.4491111113029 212
2 2888 2 1 7111.57413.0751111513037 122
2 2888 3 1 7111.33312.3841111113037 122
2 1562 2 4 2513.310 0.00011555530319620
2 3466 3 1 5121.64324.1191511113048 122
2 3466 4 1 5121.55223.8961511113048 122
2  915 3 1 4121.96825.1751111113033 212
2  915 4 1 4121.40223.6201111113033 212
2 2886 3 1 4537.66239.3561111113048 912
2 3408 3 1 4524.06524.7051111113048 112
2 2214 4 1 4522.32125.0341111113029 312
2 2967 3 1 4114.371 0.0001155553040 112
2 2967 4 1 4114.354 0.0001155553040 112
2 1621 4 1 45 5.713 0.0001155553049 412
2  161 2 1 0146.08250.9661011113008 120
2  161 3 1 0144.68047.7761011113008 120
2 4537 4 1 4523.07825.5281111113007 112
2 6856 3 1 0534.09837.4631011113028 912
2 2064 2 1 0522.77825.2181011113032 222
2 1472 3 1 4114.23816.8351111113037 212
2 1276 3 1 4522.01425.9181111113032 912
2 1472 4 1 4113.57815.0571111103037 212
2 5265 3 1 4119.51522.6811111113003 112
2 5265 4 1 4118.68520.9301111113003 112
2 3002 3 1 4527.53928.8211111193012 110
2 1868 3 1 5113.18714.2481111193017 322
2 1868 4 1 5113.31614.7651111103017 322
2 4460 3 1 4526.55228.1111111113039 012
2 4066 5 1 4531.62734.2021111113029 312
2 1168 3 1 4514.33215.7531111113008 010
2 3839 3 1 4530.32331.6271111113018 112
2 2431 3 1 4519.696 0.0001155553029 012
2 6857 3 1 4518.31419.6131111113037 212
2  123 3 1 5541.46045.2181111113012 222
2 2532 4 1 0514.60315.0941011113035 222
2 2651 3 1 4513.36614.3851111193026 112
2 3122 3 1 4513.60915.0571111113021 010
2 8143 3 1 4520.687 0.0001155153023 110
2 1233 3 1 4531.68634.7361111113033 912
2 7355 2 1 0160.04468.7561011513037 120
2 7355 3 1 0157.33962.5161011513037 120
2  758 3 1 4518.26719.4251111113024 012
2  614 3 1 4122.14924.2271111113042 112
2  614 4 1 4121.71823.4441111113042 112
2   44 2 1 0531.29434.1591011113041 122
2 1850 3 4 1525.22825.3941111113031 112
2 1055 3 1 4113.50614.4001111113018 112
2 1055 4 1 4113.14713.8591111113018 112
2 1114 3 1 4560.48364.5191111113018 112
2 3023 3 1 4119.23321.0661111103041 112
2 3023 4 1 4118.72520.1531111103041 112
2 4158 2 1 0523.751 0.0001055153039 022
2 1585 2 1 0513.84615.25010111130409620
2 2061 4 1 4517.86719.5431111113048 112
2  485 3 1 4521.42223.7621111113032 112
2 6950 4 1 4514.13115.6341111113032 412
2 2581 3 1 4516.08917.9931111113040 012
2 1096 3 1 4518.54919.8051111113038 012
2 6089 3 1 0135.111 0.0001055553049 112
2 6089 4 1 0134.924 0.0001055153049 112
2 8151 3 1 4127.981 0.0001555553049 212
2 8151 5 1 4127.086 0.0001555553049 212
2 4961 3 1 45 0.00014.9305111113003 212
2  515 3 1 01 4.074 4.7751011113010 122
2  515 2 1 01 3.982 4.4961011113010 122
2 1593 2 1 05 4.241 4.9761011113010 332
2  132 2 1 05 4.155 4.7771011113010 322
2 3971 3 1 4525.28328.0711111113015 912
2 2795 3 7 8521.81522.70211111130449641
2 2826 2 1 0542.01647.6071011103016 122
2 1938 4 1 41 8.550 8.7061111113001 212
2 1938 5 1 41 8.550 8.7061111113001 212
2 1883 4 1 45 8.036 8.7491111113032 112
2 1709 2 1 0516.48418.3741011113032 122
2 4036 3 1 4541.261 0.0001155553031 112
2 3454 3 1 4521.99023.2911111113018 012
2 3595 3 1 5510.04811.5001111113050 122
2 5148 3 1 4521.91822.8151111103013 112
2 3646 3 7 0531.736 0.00010555530319641
2 7479 3 1 4529.44531.6911111113029 112
2 6918 3 1 4118.68220.3411111113007 110
2 6918 4 1 4118.49020.3751111113007 110
2 6891 3 1 4542.32246.5691511513033 112
2 2998 3 3 0535.90337.80810111130339640
2 6519 2 1 0530.11833.1041011113023 120
2  486 4 1 5110.40011.5201111113040 222
2  486 3 1 5111.34012.6921111113040 222
2  788 3 1 4526.900 0.0001555153017 012
2  315 3 1 4512.90313.6461111113020 112
2 5635 4 1 45 5.919 6.1161111113020 212
2 4274 4 1 4538.45042.2481111113010 112
2 5133 3 1 4520.28321.1131111113044 112
2 4414 4 4 1520.10022.0861111113016 112
2 1738 3 7 8543.77350.79711111030169641
2 6165 3 1 4120.48422.0821111113002 112
2 6165 4 1 4120.14021.5311111103002 112
2 5076 3 1 4516.112 0.0001155553049 212
2  204 2 414523.22327.56411111130379632
2 2370 3 1 4118.27119.7751111113024 412
2 2370 4 1 4118.10319.2391111113024 412
2 7453 3 1 4523.608 0.0001155153003 112
2 3461 3 1 4520.35322.7661511113003 312
2 7071 3 1 41 3.567 3.7161111113018 112
2 7071 4 1 41 3.518 3.6441111113018 112
2 3463 3 1 4112.36413.8281511113048 112
2 2504 3 1 5120.96622.3881511103048 122
2 3463 4 1 4112.22213.5271511113048 112
2 2504 4 1 4120.51821.6171511113048 112
2 3476 3 1 55 5.896 0.0001155553048 222
2 3348 3 1 4118.67022.1431111113048 110
2 3348 4 1 4118.05820.8251111113048 110
2 7512 5 4 15 1.993 2.1961111113022 210
2 7070 4 1 4535.31638.4171111113024 212
2 4670 3 1 4533.41036.89815111030049612
2 1776 3 1 4523.69327.1041111113029 012
2 5177 3 1 4137.54439.3641111113008 212
2 5913 3 1 4524.48026.2111111113023 112
2 5177 5 1 4136.89438.3591111113008 212
2 6411 4 113530.74735.6341111113048 110
2 5990 4 1 4512.68313.2991511113048 312
2 7472 2 1 0511.95812.4921011113031 322
2 5269 3 1 4542.96845.6241111113010 112
2 8014 4 1 5545.78748.9981111113001 222
2 7987 2 4 05 9.545 9.9431011113035 032
2 3472 3 1 4541.88144.9301111113008 012
2 1400 3 1 4520.18722.2951111113029 112
2 2407 3 1 4119.62121.4541111113029 212
2 2407 4 1 4119.42521.4891111113029 212
2 2579 3 1 4516.20417.3151511113035 912
2 1279 3 1 5146.54752.6871111113038 222
2 5082 2 1 0521.689 0.0001055553043 122
2 1279 4 1 5145.75952.0481111113038 222
2 4816 3 1 45 3.712 4.1411111113041 112
2 1871 3 1 0156.45361.1371011113002 322
2 1871 4 1 0155.40259.4721011113002 322
2  860 3 1 4536.09137.8191511113017 112
2 1484 3 3 6515.37816.04211111130179640
2 3628 3 4 0536.19337.3631011113003 132
2 7710 4 1 4527.76131.9451111113040 112
2 3698 3 1 4516.47318.15311111030159612
2 3425 3 1 4521.58725.1561111113015 112
2 5916 3 1 4117.29818.5261111103003 212
2 5916 4 1 4117.48919.1251111103003 212
2 3923 4 1 4522.20925.3301111103042 110
2  773 4 1 4532.49035.2071111103047 210
2  450 3 1 55 4.391 0.0001155553049 222
2 7870 2 1 0518.52519.9971011113026 122
2 7645 2 1 0518.51220.6171011113037 122
2  845 5 1 7539.49543.5871111113010 121
2 3500 3 1 4519.70520.94211111130439612
2 4000 3 1 4111.43812.3071111113043 112
2 4000 4 1 4111.31112.0781111113043 112
2 1216 3 1 4134.36735.3201111103039 312
2 1216 4 1 4134.51935.9011111103039 312
2 8227 3 1 0114.66315.2991011113013 122
2 8227 4 1 0114.51015.1971011113013 122
2 1671 2 1 0548.00749.9631011113035 022
2 5361 4 1 4127.77230.0971111113027 110
2 5361 3 1 4128.64532.2681111113027 110
2 3132 3 1 4521.56224.2891111103027 910
2 1425 2 1 0145.701 0.0001055553039 222
2 1425 3 1 0144.733 0.0001055553039 222
2 2982 3 1 4121.46624.6121511113037 112
2 2982 4 1 4121.29824.6511511113037 112
2 1971 3 1 5514.15214.9781111113012 122
2  907 3 1 0519.03620.4831011113029 120
2 4137 3 1 4514.451 0.00015551530389612
2 5424 3 1 4512.92313.9711111103003 012
2 1714 3 1 55 9.00510.1511111113033 222
2 2900 3 1 4531.12433.9731111113033 112
2 6378 3 1 4512.62613.0421111113038 112
2 4383 3 1 5523.43223.8841111113005 122
2 4256 3 1 5511.08612.7661111113017 122
2 3354 2 1 25 6.846 7.2241111113023 122
2 6665 3 1 0520.16223.0541011113015 122
2 2223 2 4 0123.66725.6241011113015 232
2 1735 5 2 4127.43830.0971111113015 332
2 2223 3 4 0123.38825.1161011113015 232
2 1735 6 2 4127.58030.8251111113015 332
2 2206 3 1 4514.23615.1551111113013 112
2  468 3 1 4524.55025.1251111113013 012
2 1956 4 1 4510.13710.6171111113013 112
2  793 3 1 6116.74717.3821111113013 422
2  793 4 1 6116.53017.0691111113013 422
2  287 3 1 4511.60411.8551111113013 212
2 7758 4 1 0119.40820.7491011113044 222
2 6616 4 1 4510.97611.8321111113040 112
2 7758 3 1 0119.74021.2801011113044 222
2 1944 4 1 4520.724 0.0001155553037 110
2 6985 3 1 4526.71830.5051111113037 912
2 1419 5 1 4535.26939.5691111113037 212
2 4834 2 1 0535.339 0.0001055553047 022
2 5455 3 1 4523.967 0.0001555553048 110
2 3587 3 1 4516.81517.9561111113033 112
2 1467 3 1 4532.76533.9451111103001 212
2 5229 2 3 0522.12724.59610111130089640
2  399 3 1 4516.03716.9031111113043 112
2  933 5 4 1525.87428.7121111113043 210
2 2590 3 1 4518.08620.6041111113042 212
2 4295 2 1 05 5.878 6.5841011113042 022
2 3017 3 1 5114.80016.0371111103040 122
2 3017 4 1 5114.70015.8611111113040 122
2 4945 3 1 4128.57231.0181111103047 212
2 4945 4 1 4127.91830.0251111103047 212
2 4126 4 1 5553.31453.0111111113018 222
2 6516 2 1 01 5.919 6.7451011513010 222
2 1381 2 1 05 4.793 5.5831011113010 122
2 6516 3 1 01 5.827 6.5611011513010 222
2  863 3 1 75 5.659 6.1811111113008 321
2 1060 3 1 4521.23222.4631111103008 012
2 3692 3 1135 4.132 4.8611111113039 120
2 6537 4 3 05 3.447 3.78010111130399640
2 2606 3 1 05 2.080 2.3491011113039 120
2 2353 3 1 4521.38521.9291111103038 112
2 2053 3 1 4123.70626.2911111113008 112
2 2053 4 1 4123.06425.1921111103008 112
2 7314 3 1 0562.67370.4791011113035 120
2  195 3 1 4516.01117.0941111113029 912
2 3260 3 1 4122.87025.0051111103029 312
2 3260 4 1 4122.83625.3971111113029 312
2 3494 3 1 5116.46418.0601111113021 122
2 3494 4 1 5116.43618.3711111113021 122
2 1441 3 1 4513.16713.7271111113047 112
2 1451 2 1 0518.36820.6321011113013 220
2 5201 3 1 6131.84033.5681111113038 322
2 5201 4 1 6131.43632.9351111113038 322
2 1635 3 1 4147.82353.6361111113033 112
2 1635 4 1 4145.110 0.0001155153049 112
2 5806 3 1 5522.10225.5511111113050 022
2 5070 3 4 1117.57119.4981511113024 112
2 5070 4 4 1117.33919.0501511113045 112
2 5084 3 1 4512.93314.2021111113037 912
2 5166 3 1 4129.63733.5971111103002 112
2 5166 4 1 4129.03732.5301111103002 112
2 2774 3 4 1523.60426.1371111113038 012
2 2408 3 1 4538.687 0.0001155553049 112
2 4353 3 1 4117.67418.6671111113008 112
2 4353 4 1 4117.18517.9221111113008 112
2 6225 3 1 4519.510 0.0001555553031 012
2  464 3 1 4518.33919.1431511113008 212
2  258 3 1 4123.30824.5231511113010 112
2  258 4 1 4123.10424.2251511113010 112
2 5053 4 1 4521.16422.7531111113006 112
2 3053 3 114540.27443.2151111103006 122
2 5389 3 1 4521.67222.3671511113004 212
2  380 3 1 4113.71214.2881111113002 212
2  359 3 1 4531.50233.9071111113002 110
2  380 4 1 4113.60814.1391111113002 212
2  113 2 1 0521.84523.7411011113002 020
2 2277 3 1 0513.85616.0881011503037 010
2 1488 3 7 0526.24128.82210111130049641
2 2139 3 1 4116.34617.1611511113002 110
2 2139 4 1 4116.04416.7301511113002 110
2 2417 2 4 0512.73513.94710115130409632
2 6424 3 1 4541.57543.7811111103010 012
2 3303 4 1 0513.344 0.0001055153047 120
2 3317 4 1 4137.69739.2981111113020 212
2 3317 5 1 4137.48638.9741111113020 212
2 2426 3 1 4521.57423.50311111130209612
2 5360 3 1 4124.86427.0211111103020 112
2 5360 4 1 4124.63226.2691111103020 112
2  244 3 1 4531.48434.4931511103039 912
2 5707 3 1 4523.11125.0481511113008 212
2 7005 2 1 0519.89020.5561011113046 122
2 4152 3 1 0537.77040.6821011113017 122
2 1644 3 1 45 6.991 7.3831111113028 112
2 2670 2 1 0118.64222.1871011113040 122
2 2670 3 1 0117.73419.7501011113040 122
2  397 3 1 4535.64640.3641111113040 212
2 1103 3 1 5521.16325.74811111130339622
2 6939 3 7 81 5.695 0.0001155553030 142
2 6939 4 7 81 5.722 0.0001155553030 142
2 4529 3 1 7529.87930.6611111113038 112
2 4943 3 1 4514.43014.9671111113038 112
2 3244 3 1 5536.69740.06911111130339622
2 3159 2 1 0525.21726.9401011113039 222
2 6643 3 1 0517.85619.2831011113024 122
2  683 3 1 4514.04914.4121111113018 112
2 1036 3 1 4541.73144.2601111113018 012
2 4553 3 1 4514.614 0.0001155553031 212
2 6442 3 1 0114.11214.7621011113043 122
2 6442 2 1 0114.16915.0121011113043 122
2 3415 4 1 4526.89329.5471111113048 212
2 3731 4 1 4539.57741.0841111113001 212
2 1072 2 1 0527.63130.5531011113010 322
2  873 2 4 0117.06918.6261011113010 122
2  873 3 4 0116.60917.5841011113010 122
2 4041 2 1 0550.37354.6781011113017 122
2 4465 3 1 4527.54730.4171111113017 112
2 2172 3 1 4112.82613.7461111113044 112
2 2172 4 1 4112.73813.6001111113044 112
2 1271 3 1 4521.57123.2571111113037 112
2 4979 2 1 0527.19629.4441011113037 122
2 1398 4 1 4525.14227.6941111113038 112
2 3448 3 1 4132.27034.4051111113018 412
2 3448 4 1 4131.19232.3031111113018 412
2 3156 3 1 4518.55419.1621111113005 212
2 7126 3 2 45 2.062 2.5461111113001 130
2 4543 3 1 5112.73914.3831111113011 122
2 4543 4 1 5112.35913.7171111113011 122
2 4172 5 7 8110.23410.4851111113003 241
2 4172 4 7 8110.44310.9171111113003 241
2 3172 3 1 4116.73917.9951111113043 112
2 3172 4 1 4116.73917.9951111113043 112
2 1475 4 1 6125.91729.0301111513043 120
2 1475 3 1 6125.91729.0301111513043 120
2 4651 3 1 4518.65919.7361111113004 012
2 1819 3 1 4511.64512.6401111113034 912
2 5650 3 1 4516.74617.7671111113003 210
2  108 4 1 4530.16732.4601111113027 112
2 1000 3 1 4545.89851.6371111113027 912
2 5418 3 1 4544.40647.4021111113027 312
2  131 2 1 0116.24418.1271011113014 222
2 2357 4 1 0560.333 0.0001055553049 222
2 1898 2 1 0167.92272.5151011113014 122
2 1898 3 1 0167.92272.5151011113014 122
2  131 3 1 0116.22818.3611011113014 222
2  393 2 1 05 7.926 8.41810111030389622
2 4832 2 1 0520.44821.3691011113044 222
2 6212 3 113124.00325.7541111113008 230
2 6212 4 4 2123.82424.3921111113008 230
2 5006 3 1 4537.30440.1391111103029 222
2 5461 2 1 0126.11627.6611011113003 222
2 5461 3 1 0125.38126.5931011113003 222
2 4422 3 1 4519.43521.8841111113037 012
2 4838 3 1 4526.41427.3511111113034 210
2 3183 3 1 41 9.47410.2271511113040 212
2 3183 4 1 41 9.269 9.7511511113040 212
2 5787 3 1 4521.01623.8541111113033 212
2 7461 3 110544.142 0.0001555553023 122
2 1351 2 1 0113.84515.4841011113042 222
2 1884 4 1 4518.64221.3961111113034 112
2 1351 3 1 0113.74415.5071011113042 222
2  774 4 1 4535.24237.1871111113034 112
2 2902 3 1 4126.82028.7641111103039 112
2 2902 4 1 4126.64328.4641111103039 112
2 3567 3 1 5147.94750.7801111113010 122
2 2763 5 1 4510.05110.6641111113039 212
2 3567 4 1 5146.03247.3131111113010 122
2 7007 2 1 0513.67114.1631011113037 022
2 2250 3 1 5528.62832.1621111113044 920
2 7643 3 1 4520.75623.4821111113044 912
2  867 4 4 0159.40264.1741011113039 210
2  867 5 4 0159.72965.7101011113039 210
2 5438 3 1 4527.61431.5761511113040 112
2 2572 2 1 0126.66930.1011011113040 122
2 2572 3 1 0126.21429.2531011113040 122
2 3336 3 1 4136.31138.4461111113040 312
2 3336 5 1 4135.91037.7791111113040 312
2 4782 3 1 5114.22815.5001111113015 122
2 4782 4 1 5113.92114.7581111113015 122
2 6569 3 1 7527.92428.7541111113026 222
2 3138 4 1 4513.60815.7121111113037 112
2 6448 3 1 41 8.721 9.6361111113037 110
2 6448 4 1 41 8.765 9.8731111113037 110
2 8244 3 4 05 8.854 9.1011011113033 310
2  613 3 1 4117.66819.6471111113001 212
2  613 4 1 4117.24518.8871111113017 212
2 1006 4 1 05 3.444 3.7351011113026 222
2 2032 3 4 1123.62525.9751111113038 110
2 2032 4 4 1123.17125.2261111113038 110
2 4200 2 1 0512.82214.35110111930489622
2 4037 5 1 4520.31220.7061111113048 312
2 3981 4 1 4536.49538.3831111113039 212
2 2229 4 1 4523.36724.7921111113039 112
2 2813 4 1 4514.87417.0941111113041 112
2 1827 3 1 5565.74870.9121111113029 322
2 4844 4 1 0567.92272.5151011113029 222
2 4375 4 1 4515.76017.1951111113029 112
2 4305 3 1 4522.87025.33111111130389612
2 6946 2 1 0567.92272.51510111130379622
2 5204 5 1 4567.922 0.0001555153023 212
2 6752 3 1 4124.07725.3141111113023 112
2 6752 4 1 4123.85724.9951111113023 112
2 1915 3 1 4515.34215.8881111113020 312
2 2222 2 1 0513.28214.3421011113039 022
2 3426 3 1 4527.57731.53311111130329612
2 3737 3 1 4513.96615.0851111113038 012
2 4062 3 4 1519.468 0.0001155153039 912
2 5978 2 1 0113.37214.6501011113004 123
2 5978 3 1 0112.72013.3901011113004 123
2 3145 4 1 4528.77031.2031111113040 212
2 5613 3 1 4532.59637.0571111113041 112
2 1024 3 7 0537.66342.8751011113010 241
2 5861 3 1 4114.43915.3631111113010 112
2 5861 4 1 4114.08214.8201111113010 112
2 2324 2 1 0510.24711.2901011113026 022
2 8112 3 1 0517.36021.0941011513043 122
2 4996 3 1 4118.68420.4421111113043 212
2 4996 4 1 4118.29019.4621111113043 212
2 1759 3 1 4517.80019.4701111113040 912
2 4755 3 1 4519.41721.6611111113048 912
2 2844 4 1 4138.31841.5981111113012 212
2 2844 5 1 4137.44240.2671111113012 212
2 5855 3 1 4117.92619.1431111103015 512
2 5855 4 1 4118.00819.5291111103015 512
2 2772 3 1 4512.84014.7561111113015 212
2  996 4 1 4537.08038.7471111113033 112
2 3299 3 1 4113.93515.3561111113024 212
2 3287 4 1 4518.56920.0981111513024 212
2 3299 4 1 4113.56914.4711111113024 212
2 7318 2 1 0522.502 0.0001055553044 022
2 6727 3 1 4520.42422.8401111113029 112
2 2346 3 1 5536.70342.9641111113047 222
2 2360 2 1 0512.00012.8781011113048 122
2 2714 2 1 0135.17839.1461011113048 122
2 2714 3 1 0134.81537.8351011113048 122
2 2351 2 110519.013 0.0001555553031 122
2  745 3 1 4126.625 0.0001155153023 212
2  745 4 1 4125.910 0.0001155153023 212
2 8278 3 1 0120.03122.0091011113044 212
2 8278 4 1 0119.51821.1441011113044 212
2 4944 3 1 5111.13511.6071511113013 122
2 4944 4 1 5111.06311.4991511113013 122
2 5309 2 1 7546.765 0.0001155553049 022
2 8140 3 1 41 0.00040.1675511113038 212
2 8140 4 1 41 0.00039.6585511113038 212
2 2909 3 1 5541.17346.0031111103013 022
2 2864 4 1 4135.23937.7501111113016 212
2 4184 3 1 4518.16219.4961111113037 112
2 2864 5 1 4134.01735.3591111113016 212
2 7715 4 1 4526.39128.6511511113001 112
2 2347 4 1 4526.06327.4431111113020 112
2 3099 3 1 4540.50641.3111111113019 112
2  893 2 1 0147.20053.9971011113019 122
2  893 3 1 0145.53551.1361011113019 122
2 4953 3 1 0123.16324.1161011113042 222
2 4953 4 1 0122.83123.6391011113015 222
2  525 3 110121.470 0.0001555553001 122
2  525 4 110120.962 0.0001555553001 122
2 4215 3 1 4167.92272.5151111113044 212
2 4215 5 1 4167.92272.5151111113044 212
2 1012 3 1 4130.84031.7641111113008 212
2 1012 4 1 4130.48431.2601111113008 212
2 3465 4 1 41 3.049 3.2771111113046 212
2 3465 3 1 41 3.026 3.1861111113046 212
2 2190 3 1 4516.09917.1691111113043 012
2 5789 7 1 4554.61361.0741111113002 512
2 6686 3 1 4553.98458.1961111103044 212
2 6304 3 1 4517.47918.2331111113044 012
2 7640 2 1 01 1.859 2.0851011513033 222
2 7640 3 1 01 1.849 2.0621011513033 222
2 7284 2 4 0531.42634.9131011113002 030
2 3395 3 1 4522.06622.9061111113004 012
2 2569 3 1 4518.682 0.00011555530499612
2 3043 2 110121.68623.2241511113041 132
2 3043 3 110121.68623.2241511113041 132
2 3471 4 4 2510.53012.6071111113041 232
2 4587 3 1 4127.69529.6571111113035 112
2 4587 4 1 4127.37929.1051111113035 112
2 3371 2 1 0527.78128.2211011113035 222
2 1076 3 1 5521.17124.7641111113042 022
2 1465 3 1 4518.83121.20211111130429612
2 4836 2 4 7120.42721.0421111113004 132
2 4836 3 4 7120.25420.8081111113004 132
2 4319 3 1 4522.59123.3311111513004 112
2 5260 2 1 0112.32113.8261011113015 222
2 5260 3 1 0111.90012.8601011113042 222
2 4021 51112521.061 0.0001155553031 042
2 2427 3 1 45 6.011 6.9871111113015 112
2 6311 2 1 05 8.922 9.7401011113042 122
2 7033 2 1 0567.92272.5151011113031 022
2 6729 3 1 4142.11345.2251111113042 112
2 6729 4 1 4141.87644.8001111113042 112
2 1355 2 1 05 3.583 4.0641011113012 222
2 7317 3 1 05 1.037 1.1411011113001 122
2 1570 2 1 0135.44039.3811011193023 322
2 3276 4 1 5541.383 0.0001155153023 122
2 1570 3 1 0133.73636.5571011113023 322
2 6421 3 1 4521.23923.2401111113012 012
2 3931 3 1 5547.87056.9641111113002 122
2 3760 3 3 6136.84844.6271111513012 142
2 3760 4 2 4135.99041.8151111513012 332
2  316 3 1 4516.41616.8701111113046 112
2 2932 3 1 0524.65326.5131011113033 122
2 3440 3 1 4123.54524.1721111113039 112
2 3440 4 1 4122.63122.7001111113039 112
2 1591 2 1 0127.12231.1621011513033 122
2 6926 3 113519.16220.9081111113033 123
2 1591 3 1 0126.02328.3941011513033 122
2 2044 3 1 4123.19525.1161511113038 212
2 2044 5 1 4122.45223.5691511113038 212
2 5793 4 1 4531.97338.4161111113032 112
2 2514 3 2 4551.25556.59511111130399632
2 3761 2 1 01 2.421 2.7271011113008 122
2 3761 3 1 01 2.417 2.7711011113008 122
2 2356 3 110510.85511.8021511113037 022
2 5196 4 1 4529.57431.8971111113027 112
2 6132 3 1 7138.32240.9351511113035 512
2 6132 4 1 7138.15440.6151511113035 512
2 4070 3 1 0139.06041.6991011103035 212
2 4070 5 1 0137.87939.2721011113035 212
2 2996 5 1 4567.922 0.0001155553023 312
2  779 3 1 4152.24059.0771111103044 112
2  779 4 1 4150.29454.6371111103044 112
2 4693 3 1 41 8.556 9.1531111113035 112
2 4693 4 1 41 8.309 8.6311111113026 112
2 4344 3 1 45 8.745 9.5121111113026 012
2 2037 3 1 4522.36525.3431111113037 912
2 4748 3 1 4135.61938.4201111593048 110
2 4748 4 1 4135.33637.9551111593048 110
2 4548 4 7 0544.96945.6331011113004 141
2 3678 3 1 4112.95113.9201511113012 112
2 3678 4 1 4112.95113.9201511113012 112
2 5753 3 1 4544.76647.7821111113012 122
2 7247 3 1 5526.41028.7701111113047 120
2 1685 3 1 4519.99322.9461111113033 912
2 1177 3 1 4520.78024.1241111113033 112
2 4559 2 1 5518.90820.4151111113033 020
2  939 4 4 2520.22422.6241111113038 132
2 4395 4 8 7131.84136.2941111113010 141
2 4395 3 8 7131.793 0.0001155153010 141
2 1273 2 4 0524.65225.8291011113040 032
2  537 3 1 15 3.537 3.8951111103040 910
2  709 3 1 45 2.390 2.6311111503040 010
2  221 3 1 4527.73029.0741111103030 910
2 1602 2 1 0536.52341.28910111130399622
2 6221 3 1 4517.33118.6831111113044 012
2 3485 3 1 0525.53827.29810111130479612
2  622 3 1 0129.63431.8111011113044 222
2 4477 4 1 4126.93228.2731111103044 212
2  622 4 1 0128.74229.9831011113044 222
2 4477 5 1 4126.51827.6631111113044 212
2 5121 4 1 4148.42450.6231111113008 212
2 5121 5 1 4147.87349.7741111113008 212
2 7719 3 1 0524.01627.5691011113049 110
2 6092 4 1 4513.41315.4391111113040 112
2  808 4 1 4512.010 0.0001555553040 112
2 1867 2 4 05 9.344 9.7471011113008 232
2 7337 2 1 0521.13124.1971011113044 122
2 1951 3 1 4119.84221.2121111113044 112
2 1951 4 1 4119.40620.2441111113044 112
2 1053 3 1 05 9.56010.8731011113009 322
2 3087 3 1 05 7.696 8.6591011103009 122
2 3135 3 1 4520.92923.3941111103047 012
2 5182 2 1 0520.77121.7351011113029 122
2 4814 3 1 4517.87619.2001111113015 012
2 2305 3 1 05 9.64111.2341011113037 120
2 6134 4 1 5148.78751.7951111113022 220
2 6134 5 1 5149.15453.2651111113022 220
2 6488 3 1 4514.84615.5921111113026 112
2 4847 3 1 4528.000 0.0001155153047 912
2  759 3 1 4516.72417.5331111113037 112
2 6593 3 1 45 7.604 0.0001555553045 312
2 4430 3 1 4114.02015.1431111113038 112
2 4430 4 1 4113.79514.7301111113038 112
2 7731 3 1 4517.69018.5001111113041 212
2 5820 3 1 0527.16432.6731011113042 122
2 8000 2 1 0519.48321.4451011113044 022
2 1175 2 1 0555.55058.3831011113026 022
2 3173 4 1 4517.42519.6311111113015 112
2 2814 3 1 4518.91220.92611111130159612
2 7881 2 7 41 9.600 0.0001155553031 132
2 7881 3 7 41 9.490 0.0001155553031 132
2 6877 3 1 5567.40772.5151111113011 922
2 5087 3 4 1534.22237.6151111113011 112
2 1113 4 1 4524.98527.2591111103001 112
2 1990 3 1 1524.40226.2761111113013 912
2 1712 3 1 4138.63142.5941111113012 110
2 1712 4 1 4138.56443.3531111113012 110
2 1517 3 1 4542.02745.1541111113012 212
2 3684 3 1 5523.96624.6481111113033 122
2  318 211 05 4.537 4.94310111030199640
2 4469 4 1 05 5.001 5.2261011103019 222
2 2973 3 1 4523.76725.9971111113037 912
2 4643 3 1 4513.38714.6731111113037 112
2 3493 3 1 4525.50329.2501111113032 912
2 1649 2 1 0513.38914.2551011113003 022
2 1362 4 110511.81712.6531511113003 122
2 4347 3 1 4114.58715.4021111113016 110
2 4347 4 1 4114.45515.4241111113016 110
2 2069 4 1 4520.02022.2141111113003 112
2 3328 4 1 4523.38924.7371111103012 212
2 3643 2 1 0123.12523.9051011113036 122
2 3643 3 1 0122.74123.3821011113036 122
2 4591 3 1 4116.46118.4461111103040 212
2 4591 4 1 4116.12617.5071111113040 212
2 2105 4 1 5514.94016.3211111113021 322
2 4397 3 1 4115.17117.7051111113029 112
2 4397 4 1 4114.77016.5881111113029 112
2 2310 3 1 4114.879 0.0001155153029 112
2 2310 4 4 1114.64315.7281111113029 112
2 3089 3 1 4529.74331.9171111113019 912
2 1595 2 1 0115.64316.6721011113019 120
2 1595 3 1 0115.36716.2531011113019 120
2 3255 3 4 0525.76027.1811011113035 012
2 4695 2 1 0526.39428.0041011113025 122
2 1112 3 1 5514.135 0.00011555530499622
2 3197 3 1 55 4.115 4.5111111113022 222
2 7197 3 1 4519.18319.81011111130129610
2 3274 4 1 41 0.00013.3715511513038 212
2 3274 5 1 41 0.00013.3715511513038 212
2 3506 4 1 4520.23221.3121111113029 110
2 2676 3 1 4122.54224.3771111113029 210
2 2676 4 1 4122.93025.4891111113029 210
2  925 3 1 4521.82625.1571111113044 912
2 3130 3 1 0515.31117.1211011113044 120
2 6303 3 1 5510.58711.1601111113026 022
2 1646 3 1 4113.98115.1521111113044 112
2 1646 4 1 4113.96015.3831111113044 112
2 2192 3 1105 5.775 6.7891511193017 122
2 3689 5 1 4542.11645.2911511113018 212
2 4321 3 1 5520.158 0.0001155553039 122
2 2093 4 1 4143.73647.3461111113013 212
2 2093 5 1 4143.48446.8791111113013 212
2  841 3 1 4126.64028.4601111113013 112
2  841 4 1 4126.02427.1301111113013 112
2 8165 3 1 4520.37422.41511111130139612
2 5516 3 4 2128.96732.4311511113050 130
2 5516 4 4 2128.57731.6571511113050 130
2 2681 3 1 4116.92317.3671111113018 212
2 2681 4 1 4116.44816.5491111113018 212
2 3389 4 1 0529.53134.4001011113040 112
2 4367 4 1 4124.27126.5841111113008 212
2 4367 5 1 4123.80325.7261111113008 212
2 5562 3 1 4524.22525.9221111113026 212
2 3334 3 1 4521.80422.33911111130299612
2  445 3 1 4522.71724.1911111113029 112
2 1297 4 1 4529.924 0.0001155153031 212
2 2116 2 1 0520.60122.2781011113029 022
2 7560 3 1 4518.714 0.0001155553023 912
2 7513 3 1 0522.76726.76810111130379622
2 3292 3 4 8531.81236.9941111113037 031
2  134 3 1 4111.64712.4721111113027 112
2  134 4 1 4111.51412.2401111113027 112
2  829 3 4 0526.58331.1741011113003 130
2 7764 3 1 5515.13916.4981111513003 022
2 7729 3 1 4530.33534.3871511113003 112
2 1755 2 1 05 4.635 4.9381011113003 022
2 3019 4 1 4530.48433.2621111113040 110
2 3719 4 1 4111.07912.6681111113050 210
2 3719 5 1 4110.87512.0461111113050 210
2 7062 3 1 45 7.093 7.8971111113050 112
2 7576 3 1 41 6.259 7.0511111113050 112
2 7085 3 110514.17615.6361111113050 122
2 7576 4 1 41 6.300 0.0001155553050 112
2  516 4 1 4524.125 0.0001555153049 112
2 3107 3 1 4150.37656.1041111113038 312
2 3107 4 1 4149.01452.7931111113038 312
2 6511 3 3 4545.79447.3831111103013 132
2 3140 3 1 4137.43939.5041111113035 212
2 3140 4 1 4137.39739.9531111113035 212
2 1173 3 1 45 9.272 9.5541111113042 112
2  712 4 1 4133.95338.4631511513038 212
2 2603 3 1 65 8.066 8.5641111113014 122
2 6600 3 4 0119.71920.8211011113014 132
2  298 3 712525.70629.97611111130149641
2  712 5 1 4133.90339.1181511513038 212
2 6600 2 4 0119.07219.5991011113014 132
2  784 3 1 4514.11215.25811111130149612
2 4621 4 1 05 9.277 0.0001055553049 322
2 2440 3 1 4124.83726.4121111113034 212
2 2440 4 1 4123.72024.4081111113034 212
2  145 4 1 0523.83925.5931011113033 122
2 5788 3 1 4527.59429.4091111113006 112
2 3253 3 1 4116.44817.4621111113039 212
2 3253 4 1 4116.16717.0381111113039 212
2 5445 2 1 0517.15718.31810111130019622
2 7679 2 4 0516.79417.69210111130259632
2 6464 4 1 4525.81227.1921111113030 110
2 3240 3 1 4128.04131.6351111503024 112
2 3240 4 1 4127.25730.0941111113024 112
2 2054 4 1 4530.69136.4011111113028 112
2 6399 3 1 4517.55819.00811111030169612
2 3261 5 1 51 3.419 3.8811111113045 320
2 3261 4 1 51 3.445 3.9351111113024 320
2 5804 3 1 4539.85744.08311111130149612
2 5168 3 110523.54425.81111111130109622
2 8233 3 1 4126.45529.0121111113010 312
2 8233 4 1 4125.92728.1571111113010 312
2 7083 3 1 4128.19330.1191111513031 212
2 7083 4 1 4128.15730.5111111513031 212
2 5473 3 1 0114.52615.0681011113044 222
2 5473 4 1 0114.36914.6861011113044 222
2 2721 3 121517.29619.2411511113050 122
2 3777 4 1 4519.48722.3371111113050 212
2 1098 3 1 45 9.155 9.7681111113050 112
2 4241 3 1 4520.43922.3331111113050 112
2 3155 4 1 4532.79236.9321111113001 110
2 2503 3 1 4517.52718.8451111103016 012
2 2750 4 1 4517.65220.3241111113012 110
2 2969 3 1 51 5.818 6.4681111113037 422
2 2969 4 1 51 5.702 6.6341111113037 422
2 4637 4 1 51 6.021 6.6381111113026 222
2 4637 2 1 5124.82626.7761111113026 222
2 5604 2 1 0528.76831.4521011113035 122
2 2753 4 1 0144.88948.8601011113035 422
2 8180 2 7 0517.783 0.0001055553049 902
2 2753 5 1 0145.08549.8991011113035 422
2 2271 3 1 4524.31925.5581111113020 112
2 1560 5 1 4534.96436.2201111103020 210
2 2957 2 1 0526.50429.4041011113020 223
2 6551 3 4 25 8.108 8.99111111130409632
2 1402 2 4145 9.248 9.49311111930339632
2 5056 4 4 0532.73935.7281011113033 332
2 1702 2 4 1513.78115.2781111113038 032
2  823 4 1 4115.83416.3671111113038 212
2  823 5 1 4115.83416.3671111113038 212
2 6934 3 1 45 9.27810.3381511113013 012
2 2109 3 1 5520.51022.0751111113040 222
2 3559 3 1 45 6.969 8.1381111113010 912
2 6309 3 1 45 1.134 1.1831111113001 112
2 3574 4 1 5119.89822.3921111113001 322
2 4279 2 4 05 4.801 5.30210111130239632
2 3574 5 1 5119.76622.1191111113001 322
2 1043 3 1 5515.41917.0971111113045 022
2 1403 3 1 4535.41138.4171111113013 112
2 3804 3 1 4119.38521.7011111113042 112
2 3804 4 1 4119.01920.9621111113042 112
2 6713 4 1 4113.33115.2461111113042 312
2 6713 5 1 4112.91414.3551111113042 312
2 3254 3 1 4117.72219.1851111113044 112
2 4690 4 1 4518.66621.1511111113044 112
2 3254 4 1 4117.69619.4761111113044 112
2 5528 3 1 4520.51922.8081111113034 312
2 3504 3 1 4517.39318.1441111113023 112
2 3606 3 1 4120.17522.1271111113037 112
2 3606 4 1 4119.76221.0751111113037 112
2 2570 2 1 0547.442 0.0001055553047 122
2 7443 3 3 05 0.000 4.45750111130389640
2   41 3 1 7522.20723.0961111113020 112
2  874 3 1 4560.42863.1011111113020 312
2 4217 2 1 7519.91820.5821111113020 222
2 7212 4 1 45 4.617 5.0271111113015 112
2 1982 4 1 4524.24025.9601111113015 212
2  827 3 1 4521.24722.09511111130479610
2 4635 4 1 51 7.244 7.7231511113044 120
2 4635 3 1 51 7.318 7.7111511113044 120
2 5973 3 1 4153.45160.5601111103040 212
2 5973 4 1 4152.22957.0071111103040 212
2 6791 3 1 4534.31437.3291111113037 112
2 7162 3 1 4119.81021.5411111113003 110
2 7162 4 1 4119.66621.5691111113003 110
2 3584 4 1 4517.365 0.0001155553012 212
2 6291 3 1 4116.25417.3671111113012 210
2 6291 4 1 4116.03817.0111111113012 210
2 6267 2 1 0511.92113.13110111130129622
2 5839 3 1 4539.96043.3811111103004 912
2 4384 3 1 4522.93423.6481111103046 012
2  884 3 1 5110.24210.8091111513040 322
2  884 4 1 5110.18610.7171111113040 322
2 3028 4 1 4511.401 0.0001555553031 212
2 5328 3 1 4517.29117.9331111113037 012
2 1654 3 1 5520.16221.1881111113034 122
2 4098 3 1 4112.47813.3471111113035 110
2 4098 4 1 4112.32813.0911111113035 110
2 5587 4 1 4118.23219.1121111113002 212
2 5587 3 1 4119.24421.0441111113002 212
2 4790 3 1 4536.09139.9401111113002 012
2 6216 3 1 4528.32829.9441111113030 112
2 6491 3 1 4113.86914.7051111113030 112
2 6491 4 1 4113.86914.7051111113030 112
2 2784 5 1 4517.72820.3361111103039 212
2 5453 3 1 4124.80627.7921111103039 312
2 5453 4 1 4124.23826.2831111193039 312
2 5679 3 1 4127.35729.4281111113039 612
2 6995 3 1 4528.97130.1191111113039 312
2 5679 4 1 4127.51830.1561111193039 612
2 6078 3 1 5521.70124.8231111113001 420
2 5442 3 1 4530.21832.7201111103017 112
2 7303 3 1 4131.16833.1571111113044 112
2 7303 4 1 4130.29531.3981111113044 112
2 4623 3 1 4525.30126.8351111113010 112
2 7326 2 4 0120.202 0.0001055553031 132
2 7326 3 4 0119.811 0.0001055553031 132
2 5506 2 1 0524.782 0.0001055153023 122
2 7261 3 1 45 8.058 8.4621111113021 112
2 4333 3 1 4123.02727.0661111113021 112
2 3827 3 1 4524.87926.2991111113044 912
2 4333 4 1 4121.62723.8961111113021 112
2 6024 4 1 4543.359 0.0001155553031 210
2 5040 4 4 1525.07627.6221511113038 112
2 4361 3 7 8120.23822.2351111193014 141
2 4361 4 7 8126.27328.7941111193014 141
2 6544 2 1 0516.34417.1371011113014 022
2 2882 4 1 4519.65921.2381111103044 112
2 7571 5 1 4532.18335.8771111103037 212
2 2928 2 1 0117.13618.8271011113050 122
2 2928 3 1 0116.84218.0371011113050 122
2 2896 2 1 05 1.579 1.7251011113014 222
2 2371 3 1111 2.626 2.7971111113018 222
2 7301 4 1 4118.60019.7841111113018 112
2 2371 4 1111 2.623 2.8301111113018 222
2 7301 3 1 6118.86220.2811111113018 112
2 3960 4 1 4522.11825.6931111113050 112
2 6549 4 1 4567.92272.5151511103003 212
2 4840 3 1 4126.02029.9561111113003 112
2 4840 4 1 4125.86629.5901111113003 112
2 7158 3 1 4538.68338.9521511113010 112
2 1473 3 110528.05530.6911511113010 122
2 1384 3 7 8542.00843.16911111130109641
2 4850 3 1 4519.30320.4301111113044 112
2 1366 3 1 4118.483 0.0001555553015 112
2 1366 4 1 4118.464 0.0001555553015 112
2 2940 3 1 4520.507 0.0001155553042 910
2 6798 3 1 0127.68131.2631011113035 122
2 6469 3 1 0518.95220.5121011113035 121
2 6798 2 1 0126.85828.9251011113035 122
2 5708 3 3 6522.23325.18111111130379640
2 5982 3 1 4524.52226.90611111130119612
2 5013 4 1 4114.53515.5351111113014 112
2 5013 3 1 4114.89116.1161111113014 112
2 7324 3 1 4121.64123.9721111113033 112
2 7324 4 1 4121.61824.2851111113033 112
2 4758 3 1 4518.07118.6791111113020 112
2 6371 3 1 4527.42629.8751111113022 012
2 6678 3 113529.93736.4961111113034 222
2 2904 3 4 1118.27520.2801111513043 212
2 2904 4 4 1117.72518.9831111103043 212
2 4768 4 1 4519.69822.7251511113003 112
2 3320 3 1 4510.37911.2261111113027 112
2 4063 3 1 4533.44835.2631111513041 110
2 2792 3 1 4118.30920.2151111103045 212
2 2792 4 1 4118.07619.7671111103045 212
2 1942 3 1 55 1.037 1.0591111113022 222
2 1376 2 1 01 2.708 3.1821011593022 122
2 1376 3 1 01 2.631 3.0091011513022 122
2 1307 3 1 41 1.037 1.0591111113034 112
2 1307 4 1 41 1.037 1.0591111113034 112
2 2419 2 1 05 1.684 1.8641011113034 222
2 1670 3 110527.61729.24311111130349622
2 1212 2 1 0120.48922.9591011113002 122
2 1212 3 1 0120.61623.6211011113002 122
2 1207 4 1 0130.92932.0711011113045 322
2 2149 4 1 5517.31219.0411111113045 122
2   94 3 1 45 9.078 9.9561111113035 112
2 7913 3 4 1123.03523.9711111113045 312
2 1207 6 1 0130.60731.8661011113045 322
2 7913 4 4 1123.03523.9711111113045 312
2  540 3 1 4137.89841.5851111113007 112
2  540 4 1 4136.30838.3681111113007 112
2 1916 2 1 7565.28472.5151111103039 022
2 1992 3 1 4520.10620.6301111113039 012
2  142 2 1 01 7.544 9.0651011113039 120
2  142 3 1 01 7.589 9.3681011113039 120
2  777 41417567.92272.5151111113026 220
2 2861 3 1 4118.72119.4921111113027 112
2 2861 4 1 4118.705 0.0001155553027 112
2 3113 2 1 05 3.029 3.2341011113038 122
2 4684 3 1 4123.72524.9521111113008 112
2 4684 4 1 4123.43624.5001111113008 112
2 5188 3 1 4520.55523.7581111113009 012
2 3009 3 1 45 5.973 6.4531111113025 912
2 5057 2 1 0542.15355.22310111130429620
2 3289 3 1 4112.65514.6391111113042 212
2 3289 4 1 4112.16013.3401111113042 212
2 4159 3 1 4527.42329.7031111113032 112
2 4329 3 1 4514.86216.9711111113037 112
2 5687 4 1 4526.471 0.0001555553042 112
2 3040 3 4 0130.78832.2171011113033 132
2 3040 4 4 0130.90732.7441011113033 132
2 6759 3 1 5533.49228.3291111513044 020
2 2696 3 1 4527.325 0.00015555530319610
2 5558 2 1 0150.12454.4991011113044 220
2 5558 3 1 0149.38551.9101011113044 220
2 2372 3 1 4524.38926.1451511113029 010
2 6452 3 1 0527.10527.9221011113009 921
2 6116 3 1 4533.37134.3051111113029 110
2 6408 4 1 4523.86322.9661111113029 110
2 1687 2 1 0538.24341.5611011113029 220
2 1470 2 1 0563.34265.0001011113029 020
2 5003 4 1 4557.52059.4721111113009 112
2 6967 3 4 1524.88524.7451111513043 010
2 5273 3 4 1135.92837.0421111113016 310
2 5273 5 4 1135.92837.0421111113016 310
2 7006 4 4 1541.97142.1341111113044 210
2 6133 2 1 0116.12717.5431011113015 120
2 6133 3 1 0116.12717.5431011113015 120
2 5893 3 1 4529.78331.6391111113042 112
2 6720 3 1 4525.41129.5261511113042 111
2 8106 5 1 4518.38820.6071111113025 210
2 4815 3 1 4537.66739.6971111113016 110
2 5014 2 1 0534.74134.2431011103036 120
2 1248 3 1 4539.23837.7191111113003 910
2 1358 3 1 4144.78445.7171511113011 210
2 1358 4 1 4142.95243.4411511113011 210
2 4176 3 1 4543.03143.0271111113003 110
2 2078 3 1 4535.91337.3401111103019 012
2 3368 6 1 0522.27423.4631011113035 211
2 6061 3 1 4533.03933.2231111113025 110
2 7668 4 1 4523.39025.2161111113026 110
2 5718 2 1 0545.86946.5711011113039 020
2 2738 4 4 0565.93266.8831011113020 230
2 6609 2 1 0122.10722.7431011113026 120
2 6609 3 1 0121.82622.3811011113026 120
2 3936 3 4 1521.20222.4051111113026 310
2 5358 3 1 4121.45023.3451111113035 210
2 5358 4 1 4121.41323.7451111113035 210
2 6585 3 1 4554.80655.5971111113026 110
2  650 3 1 0520.80221.6951011113035 120
2 6571 3 1 4522.40323.0461111113025 110
2 1312 3 1 4545.32246.9141111113035 210
2 7466 5 1 4145.20547.1651511113025 410
2 7466 6 1 4144.60447.2531511113025 410
2 7552 3 1 4132.62231.6391111113026 110
2 7552 4 1 4133.20032.6971111113026 110
2  660 3 1 4120.67719.9401111113030 110
2  660 4 1 4121.40820.7051111113030 110
2 7831 3 4 1535.46437.4111111113008 012
2 3547 3 114520.80321.6311111113030 120
2 6736 2 1 0527.78229.5941011113029 020
2 4504 4 1 4146.33349.9491111113015 410
2 4504 5 1 1144.99547.0821111113015 410
2 1300 3 1 0119.06021.2791011113015 310
2 1300 5 1 0118.00519.9551011113015 310
2 6987 3 4 1525.39527.2381111113034 010
2 3379 3 114565.12270.0921111113047 220
2 3597 4 1 4567.92272.1751511113031 310
2 3721 6 1 4534.93535.4121511113031 310
2 7595 4 1 4535.70338.1171111113025 210
2 7272 5 4 1563.607 0.0001155553049 210
2 6641 3 1 6520.03720.1201111113030 210
2 2439 4 1 4548.70948.1381111113035 111
2 3129 4 1 4551.18651.9891511113030 212
2 3391 6 1 4567.92269.6701111113035 310
2 7836 3 1 4122.345 0.0001155553030 210
2 7836 4 1 4121.44922.3681111113030 210
2 5016 6 1 4544.55144.5831111113030 310
2 8182 3 1 4122.19522.3731111113030 110
2 8182 4 1 4121.91322.4101111113030 110
2 5305 3 1 4563.30067.7901111113035 110
2 3451 3 1 4522.34524.1141511113030 110
2 2386 3 1 4522.93323.7451111113035 910
2 2450 3 1 4522.19522.3731111113035 910
2 6582 3 1 4121.72121.7991111113030 210
2 6582 4 1 4121.28421.2771111113030 210
2 4852 6 1 4543.59243.4501111113033 510
2 6045 5 1 4557.33359.3621511113008 310
2 6634 3 1 4163.51372.2841111113035 110
2 6634 4 1 4159.67665.9491111113035 110
2 6069 3 4 1124.82825.1271111103035 110
2 6069 4 4 1124.76625.6461111103026 110
2 5329 3 1 0167.92272.5151011113016 320
2 5329 4 1 0167.92272.5151011113016 320
2 6151 5 4 1564.49471.7941111103015 310
2 7109 3 1 5523.18822.8631511113036 222
2 4578 3 1 4143.31138.3171511113011 110
2 4578 4 1 4140.89836.1471511113011 110
2 4074 3 1 4139.56741.9221111113026 110
2 4074 4 1 4136.45937.7241111113026 110
2 7777 3 1 0520.24520.3711011513035 110
2 8098 4 1 0551.83053.1581011113025 320
2 6998 4 1 4520.72520.6021111113035 210
2 7323 5 1 4534.865 0.0001555553049 210
2 6323 4 114167.92272.5151111113035 720
2 6323 6 114167.92272.5151111113035 720
2  691 3 1 4522.93323.7451111113035 210
2 5836 3 1 4130.40232.2941111113030 210
2 5836 5 1 4130.58531.0651111113030 210
2  336 3 4 9127.45428.2281111103015 530
2  336 5 4 9126.89027.4931111103015 530
2 5156 2 1 0524.42028.5771011113015 020
2 5628 2 1 0518.43320.6191011113015 120
2 1797 3 1 7520.58721.1551111103015 322
2 7542 3 4 1126.73126.8851111113015 110
2 7542 4 4 1126.07926.1021111103015 110
2 3979 3 4 1146.60348.1691111113036 122
2 3979 4 4 1144.04243.9371111113036 112
2 3588 4 1 7523.40424.0161111113031 021
2 4424 3 1 4136.33943.6471111113025 110
2 4424 4 1 4134.36039.0551111113025 110
2 3576 4 1 4522.44622.6821111113035 110
2 3940 3 1 4122.26222.8701511113030 510
2 3940 4 1 4121.52022.2871511113030 510
2 4103 3 1 4133.97436.5211511113030 212
2 4103 4 1 4132.35134.0881511113030 212
2 3636 6 1 4554.20755.2871111113030 310
2 4972 3 1 5122.31821.9671111113030 320
2 4972 4 1 4122.27622.2921111113030 310
2 4775 3 1 4531.70332.6531511113035 310
2 3966 5 7 0556.01060.31710111930309641
2 4128 4 1 4522.47025.0121511113030 110
2 3888 3 1 4521.68322.1141511113030 210
2 8246 4 1 4525.865 0.0001555553031 110
2 3967 3 1 4527.56529.2681111113009 110
2 4560 2 1 0540.77644.5001011113044 020
2 6581 3 1 4553.79554.0321111113036 110
2 6459 3 1 5551.44251.2371111113036 020
2 1405 3 1 4124.16023.3041511113011 210
2 1405 4 1 4122.71021.7551511113011 210
2 7940 2 1 0124.13925.9321011113026 220
2 7940 4 1 0122.98823.7931011113026 220
2 7588 3 1 4121.44922.3681511113025 110
2 7588 4 1 4121.20222.4051511113025 110
2 1547 3 1 4521.20222.4051111113025 210
2 6506 3 1 4535.48738.5811111113026 010
2 7203 3 4 1129.70035.4571511113008 110
2 7203 4 4 1127.14931.2611511113008 110
2 6397 7 1 4553.21153.1931111113035 510
2 6363 5 1 4562.19764.7421511113030 410
2 5689 3 7 85 2.260 2.52611111130159632
2 6900 2 1 05 4.196 4.4431011513040 322
2 8061 3 1 51 3.002 0.0001555153031 222
2 8061 4 1 51 2.786 0.0001555153031 222
2 4888 3 1 05 6.326 6.4381011113040 221
2 5470 3 1 05 6.778 7.2731011113040 221
2 6863 5 7 85 4.693 5.08611111130409641
2 4799 2 3 75 4.255 4.52111111130409640
2 7054 3 1 05 6.492 6.5501011113019 220
2 5532 2 1 05 2.955 3.0791011113019 222
2 4908 2 7 05 4.518 4.70910111130199640
2 5779 2 1 05 4.204 4.5011011103040 020
2 5454 2 1 01 4.786 5.1271011513040 220
2 5454 3 1 01 4.893 5.4001011513040 220
2 4242 3 1 01 9.88610.2701011113040 220
2 4242 4 1 01 9.87210.4001011113040 220
2 2749 2 1 01 3.909 4.1281011113001 522
2 2749 4 1 01 3.859 4.0491011113001 522
2 2995 3 1 55 2.698 2.9671111113040 122
2 2334 2 1 01 3.748 3.9581011113016 222
2 2334 3 1 01 3.703 3.8461011113016 222
2  543 3 1 05 5.061 5.6921011113016 012
2 6513 7 1 75 9.257 0.0001155153031 412
2 5684 4 1 05 5.737 0.0001055553031 222
2 2617 3 1 05 6.621 6.9891011513024 320
2 7530 4 1 45 4.222 4.5301111513040 110
2 2974 2 1 05 4.320 4.6711011113016 122
2 1124 3 1 45 4.660 5.05011111130409610
2 1136 213175 6.072 6.64911111130249640
2 7259 2 1 01 6.770 7.3831011113001 322
2 1437 2 1 01 8.533 9.2391011113001 322
2 7259 3 1 01 6.725 7.3021011113001 322
2  811 2 1 05 3.959 4.2301011513024 022
2 1437 5 1 01 8.156 8.5081011113001 322
2 4412 4 1 45 3.422 3.7651511113024 212
2 1617 2 1 05 2.246 0.00010555530019622
2 2255 2 1 05 5.801 6.3271011513040 122
2 5709 2 1 05 3.622 3.6061011113017 222
2 1555 3 1 55 2.966 3.0521111113017 122
2 4699 2 1 05 4.887 5.52810111130489620
2 2690 2 1 01 4.026 4.2751011113048 122
2 2690 3 1 01 3.959 4.1191011113048 122
2 3671 2 1 01 3.029 3.1811011113024 222
2 3671 3 1 01 2.987 3.1181011113024 222
2 6833 2 1 05 5.437 0.0001055553031 122
2 2040 3 4 15 4.317 4.4701111113011 910
2 4848 2 1 01 4.836 5.4891011113011 120
2 4848 3 1 01 4.726 5.2991011113011 120
2 7239 3 1 01 3.046 3.1141011113018 320
2 6882 2 1 05 3.000 3.19310111130119620
2 7239 4 1 01 3.046 3.1141011113018 320
2 5235 4 4 95 0.000 1.9465511513038 130
2 2065 2 1 05 1.916 2.0891011113019 122
2  253 2 1 0512.44113.3981011113010 022
2 7632 2 1 05 5.755 5.8291011113023 122
2  276 2 1 05 4.453 4.2951011103023 022
2 4455 2 1 0110.79611.7221011113033 120
2 4455 3 1 0110.47811.1551011113033 120
2  909 3 1 41 4.124 4.1681111113008 212
2  676 3 1 41 5.385 5.4731111113008 210
2  909 4 1 41 4.080 4.1741111113008 212
2  653 3 1 51 6.888 7.4661111113008 322
2  653 4 1 51 6.888 7.4661111113008 322
2  676 4 1 41 5.246 5.2971111113008 210
2 4688 3 4 15 2.853 2.9841511113047 110
2 1171 5 1 41 4.760 4.7551111113036 210
2 1171 3 1 41 4.845 4.8561111113036 210
2 5261 3 1 05 4.611 5.0161011113033 910
2 3190 2 1 05 3.060 3.3591011113016 122
2 5783 4 1 41 5.262 5.2231111113003 210
2 5783 5 1 41 5.231 5.1871111113003 210
2 6526 4 1 55 5.953 6.1981111113010 122
2 1876 4 1 7510.35511.5811111513010 121
2 5064 6 1 4510.37211.0881511113001 512
2 5662 2 1 05 2.951 3.0991011113006 122
2 5731 3 1 01 4.733 4.8621011113006 222
2 5731 4 1 01 4.733 4.8621011113006 222
2 4487 2 1 05 2.047 2.0341011113006 222
2 4511 3 1101 3.301 3.2881111113003 322
2 4511 4 1101 3.322 3.3531111113003 322
2 4711 411 01 7.963 9.1801011193008 242
2 4711 211 01 2.494 2.8181011113008 242
2 5248 3 1 55 1.037 1.0591111113011 122
2 2216 2 1 01 3.333 3.4801011113010 122
2 2216 3 1 01 3.326 3.5391011113010 122
2 1785 2 1 01 7.297 7.5151011113010 122
2 1785 3 1 01 7.150 7.3211011113010 122
2 4571 5 1 05 4.917 5.0521011113023 212
2 6557 2 1 05 3.643 3.7481011113031 022
2 7848 4 1 51 2.973 3.0101111113019 322
2 7853 4 1 45 3.352 3.3791111103017 112
2 7276 3 1 45 2.820 2.8891111113019 112
2 7848 3 1 51 3.079 0.0001155553031 322
2 7639 3 1 55 2.139 2.1741111113033 220
2 2862 2 1 05 4.704 5.0581011113010 022
2 1093 3 1135 8.135 8.3481111113010 122
2 2845 2 1 05 5.179 5.8441011113010 120
2 1561 2 1 05 3.613 3.7121011113040 220
2 2473 4 2 05 1.037 1.0591011193026 132
2 5180 2 1 05 2.386 2.4351011113001 020
2 5545 2 1 51 4.617 5.0541111113040 220
2 5545 3 1 51 4.566 4.9731111113040 220
2 4031 3 1 75 1.626 1.6871111113019 021
2 3909 2 1 05 1.037 1.0591011113017 122
2 3286 2 1 05 2.884 2.81810115930179622
2  984 2 1 05 4.494 4.98410115130019620
2 1637 2 1 05 4.351 4.5661011113016 920
2 6369 3 1 41 3.005 3.1781511113022 110
2 6369 4 1 41 2.979 3.1391511113022 110
2 6831 2 1 01 4.022 4.3641011113022 220
2 6831 3 1 01 3.926 4.1431011113022 220
2 3383 3 1 01 7.705 7.7781011513012 220
2 3383 4 1 01 7.637 7.6951011513012 220
2 2411 3 1 05 1.890 1.9441011113025 120
2 2688 3 1 41 2.833 2.8991111113025 210
2 2688 4 1 41 2.831 2.9201111113025 210
2 4928 2 1 75 4.102 4.2361111113005 921
2 4898 3 1 51 4.177 4.4141111113005 122
2 4898 4 1 51 4.057 4.2431111113005 122
2 2682 2 1 01 2.816 3.0051011113005 222
2 6876 3 1 45 3.158 3.2011111113005 112
2 7295 3 1 45 4.010 4.0821111593010 212
2 2682 3 1 01 2.693 2.8221011113005 222
2 1829 3 1 5537.170 0.00011555530319620
2 2798 3 3 65 1.142 1.19911111130059640
2 2266 4 4 05 4.540 5.0001011113010 110
2 6202 3 1 05 3.395 3.4871011113017 221
2 2291 2 1 05 5.094 5.0331011113006 122
2 2816 3 1 75 2.261 2.33611111030069621
2 5502 2 1 05 2.327 2.28510111130069622
2 6938 4 1 45 4.235 4.8531111113008 112
2 6706 2 1 05 2.665 2.7201011113006 022
2 2087 3 1 45 6.976 7.4521111113008 012
2 4750 3 1 45 5.572 6.0311111113008 012
2  828 2 7 05 4.519 5.04610111130089641
2  239 2 7 05 6.637 7.41110111130089641
2 2916 3 1 01 5.530 5.7561011113008 220
2 2916 2 1 01 5.583 5.8301011113008 222
2 6381 2 3 05 5.126 5.4811011113022 141
2 2389 2 1 05 2.086 2.2651011193016 120
2 5247 2 1 05 3.673 3.7731011113017 022
2 3778 4 1 0511.73013.0901011113042 222
2 8034 2 1 01 5.257 5.4741011513024 122
2 8034 3 1 01 5.065 5.2041011513024 122
2 6094 2 1 05 1.037 1.05910115130379620
2 1747 2 1 01 3.728 3.9511011513033 222
2 1747 3 1 01 3.724 3.9961011513033 222
2 7810 3 1 45 2.515 2.5201111103047 010
2 1198 2 1 05 3.085 3.1491011113003 122
2  797 3 1 45 2.157 2.1671111113003 012
2 5732 2 1 05 1.714 1.7551011113003 122
2 5997 5 7 15 4.475 4.8401111113010 021
2 6508 4 1 45 3.819 4.0741111103006 212
2 1983 2 7 05 5.129 5.25210111130069641
2 1994 3 1145 4.432 4.6181111113006 220
2 1143 4 7175 2.303 2.4211111113039 141
2 1909 2 1 05 3.559 3.5781011113006 922
2 2114 6 1 01 9.170 9.6831011513017 520
2 2114 7 1 01 9.240 9.9581011513017 520
2 7619 2 4 05 2.616 2.7131011513001 230
2 7617 411125 7.713 8.1751111113017 542
2 6825 3 1 45 2.810 2.9171111113019 012
2 2157 4 1 0110.59111.0851011113012 422
2 2157 5 1 0110.32610.7081011113012 422
2 3104 3 1 45 2.160 2.1841111113022 212
2 6391 2 1 05 3.441 3.3941011113023 022
2 4644 4 1 45 3.630 3.7521111113023 112
2 7606 3 1 01 3.667 3.6561011113020 222
2 7606 4 1 01 3.632 3.6611011113020 222
2 2942 3 1 45 2.768 2.9381111113007 212
2 5475 2 1 01 2.673 2.7501011113012 320
2 4482 3 1 45 5.183 5.5181111113023 910
2 5475 3 1 01 2.650 2.7191011113012 320
2 3969 3 7 81 1.387 1.4451111113034 201
2 5186 2 1 55 1.125 1.1511111113034 122
2 3969 4 7 81 1.037 1.0591111113034 201
2 6907 3 2 05 1.037 1.0591011113034 132
2 6476 2 1 05 5.970 5.9201011113035 020
2 4327 2 1 05 6.204 6.50910111130299622
2 7569 2 4 01 3.887 3.8731011113001 230
2  507 3 1 01 5.531 5.5821011113012 220
2  507 4 1 01 5.531 5.5821011113012 220
2 7569 3 4 01 3.799 3.8111011113001 230
2 3048 4 1 75 6.219 6.8541111113007 121
2 2198 3 1 45 6.058 6.28811111130079612
2 2524 6 1 45 8.827 9.2121111113007 310
2 2226 2 1 05 3.131 3.0231011113007 122
2 6029 2 1 05 3.395 3.2801011113039 022
2 4462 3 1 45 2.072 2.0821111113006 212
2 4505 2 1 05 2.834 2.7891011113006 222
2 4542 2 1 05 2.856 2.8521011113006 322
2 5185 2 1 05 5.696 5.9901011113008 120
2 2605 4 1135 9.255 9.8091111113006 422
2 1186 3 7 0512.32213.5941011513042 501
2 1040 2 1 05 6.167 6.6221011113042 920
2 4209 4 1 05 6.658 6.8521011113016 220
2 6576 2 1101 9.203 9.9781511513016 222
2 6576 3 1101 9.134 9.8601511593016 222
2 6627 3 1 45 3.527 3.7671111103016 112
2 7348 5 1105 7.607 7.9731111113016 220
2 3850 4 1 55 7.271 7.7381111113023 320
2 5614 4 1135 6.430 6.7901111113039 220
2 4508 2 1 05 3.706 3.80410111130039623
2  938 317185 4.320 4.6591111113024 000
2  787 3 1 05 2.697 2.7861011113004 120
2 5969 3 1 55 4.002 4.3631111513024 220
2 1571 3 1 05 5.985 6.4091011113016 122
2 3918 2 1 05 1.579 1.6721011113037 022
2 6930 3 1 05 4.165 0.0001055553043 322
2 5895 2 1 05 5.871 6.26310115130379620
2  127 3 1 41 8.367 9.0851111113037 210
2 3988 2 1 01 2.945 3.2501011113003 222
2  127 5 1 41 8.325 9.0941111113037 210
2 3988 3 1 01 2.865 3.0581011113003 222
2 4547 3 1 41 3.055 0.0001155553049 112
2 4547 4 1 41 2.923 0.0001155553049 112
2 2062 4 1135 7.514 7.4241111113036 222
2 2925 2 1 05 1.136 1.1981011113014 022
2 5563 3 4 25 2.660 2.6421111113048 232
2 5403 4 1 55 4.432 4.6181111113048 122
2 6660 2 7 05 3.195 0.0001055553049 042
2 6573 2 1 0510.38311.4781011513016 121
2 5390 2 1 05 2.894 2.9281011113003 120
2 7407 3 1 05 3.828 3.9521011113011 120
2 4086 2 3135 3.568 3.6101111113003 120
2 4696 4 1 45 5.949 6.1171111113011 112
2 6112 8 1 0512.33512.7161011113017 421
2 6194 3 1 41 2.083 2.1461111113017 222
2 7814 2 1 05 2.784 2.9311011113001 122
2 6194 4 1 41 2.030 2.0761111113017 222
2 6975 6 1 4535.68337.7761111193044 312
2  960 2 8 05 6.863 7.60710111130299641
2 4608 3 1 41 3.284 3.3321111113023 112
2 4608 4 1 41 3.132 3.1131111113023 112
2 5263 2 1 05 7.754 7.8841011113016 020
2 7494 4 1135 8.693 9.6031111113037 320
2 2669 4 1 05 5.913 0.0001055553049 122
2 5132 2 1 01 4.730 5.0631011113023 120
2 5334 3 4 05 4.267 4.3901011193010 230
2 5132 3 1 01 4.692 5.0031011113023 120
2 7957 2 1 01 6.974 7.4951011113007 422
2 5262 3 7 85 3.705 3.6781111113007 001
2 7957 4 1 01 6.772 7.1881011113007 422
2 4994 2 1 05 4.270 4.5061011113023 220
2 6006 2 1 05 9.712 9.6951011113007 022
2 8065 2 1 01 3.132 3.2231011113023 122
2 8065 3 1 01 3.102 3.1851011113023 122
2 7341 4 1 05 9.134 9.2981011113007 220
2 3502 2 1 01 4.064 4.3481011513012 121
2 3502 3 1 01 3.992 4.2371011113012 121
2 6492 2 1 0510.86111.9901011113008 022
2 1087 3 1 45 3.932 4.0031111103006 012
2 7903 3 1 05 5.187 5.1381011113006 021
2 7697 3 1 55 5.102 4.9791111113039 122
2 6680 2 4 01 5.581 5.6981011113035 130
2 6680 3 4 01 5.517 5.5711011113035 130
2 5078 2 1 05 5.932 6.3151011113022 322
2 4960 3 2 45 1.893 1.9311111113031 232
2 6773 4 1 01 6.738 7.0641011113022 322
2 6773 3 1 01 6.829 7.0511011113022 322
2 1804 3 1 01 6.096 6.2781011113006 222
2 1804 2 1 01 2.740 2.8901011113006 222
2  171 2 1 05 2.675 2.7561011113006 322
2 1886 2 1 05 5.538 6.1281011113042 222
2 4583 3 1 05 4.372 5.0051011113040 120
2 4148 213 01 4.406 4.8851011113040 240
2 4148 313 01 4.387 4.8401011113040 240
2 3954 2 1 05 2.927 3.2141011113040 120
2 6405 317 05 3.057 0.00010555530319640
2 1748 2 1 05 3.702 3.74010111130079620
2 2067 3 1 45 3.681 3.8001111113016 910
2 3227 3 1 45 3.616 0.0001555553031 910
2 2056 3 1 4514.90415.6541511103016 222
2 5391 3 1 0512.13512.8931011113008 122
2 3866 3 1 05 4.137 4.3941011113008 122
2 8009 2 1 01 4.294 0.0001055153023 120
2 8009 3 1 01 4.175 0.0001055153023 120
2   72 5 1 45 5.573 6.0371111113037 510
2  993 2 1 01 3.271 3.4321011113037 122
2  466 2 1 05 5.044 5.3841011113037 222
2  993 3 1 01 3.257 3.4091011113037 122
2 4713 3 1 55 2.815 2.8851511113003 320
2 2348 3 1 65 7.525 8.13711111130489622
2 5775 3 1 45 2.005 2.1471111113048 912
2 6734 3 1 45 4.784 4.9381111113040 212
2 6238 4 1 01 4.724 4.7451011513037 222
2 2458 3 1 05 4.255 4.4721011513037 222
2 2533 2 7 0514.21714.62910111130379641
2 6238 2 1 01 4.786 4.7751011513037 222
2 7224 3 1 45 1.750 1.8041111113005 110
2 5664 2 1 01 2.205 2.2551011113005 120
2 4958 3 1 45 2.874 3.0161111113005 110
2 5664 3 1 01 2.127 2.1301011113005 120
2 7816 4 1 45 5.277 5.5171111113012 210
2 4512 2 1 01 3.584 3.7531011113026 222
2 4512 3 1 01 3.494 3.5821011113026 222
2 7648 3 1 01 5.837 6.2371011113016 120
2 7648 2 1 01 6.110 6.8181011113016 120
2 4296 3 1 51 0.000 2.6725111513002 322
2 6168 3 1 41 7.699 7.7811111113023 212
2 4813 3 1105 3.594 3.7241111113002 122
2 4296 4 1 41 0.000 2.5625111113002 312
2 6168 5 1 41 7.453 7.4081111113023 212
2 4429 3 1 6511.01011.5741111113001 322
2  872 4 1 41 4.159 4.2881511113033 212
2  872 3 1 41 4.245 4.4101511113033 212
2 7226 3 1 01 5.779 6.2701011113007 222
2 7226 4 1 01 5.477 5.7131011113007 222
2 7549 3 1 45 2.273 2.2801111103012 012
2 5205 3 1 45 1.930 1.9511111113006 012
2 1676 3 1 41 3.066 3.0421111103008 112
2 1676 4 1 41 2.972 2.9361111103008 112
2 1601 2 1 05 5.137 0.0001055553049 120
2 5327 4 1135 4.739 4.6421111113008 220
2  259 2 1 05 2.790 2.8551011113008 122
2 1268 3 1 41 3.684 3.9891111503022 110
2 1268 4 1 41 3.559 3.7311111103022 110
2 1039 3 1 45 3.521 3.55211111030199610
2  970 2 1 0512.16713.3091011513024 220
2 1395 4 1 05 2.212 2.4401011513016 220
2 1193 2 1 01 4.755 5.0051011113016 222
2  892 3 8115 3.907 4.3111111113016 140
2 1193 3 1 01 4.641 4.8281011113016 222
2 4995 2 1 05 5.872 0.0001055553016 222
2  566 3 1 41 1.784 1.9121111113022 212
2 5685 4 1 55 1.381 1.3311111103022 222
2  566 5 1 41 1.723 1.8181111113022 212
2 1530 2 7 05 1.037 1.0591011113022 122
2 7861 4 1 45 5.570 5.5211511113017 210
2 6795 3 3 01 3.609 3.8841011113026 400
2 6795 4 3 01 3.238 3.4201011113026 400
2 7115 2 1 01 1.881 1.9211011113026 222
2 7115 3 1 01 1.873 1.9101011113026 222
2 3565 2 1 05 1.787 0.0001055153026 120
2 7074 3 1 45 4.071 4.2111111113029 110
2  856 4 1 75 4.039 4.1801111113019 121
2  778 2 1 01 6.436 6.9391011113003 122
2  778 3 1 01 6.384 6.8541011113003 122
2 3912 3 1 55 4.725 5.0231111113023 122
2 4405 2 1 75 6.180 6.7111111113042 022
2   74 3 1 45 4.318 4.5791511113037 010
2 5195 3 114110.50911.0611111113048 222
2 5566 3 1 45 4.293 4.5621111113048 012
2 5339 3 1 05 7.103 7.7131011113048 122
2 5195 4 114110.31510.7601111113048 222
2 5994 2 1 05 7.064 7.6381011113048 322
2 5388 5 1 45 4.286 4.4591111113012 212
2 8016 3 4 15 2.920 3.0851511113007 012
2 1052 3 1 55 3.413 3.3631111113006 122
2 7015 2 1 01 3.273 0.0001055553049 220
2 1322 2 7 01 2.567 2.7461011113039 321
2 7015 4 1 01 3.071 0.0001055553049 220
2 1322 3 7 01 2.564 2.7821011113039 321
2 6082 4 1 55 3.500 3.5241111513039 120
2 1984 4 1 41 6.321 7.0301511113041 212
2 1984 3 1 41 6.455 7.2621511113041 212
2 5147 217175 4.312 4.5681111113046 142
2 5938 4 1 05 8.951 9.1881011113046 220
2 5807 2 1 05 4.204 4.5011011113024 022
2 7694 3 1 45 4.149 4.3581511513024 112
2 7953 2 1 05 2.234 2.3811011113022 122
2 5572 2 1 05 2.883 2.8551011113034 020
2 7027 2 1 05 3.931 4.0341011113034 222
2 2474 3 1 45 4.244 4.4781111113046 012
2  235 2 1 75 8.449 9.4461111113022 122
2 3614 2 1 05 4.137 4.3041011113016 020
2 3284 6 1 05 6.401 7.0641011113037 420
2 2555 2 1 05 6.210 6.6511011103037 020
2 4143 2 1 05 4.446 4.5251011113022 020
2 6735 2 1 05 3.521 3.5521011113003 120
2 8104 4 1 45 9.694 0.0001155153031 312
2 4491 3 1 05 3.600 3.5021011113007 122
2 1327 3 711510.38611.6021111113022 101
2  502 2 7 85 4.403 4.7021111113022 122
2 3580 3 1 75 6.658 7.1541111113022 121
2 1692 2 1 75 5.559 6.0381111113022 122
2  386 2 1 05 4.628 4.7401011113022 022
2  320 6 1 75 5.485 5.90811111130229641
2 2170 3 1 45 4.376 4.9001111113022 012
2 2102 2 1 05 7.144 6.8551011113022 020
2 7532 4 1 05 1.079 1.1121011513017 222
2 5785 2 7 05 4.612 4.6761011193017 001
2 8150 3 3 05 4.649 4.54510115130179640
2 7687 5 1 41 5.459 0.0001155553033 410
2 6114 3 1 81 3.476 3.3341111113033 121
2 7687 6 1 41 5.345 0.0001155553033 410
2 6114 2 1 81 3.636 3.5391111113033 121
2 4849 2 1 05 5.553 5.6351011113011 020
2 6838 3 1 45 4.471 4.8721511113050 112
2 4032 4 1 45 4.345 4.5741111113005 112
2  344 3 1 55 2.929 3.03315111130059622
2 2988 3 1 01 4.233 4.3291011113001 112
2 2988 4 1 01 4.153 4.1801011113001 112
2 4509 2 1 01 9.13910.2451011113005 322
2 4509 3 1 01 8.838 9.5481011113005 322
2 7423 2 1 05 4.201 4.3401011113008 122
2 1160 9 1 4116.999 0.0001155553049 612
2 1160 8 1 4117.704 0.0001155553049 612
2 5690 2 1 05 3.927 4.1601011113042 222
2 2923 3 1 45 2.167 2.3161111113042 912
2 3939 2 1 05 3.760 4.02810111130159622
2 5096 3 1 05 4.166 4.4341011113048 220
2 3654 2 1 05 2.768 2.7861011113005 122
2 3899 3 1 45 5.004 4.9591511113034 112
2 4312 2 1 05 3.026 3.2331011113011 122
2 5051 2 1 01 2.087 2.0761011113018 222
2 5051 3 1 01 2.087 2.0761011113018 222
2 5316 2 1 01 3.608 3.5191011113018 122
2 5316 3 1 01 3.409 3.2701011113018 122
2 7368 4 1 45 3.926 3.9651111113033 110
2 3980 3 1 51 2.142 2.1451111113007 220
2 3980 4 1 51 2.102 2.0981111113007 220
2 6755 3 1 41 3.891 4.1621511113037 110
2 6755 4 1 41 3.834 4.0981511113037 110
2 3948 4 1 45 2.425 2.5331111113008 110
2 3182 4 1 01 7.464 8.0501011113035 422
2 3182 5 1 01 7.391 7.8261011113035 422
2 3976 3 1105 3.330 3.4341111113035 222
2 6152 2 1 05 3.362 3.51810111130359622
2 5607 4 1 45 5.888 6.0021111113019 212
2 7384 3 1 05 3.569 3.6151011113036 022
2  616 3 1 45 2.816 3.0611111193036 010
2 3146 2 1 05 6.834 6.4261011103048 022
2 4685 4 1 4112.21711.6581111113048 212
2 4685 5 1 4112.19211.8321111113048 212
2 5736 2 1 01 2.324 2.3681011113005 122
2 5736 3 1 01 2.241 2.2331011113005 122
2 7631 2 1 01 4.925 5.3301011113017 122
2 7631 3 1 01 4.809 5.1571011113001 122
2 4207 2 1 01 4.147 4.4871011113028 222
2 3208 2 1 01 3.451 3.6451011113028 122
2 4207 3 1 01 4.093 4.3921011113028 222
2 3070 3 4 15 2.778 2.9491111103028 112
2 4141 2 1 05 3.922 4.1691011113028 122
2 3208 3 1 01 3.406 3.6151011113028 122
2  551 2 1 71 2.821 2.8471111113018 122
2  551 3 1 71 2.798 2.8511111113018 122
2 3388 4 1 45 0.000 4.3045111113033 110
2 1315 3 1 45 2.950 3.1081111113001 912
2 1242 3 1 05 2.848 2.9261011113017 122
2 4540 3 7 85 3.606 3.78611111130199641
2 4246 411125 3.958 4.1861111113011 000
2 6163 2 1 05 5.981 6.63910115130169622
2 6382 2 1 55 6.543 7.0321111113007 121
2 5873 2 1 0523.954 0.0001055553049 122
2 6296 2 1 05 8.055 0.00010555530319622
2 7149 2 1 05 2.872 3.0091011113001 122
2 6062 2 1 05 3.608 3.4231011113007 122
2 3257 3 1 55 2.827 2.8521111113012 222
2 7960 2 1 05 6.808 7.24710115130129622
2 4663 2 1 05 7.490 7.9111011113007 122
2 4346 2 1 01 2.673 2.7911011113042 122
2 4346 3 1 01 2.649 2.7521011103015 122
2 3629 5 1 05 4.286 0.0001055553023 520
2 7501 2 1 01 1.926 1.9001011113010 120
2 7501 3 1 01 1.923 1.9201011113010 120
2 4131 3 1 05 4.578 4.9131011113017 222
2 4726 3 1 45 2.083 0.0001555553001 312
2 3128 2 1 05 2.667 2.7671011113034 120
2 4905 3 4 15 3.371 3.4941111113015 112
2 3893 3 1 45 1.847 2.0131111113023 212
2 5505 4 1 45 3.286 3.6611111113005 112
2 3608 3 1 45 3.673 3.7731111113023 110
2 5172 4 1 45 3.190 3.3551111113034 012
2 7615 3 1 45 3.742 3.7671111513004 012
2  494 5 7 05 1.905 2.1391011193018 001
2  877 3 1 01 2.966 3.1081011113011 322
2  877 2 1 01 2.990 3.1441011113011 322
2 7343 2 1 05 0.000 2.1015011513033 022
2 4991 3 1 45 1.943 1.9281111113003 212
2 4088 4 1 41 4.620 4.8901111113018 212
2 3926 3 1 41 1.381 1.4631111113011 112
2 3926 4 1 41 1.359 1.4311111113011 112
2 4088 3 1 41 4.847 5.3461111113018 212
2 5862 2 1 0510.03610.6921011113008 020
2 2565 2 1 05 5.865 6.3341011513037 022
2 4198 2 1145 2.989 2.9271111113006 122
2 4263 2 1 05 1.541 1.5791011113008 222
2 4101 2 1 05 4.514 4.7911011113008 222
2 4514 3 1 05 7.244 7.2711011113008 122
2 6260 5 1 05 7.291 7.7311011113005 210
2 6637 2 1 05 5.980 6.0461011113021 120
2 7305 4 1 05 3.541 3.6991011113019 220
2 1191 2 1 01 3.259 3.4831011113019 120
2 1191 3 1 01 3.259 3.4831011113019 120
2 4316 2 1 05 3.431 3.76910111130229620
2 8124 2 1 05 1.037 1.0591011113008 122
2 8136 3 1 05 1.537 1.6221011193008 220
2 6451 3 1 41 3.903 4.0321111103017 110
2 6451 4 1 41 3.708 3.7271111103001 110
2 7681 4 1 45 3.816 4.0491111513001 110
2 7118 3 1 45 3.645 3.7361511103017 010
2 7156 2 1 05 2.857 2.9731011113001 120
2 2247 3 1 05 3.965 3.9221011513017 120
2 7991 2 114510.54111.1811111113022 422
2 2730 3 1 45 4.450 4.5671111113023 112
2 7592 2 1 05 4.066 4.0951011113022 022
2 2162 2 1 05 4.219 4.2551011113023 122
2 7598 3 1 05 3.052 3.1541011113019 122
2 6312 3 1 45 4.169 4.33715115130019610
2 4691 2 1 05 4.051 4.1751011113019 022
2 1117 2 1 01 8.353 8.2501011113014 222
2 1117 3 1 01 8.339 8.3591011113014 222
2 4886 2 1105 3.111 3.1331511113008 120
2 6357 2 1 01 4.474 4.8231011113037 120
2 6357 3 1 01 4.409 4.7161011113037 120
2 2708 3 1 01 3.984 3.8351011113019 320
2 2708 4 1 01 4.161 3.7831011113019 320
2 5291 2 4 05 2.901 0.0001055553019 932
2 6499 2 1 05 1.454 1.4411011113022 022
2 6822 2 1 01 2.943 3.1651011113022 122
2 3434 3 1 05 5.393 5.4551011113022 122
2 6822 3 1 01 2.877 3.0161011113022 122
2 7990 3 1 85 0.000 1.9085111113026 020
2 7954 3 1 45 4.238 0.00011555530319612
2 3200 2 1 01 3.959 4.2301011113015 322
2 3200 3 1 01 3.978 4.3181011113015 322
2 5825 2 1 05 8.315 8.57610111130159622
2 1019 2 1 05 2.764 2.9271011113019 020
2 6171 4 1 05 5.899 6.3521011503017 322
2 6790 2 1 01 4.871 4.9631011113019 122
2 3510 2 2 01 3.159 3.4061011513019 122
2 6629 3 4 15 4.357 4.3441111113019 212
2 6790 3 1 01 4.633 4.6661011113019 122
2 3510 3 1 01 3.063 3.3161011113019 122
2 1360 3 1 05 1.479 1.5721011113012 122
2 5889 4 1 05 4.177 4.5361011113023 522
2 1267 2 1175 5.280 5.3851111113008 920
2  941 4 1 45 4.461 0.0001555153008 110
2 2112 3 1 55 4.247 4.4951111113008 320
2 5651 2 1 01 4.856 5.1361011113022 122
2 5651 3 1 01 4.821 5.0041011113022 122
2 7624 2 1 0511.86712.2151011113019 122
2 6807 4 1 05 3.240 3.4371011103017 220
2 5625 2 1 01 2.730 2.8751011113001 120
2 5625 3 1 01 2.699 2.8261011113001 120
2 8323 3 1 51 3.579 3.6811511113017 120
2 8323 4 1 51 3.510 3.5861511113001 120
2 1516 2 1 01 1.588 1.7481011113023 122
2 7181 4 1 45 1.602 1.7501111113023 112
2 1516 3 1 01 1.544 1.6751011113010 122
2  150 3 1 55 2.995 3.2491511113023 122
2 2586 3 1 45 2.062 2.0751111113023 112
2 1146 4 1 01 3.695 3.9181011113030 322
2 1146 5 1 01 3.695 3.9181011113030 322
2 2425 111171 3.046 3.2321111113008 252
2 2425 211171 2.960 3.1061111113008 252
2 2406 3 1 55 1.037 1.0591111113008 222
2 7667 2 1 05 3.272 3.4051011113033 020
2 4257 217175 6.616 7.1571111113008 142
2 2918 5 7 05 6.662 7.35810111130089641
2 3412 3 7 0513.20214.11710111130089641
2 5393 3 1 55 0.000 7.0095511113008 122
2  570 2 1 05 1.037 1.0591011113008 122
2 6035 2 1 05 8.789 8.9511011113008 022
2 5107 3 1 01 1.862 1.9171011113035 120
2 3911 3 1 45 6.062 6.2541111113008 110
2 5107 2 1 01 1.862 1.9171011113035 120
2 4354 4 1 45 2.649 2.7771111113023 110
2 3999 3 1 05 3.126 3.3931011113042 130
2 4562 2 1 01 2.674 2.8701011113022 122
2 4765 3 1 01 3.850 4.1031011113008 622
2 4562 3 1 01 2.657 2.8411011113022 122
2 3605 2 1 01 5.889 6.1511011113008 222
2 4765 4 1 01 3.763 3.9161011113008 622
2 3498 3 1 05 8.793 8.9561011113008 122
2 3605 3 1 01 5.775 5.9201011113008 222
2 4613 3 1 45 1.168 1.2391111113023 112
2  183 3 1 05 3.101 3.4391011593012 222
2 1321 2 1 05 1.735 1.8191011113005 022
2 6646 5 1 05 0.000 3.9795011113030 322
2 7364 4 1 01 4.698 4.8941011113030 322
2 7364 5 1 01 4.599 4.7001011113008 322
2 6115 3 7 01 1.037 1.0591011113011 341
2 6115 4 7 01 1.037 1.0591011113011 341
2 7795 3 1 41 2.036 2.1741111113008 110
2 7558 2 1215 1.836 1.9211111113008 030
2 7795 4 1 41 1.988 2.0701111113008 110
2 4334 3 1 45 6.579 7.2901111113005 112
2 3396 2 1 05 6.314 6.73310111130059622
2 3042 2 4 05 1.037 1.0591011113008 030
2 1597 211 75 5.557 5.73911111130089641
2 5135 2 1 45 2.099 2.2021511113017 122
2 7819 4 7 85 0.000 2.9565111513033 051
2 4194 3 1 01 2.258 2.3671011113011 122
2 5047 2 1 05 2.764 2.8791011113003 022
2 4194 2 1 01 2.299 2.4281011113011 122
