4   41 32524 3025241722525  2
4   44 2 323 34 323173   0  0
4   72 55904 4859041765904  5
4   74 36088 346088 316088176
4   94 32852 502852 332852183
4  108 41163 4211631721163  3
4  113 2 941184 941  3   0  0
4  117 4  96 32  96  3  96170
4  123 3 250 32 250  3 250177
4  127 35678 3756781725678  4
4  127 55678 3956781725678  4
4  131 21167 421167 33   0  0
4  131 31167 461167 33   0  0
4  132 2 419 37 419 30   0  0
4  134 32248 3322481722248 31
4  134 42248 3422481722248 31
4  142 22875 342875  7   0  0
4  142 32875 352875  7   0  0
4  145 42311 352311172   0  0
4  148 3   4 39   4173   4  3
4  150 36765 366765  56765173
4  161 2 138 32 138 31   0  0
4  161 3 138 33 138 31   0  0
4  171 25863 445863 33   0  0
4  181 4  50 33  50171  50  3
4  183 36839 376839  9   0  0
4  195 3 863 33 863  7 863171
4  196 3   4 41   4 31   4195
4  196 4   4 42   4 31   4195
4  204 2 544 32 544 21 544 31
4  221 31917 341917  51917174
4  235 26127 396127 336127  3
4  239 25464 425464  2   0  0
4  244 31000 351000  41000172
4  253 25170 425170  7   0  0
4  258 3 931 32 931 30 931172
4  258 4 931 33 931 30 931172
4  259 259901805990 31   0  0
4  276 25171 325171  8   0  0
4  287 3 751 39 751 30 751178
4  293 3  18189  18173  18 21
4  298 32302 5023021732302 36
4  315 3 496 31 496180 496187
4  316 31767 3317671801767 30
4  318 22061 312061  2   0  0
4  320 66166 636166 506166 11
4  336 33345  33345  13345173
4  336 53345  53345  13345173
4  344 36200 396200 106200178
4  359 3 941 38 941186 941  5
4  380 3 941 37 941 31 941185
4  380 4 941 39 941 31 941185
4  386 26166 626166 33   0  0
4  393 21168 371168  8   0  0
4  397 31045 311045 301045171
4  399 3 817 32 817170 817  3
4  445 32237 3222371722237  3
4  450 3 673 33 673 30 673177
4  464 3 922 36 922  5 922172
4  466 25904 505904 37   0  0
4  468 3 750 33 750173 750  5
4  485 3 356 31 356  3 356173
4  486 3 495 35 495 33 495175
4  486 4 495 34 495 33 495175
4  494 565601816560170   0  0
4  502 26166 586166 116166180
4  507 35612 395612183   0  0
4  507 45612 405612183   0  0
4  514 3  50 34  50  5  50170
4  514 4  50 35  50  5  50170
4  515 2 419 35 419 31   0  0
4  515 3 419 34 419 31   0  0
4  516 42280 4122801722280  3
4  525 31634 3216341721634174
4  525 41634 3316341721634174
4  537 31915 3119151711915  4
4  540 32860 312860  62860171
4  540 42860 322860  62860171
4  543 35055 425055178   0  0
4  546 3  68 30  68175  68  3
4  551 26396 306396  36396  2
4  551 36396 316396  36396  2
4  566 36030 346030  76030177
4  566 56030 376030  76030177
4  570 26820 366820173   0  0
4  613 31351 3513511741351  3
4  613 41351 3613511741351  3
4  614 3 323 32 323  4 323172
4  614 4 323 33 323  4 323172
4  616 36358 4363581706358  4
4  622 31919 431919175   0  0
4  622 41919 451919175   0  0
4  650 33147  63147  2   0  0
4  653 35182 465182 335182190
4  653 45182 475182 335182190
4  660 33159  33159  23159  1
4  660 43159  43159  23159  1
4  676 35182 4451821825182 34
4  676 45182 4851821825182 34
4  683 31066 351066 301066172
4  691 33333  33333  23333  1
4  709 31915 321915  51915175
4  712 42302 472302 112302184
4  712 52302 512302 112302184
4  732 3  40 39  40173  40179
4  745 31591 3515911721591  5
4  745 41591 3615911721591  5
4  751 3  45 32  45179  45178
4  758 3 319 32 319  3 319172
4  759 31978 3119781711978  3
4  773 4 656 35 656  4 656172
4  774 41242 3912421771242  5
4  777 42876 322876 302876172
4  778 26066 306066  5   0  0
4  778 36066 316066  5   0  0
4  779 31841 371841  31841172
4  779 41841 391841  31841172
4  784 32302 532302 322302202
4  787 35663 525663 34   0  0
4  788 3 495 36 495 30 495170
4  793 3 751 37 751 31 751186
4  793 4 751 38 751 31 751186
4  797 35526 495526 105526171
4  808 419351731935  41935170
4  811 25065 435065 36   0  0
4  823 42461 3224611742461 30
4  823 52461 3324611742461 30
4  827 32532 322532  32532170
4  828 25464 415464170   0  0
4  829 32260 352260172   0  0
4  841 32198 3521981732198  4
4  841 42198 3621981732198  4
4  845 5 686 36 686 33 686171
4  856 46060 316060  36060  1
4  860 3 634 32 634  7 634175
4  863 3 840 44 840190 840 21
4  867 41303 321303  4   0  0
4  867 51303 331303  4   0  0
4  872 3596518559651825965189
4  872 45965 3759651825965189
4  873 21098 321098175   0  0
4  873 31098 331098175   0  0
4  874 32524 3125241712524175
4  877 265711776571176   0  0
4  877 36571 386571176   0  0
4  884 32590 412590 302590178
4  884 42590 422590 302590178
4  892 35995 435995  15995  4
4  893 21628 321628  4   0  0
4  893 31628 331628  4   0  0
4  904 3   7 45   7175   7 31
4  907 3 711 31 711  3   0  0
4  909 35182 435182 305182185
4  909 45182 455182 305182185
4  915 3 117 31 117 30 117171
4  915 4 117 32 117 30 117171
4  925 32176 3221761752176  4
4  933 5 818 32 818171 818  4
4  938 35663 495663  75663197
4  939 41908 3319081741908176
4  940 3  18 39  18 31  18183
4  940 4  18 40  18 31  18183
4  941 46736 396736  56736181
4  960 25771 305771170   0  0
4  970 25995 385995  6   0  0
4  984 25395 355395  5   0  0
4  993 25904 495904 33   0  0
4  993 35904 525904 33   0  0
4  996 41542 361542  51542174
4 1000 31163 4311631731163  5
4 1006 41368 321368172   0  0
4 1012 31645 311645  41645170
4 1012 41645 321645  41645170
4 1019 26710 356710 31   0  0
4 1024 31498 341498175   0  0
4 1036 31068 321068 301068177
4 1039 35994 325994  65994171
4 1040 256351835635  3   0  0
4 1043 32486 342486 312486189
4 1052 36107 476107 306107203
4 1053 31954 311954170   0  0
4 1055 3 343 32 343171 343 30
4 1055 4 343 33 343171 343 30
4 1060 3 844 34 844172 844  3
4 1072 21096 331096174   0  0
4 1076 31695 461695 111695226
4 1087 35834 3458341855834  7
4 1093 35363 355363  45363 32
4 1096 3 374 30 374  5 374170
4 1098 32410 332410 302410171
4 1103 31048 371048  61048198
4 1112 32137 3421371742137177
4 1113 42047 312047  52047170
4 1114 3 344 34 344178 344  4
4 1117 26655 386655  2   0  0
4 1117 36655 396655  2   0  0
4 1124 35061 345061  45061176
4 1136 25065 3750651865065185
4 1143 455391875539  35539192
4 1146 46785 376785  7   0  0
4 1146 56785 386785  7   0  0
4 1160 862051936205  56205183
4 1160 96205 426205  56205183
4 1168 3 220 30 220170 220  2
4 1171 3521919352191955219 30
4 1171 55219 3552191955219 30
4 1173 32297 3422971742297 30
4 1175 22028 322028 30   0  0
4 1177 31905 3319051731905  4
4 1186 356351805635  2   0  0
4 1191 26605 376605 12   0  0
4 1191 36605 386605 12   0  0
4 1193 25995 425995 30   0  0
4 1193 35995 445995 30   0  0
4 1198 25526 485526 16   0  0
4 1207 42852 462852  6   0  0
4 1207 62852 532852  6   0  0
4 1212 22851 342851  5   0  0
4 1212 32851 352851  5   0  0
4 1214 3  39 31  39174  39 30
4 1216 3 699 35 699174 699  5
4 1216 4 699 36 699174 699  5
4 1233 3 280 33 280172 280  4
4 1242 36413 426413 35   0  0
4 1248 33090  43090  23090  1
4 1267 26736 386736 306736197
4 1268 35991 335991  25991171
4 1268 45991 345991  25991171
4 1271 31121 3311211751121 30
4 1273 21914 331914 30   0  0
4 1276 3 173 39 173  5 173171
4 1279 3 626 44 626 34 626207
4 1279 4 626 47 626 34 626207
4 1297 42238 3322381702238  3
4 1300 33179  43179  3   0  0
4 1300 53179  63179  3   0  0
4 1307 32848 412848 302848184
4 1307 42848 422848 302848184
4 1312 33151  53151  23151  1
4 1315 36413 406413 106413190
4 1321 26840 336840 30   0  0
4 1322 26110 446110171   0  0
4 1322 36110 476110171   0  0
4 1327 36166 576166  66166 45
4 1347 3  90 31  90  3  90172
4 1347 4  90 32  90  3  90172
4 1351 21242 351242  6   0  0
4 1351 31242 381242  6   0  0
4 1355 21722 381722 33   0  0
4 1358 33094  33094  23094  1
4 1358 43094  43094  23094  1
4 1360 36735 446735  8   0  0
4 1362 42083 3120831741839182
4 1366 32726 302726  32726170
4 1366 42726 312726  32726170
4 1376 22848 392848 10   0  0
4 1376 32848 402848 10   0  0
4 1381 2 840 42 840 38   0  0
4 1384 3271418327141912714190
4 1395 45995 405995170   0  0
4 1398 41125 3211251721125  3
4 1400 3 620 35 620  4 620171
4 1402 22443 3124431702443 30
4 1403 32490 342490 312490173
4 1405 33404  33404  23404  1
4 1405 43404  43404  23404  1
4 1411 2   7 41   7 30   0  0
4 1411 4   7 44   7 30   0  0
4 1419 5 769 39 769  3 769172
4 1425 2 707 30 707171   0  0
4 1425 3 707 32 707171   0  0
4 1437 25065 395065 34   0  0
4 1437 55065 455065 34   0  0
4 1441 3 868 37 868181 868  3
4 1451 2 880 33 880174   0  0
4 1465 31695 501695 101695193
4 1467 3 783 31 783171 783  4
4 1470 23033  23033  1   0  0
4 1472 3 173 38 173  4 173170
4 1472 4 173 40 173  4 173170
4 1473 32714 3627141792714195
4 1475 31142 3411421711142174
4 1475 41142 3311421711142174
4 1484 3 634 34 634  6 634173
4 1488 3 961 36 961  4   0  0
4 1516 26765 336765  4   0  0
4 1516 36765 356765  4   0  0
4 1517 32055 3420551812055  4
4 1528 3  47 36  47  4  47170
4 1530 26030 386030182   0  0
4 1546 3  51 32  51 30  51171
4 1547 33416  33416  23416  1
4 1555 35120 3351201785120188
4 1560 52435 3624351752435  4
4 1561 25375 305375170   0  0
4 1562 2 105 35 105912 105913
4 1570 21762 411762 32   0  0
4 1570 31762 431762 32   0  0
4 1571 35664 335664  3   0  0
4 1585 2 354 31 354171   0  0
4 1591 21782 331782 30   0  0
4 1591 31782 351782 30   0  0
4 1593 2 419 36 419 30   0  0
4 1595 22128 322128 30   0  0
4 1595 32128 332128 30   0  0
4 1597 26857 3068571996857200
4 1601 25990 375990  4   0  0
4 1602 21918 331918  4   0  0
4 1617 25066 415066180   0  0
4 1621 4 129 41 129 35 129196
4 1635 3 893 31 893170 893  3
4 1635 4 893 32 893170 893  3
4 1637 25395 375395  7   0  0
4 1644 31038 3310381731038 30
4 1646 32177 352177  52177179
4 1646 42177 362177  52177179
4 1649 22083 302083171   0  0
4 1654 32593 3325931702593175
4 1670 32849 322849  32849174
4 1671 2 702 32 702 30   0  0
4 1676 35987 3559871885987  6
4 1676 45987 3659871885987  6
4 1685 31905 3219051721905  5
4 1687 23027  23027  1   0  0
4 1692 26166 606166 506166 11
4 1702 22461 3124611712461  3
4 1709 2 452 38 452 30   0  0
4 1712 32054 302054  32054170
4 1712 42054 312054  32054170
4 1714 3 713184 713183 713190
4 1735 5 729 41 729188 729  6
4 1735 6 729 43 729188 729  6
4 1738 3 517 32 517  2 517  1
4 1747 25501 415501 32   0  0
4 1747 35501 445501 32   0  0
4 1748 25885 335885174   0  0
4 1755 22272 332272  3   0  0
4 1759 31522 401522  81522174
4 1776 3 582 34 582174 582  4
4 1785 25314 375314 30   0  0
4 1785 35314 385314 30   0  0
4 1797 33348  63348  53348  1
4 1804 25863 405863 31   0  0
4 1804 35863 395863 31   0  0
4 1819 31152 3811521761152 35
4 1827 31411 441411 311411195
4 1829 354421785442 315442185
4 1850 3 327 33 327 31 327172
4 1867 21945 321945 30   0  0
4 1868 3 195 30 195170 195171
4 1868 4 195 31 195170 195171
4 1871 3 633 41 633 30   0  0
4 1871 4 633 42 633 30   0  0
4 1876 45292 435292 325292  7
4 1883 4 452 37 452177 452 31
4 1884 41242 3612421761242  4
4 1886 25871 305871172   0  0
4 1898 21167 441167 30   0  0
4 1898 31167 451167 30   0  0
4 1909 255391915539188   0  0
4 1915 31434 351434 321434170
4 1916 22867 322867 312867  3
4 1938 4 433 38 433175 433 30
4 1938 5 433 40 433175 433 30
4 1942 32847 402847 312847176
4 1944 4 769 37 769173 769  1
4 1951 31947 3119471711947  4
4 1951 41947 3219471711947  4
4 1956 4 750 34 750174 750 30
4 1971 3 709 40 709 34 709192
4 1982 42530 382530  42530181
4 1983 255371805537  3   0  0
4 1984 36112 3661121736112200
4 1984 46112 3561121736112200
4 1990 32053 332053  42053174
4 1992 32869 312869 302869170
4 1994 35539 395539  65539 36
4 2032 31383 3713831741383 31
4 2032 41383 4013831741383 31
4 2037 31867 341867  31867170
4 2040 35142 355142  45142174
4 2044 31784 331784  51784171
4 2044 51784 351784  51784171
4 2053 3 856 35 856  5 856175
4 2053 4 856 38 856  5 856175
4 2054 42353 3523531712353  3
4 2056 35900 375900  55900173
4 2061 4 355 33 355171 355  4
4 2062 45683 435683  85683 39
4 2064 2 172 36 172 34   0  0
4 2065 25170 415170 30   0  0
4 2067 35897 325897  55897170
4 2069 42095 3320951772095  4
4 2078 33109  33109  23109  1
4 2087 35463 445463  55463184
4 2093 42196 342196 302196175
4 2093 52196 352196 302196175
4 2102 261661796166 14   0  0
4 2105 42109 312109  22109174
4 2109 32464 3224641712464173
4 2112 36736 4067361846736190
4 2114 65547 405547  9   0  0
4 2114 75547 415547  9   0  0
4 2116 22238 372238172   0  0
4 2139 3 961 37 961  3 961175
4 2139 4 961 38 961  3 961175
4 2149 42852 4928521722852199
4 2157 45560 405560 30   0  0
4 2157 55560 415560 30   0  0
4 2162 26635 536635 32   0  0
4 2170 361661776166 446166184
4 2172 31107 3411071751107  7
4 2172 41107 3511071751107  7
4 2180 3  47 40  47 32  47176
4 2190 31654 321654  31654172
4 2192 32181 382181 302181187
4 2198 35613 495613  85613174
4 2199 3  40 38  40182  40172
4 2206 3 750 32 750170 750  4
4 2208 2   7 46   7177   0  0
4 2208 3   7 47   7177   0  0
4 2214 4 122 36 122173 122  4
4 2216 25314 355314172   0  0
4 2216 35314 365314172   0  0
4 2222 21460 301460  8   0  0
4 2223 2 729 40 729 30   0  0
4 2223 3 729 42 729 30   0  0
4 2226 25614 385614 31   0  0
4 2229 41399 4013991751399  4
4 2247 36626 396626  6   0  0
4 2250 31274 331274  31274172
4 2255 25069 385069 31   0  0
4 2266 45446 325446170   0  0
4 2271 32435 352435  72435176
4 2277 3 946 30 946172   0  0
4 2291 25458 375458 32   0  0
4 2305 31962 311962176   0  0
4 2310 32117 322117  62117171
4 2310 42117 332117  62117171
4 2324 21505 301505  4   0  0
4 2334 25052 515052 33   0  0
4 2334 35052 525052 33   0  0
4 2346 31568 341568 321568184
4 2347 41624 371624  31624177
4 2348 35916 385916  85916176
4 2351 21571 401571 321571933
4 2353 3 853 30 853  3 853174
4 2356 31807 371807 301807176
4 2357 41167 431167 32   0  0
4 2360 21571 371571176   0  0
4 2370 3 548 39 548183 548  7
4 2370 4 548 40 548183 548  7
4 2371 32701 492701 332701 34
4 2371 42701 512701 332701 34
4 2372 33019  33019  23019  1
4 2386 33233  43233  23233  1
4 2389 25479 315479 30   0  0
4 2406 36793 406793 336793909
4 2407 3 620 37 620  6 620173
4 2407 4 620 39 620  6 620173
4 2408 3 915 35 915172 915  3
4 2411 35424 345424 30   0  0
4 2417 2 964 35 964173   0  0
4 2419 22848 432848 33   0  0
4 2425 16793 376793 336793909
4 2425 26793 386793 336793909
4 2426 3 999 32 999170 999  3
4 2427 316981731698  41698171
4 2431 3 228 32 228  5 228174
4 2439 43221  53221  23221  1
4 2440 32304 322304  42304171
4 2440 42304 332304  42304171
4 2450 33238  43238  23238  1
4 2458 359222055922 38   0  0
4 2473 45379 335379174   0  0
4 2474 36127 3861271786127  4
4 2503 32418 3424181732418  5
4 2504 3 563 44 563 32 563192
4 2504 4 563 46 563 32 563192
4 2514 31798 4017981911798  9
4 2524 65614 3756141705614  4
4 2532 4 257 39 257174   0  0
4 2533 259222065922  7   0  0
4 2555 26152 306152  2   0  0
4 2565 26588 416588 36   0  0
4 2569 31690 3416901701690  3
4 2570 22516 332516  4   0  0
4 2572 21315 341315  5   0  0
4 2572 31315 351315  5   0  0
4 2579 3 625 32 625  5 625175
4 2581 3 368 32 368170 368  3
4 2586 36765 376765  66765172
4 2590 3 833 35 833178 833  6
4 2603 32302 4823022012302216
4 2605 45628 415628  65628 34
4 2606 3 846 45 846  6   0  0
4 2617 35057 415057 15   0  0
4 2651 3 257 40 257 30 257175
4 2668 3  14 32  14  3  14173
4 2668 4  14 33  14  3  14173
4 2669 45801 355801 30   0  0
4 2670 21043 371043  8   0  0
4 2670 31043 381043  8   0  0
4 2676 32175 3221751712175  4
4 2676 42175 3321751712175  4
4 2681 32210 332210 302210174
4 2681 42210 352210 302210174
4 2682 25430 465430 30   0  0
4 2682 35430 535430 30   0  0
4 2688 35425 335425  35425171
4 2688 45425 345425  35425171
4 2690 25133 345133 31   0  0
4 2690 35133 355133 31   0  0
4 2696 33010  43010  23010  1
4 2708 36664 326664177   0  0
4 2708 46664 336664177   0  0
4 2714 21571 381571 30   0  0
4 2714 31571 391571 30   0  0
4 2721 3240917524091712409177
4 2730 36635 5066351716635187
4 2738 43117  63117  1   0  0
4 2749 25048 415048 30   0  0
4 2749 45048 455048 30   0  0
4 2750 42427 3524271712427  4
4 2753 42432 522432 35   0  0
4 2753 52432 552432 35   0  0
4 2763 51258 3312581721258  4
4 2772 3154017815401771540  5
4 2774 3 913 31 913  5 913173
4 2784 52615 492615  72615176
4 2792 32835 302835  42835170
4 2792 42835 312835  42835170
4 2795 3 432 32 432172 432  4
4 2798 35443 375443  75443171
4 2813 41407 3214071721407  3
4 2814 32030 4120301752030  5
4 2816 354581735458  35458  1
4 2826 2 433 34 433  8   0  0
4 2831 2  22 31  22173   0  0
4 2844 41522 421522 101522176
4 2844 51522 431522 101522176
4 2845 25366 495366 32   0  0
4 2861 32880 302880  52880177
4 2861 42880 312880  52880177
4 2862 25363 345363 30   0  0
4 2864 41613 391613  71613175
4 2864 51613 421613  71613175
4 2882 42672 322672  52672170
4 2886 3 121 36 121  7 121171
4 2888 2  99 32  99171  99905
4 2888 3  99 33  99171  99905
4 2896 22688 362688 31   0  0
4 2900 3 717 33 717176 717  4
4 2902 31258 301258  31258170
4 2902 41258 311258  31258170
4 2904 32799 312799  52799177
4 2904 42799 322799  52799177
4 2909 31612 3016121701612171
4 2916 254641835464184   0  0
4 2916 35464 435464184   0  0
4 2918 56801 396801  3   0  0
4 2923 36210 3762101796210  6
4 2925 256831835683182   0  0
4 2928 22682 322682  5   0  0
4 2928 32682 332682  5   0  0
4 2932 31775 371775  5   0  0
4 2940 32727 3627271712727 21
4 2942 3557020455702035570 33
4 2957 22436 372436174   0  0
4 2967 3 128 30 128172 128  4
4 2967 4 128 31 128172 128  4
4 2969 32432 412432 332432191
4 2969 42432 442432 332432191
4 2973 32067 3720671882067  5
4 2974 250571975057190   0  0
4 2982 3 709 38 709  7 709177
4 2982 4 709 39 709  7 709177
4 2988 36200 406200 11   0  0
4 2988 46200 416200 11   0  0
4 2995 35048 465048 355048180
4 2996 51841 3618411711841  4
4 2998 3 486 31 486170   0  0
4 3002 3 178 34 178171 178  4
4 3009 32893 312893  32893176
4 3017 3 834 34 834174 834179
4 3017 4 834 35 834174 834179
4 3019 42277 352277  82277178
4 3023 3 350 30 350  3 350170
4 3023 4 350 31 350  3 350170
4 3028 42590 432590 322590175
4 3040 32916 312916 30   0  0
4 3040 42916 322916 30   0  0
4 3042 268541736854  4   0  0
4 3043 21690 3516901741690175
4 3043 31690 3616901741690175
4 3048 45613 4856131725613  3
4 3053 3 935 34 935  4 935 30
4 3070 36370 4063701866370 32
4 3087 31954 331954172   0  0
4 3089 32125 342125  62125170
4 3099 31627 321627 301627170
4 3104 35560 425560 355560186
4 3107 32280 4222801732280  4
4 3107 42280 4322801732280  4
4 3113 22881 362881 32   0  0
4 3122 3 263 38 263 31 263175
4 3128 265391746539170   0  0
4 3129 43223  43223  23223  1
4 3130 32177 332177177   0  0
4 3132 3 706177 706  5 706175
4 3135 31955 3019551701955  3
4 3138 41335 5213351751335 10
4 3140 32285 3622851752285  4
4 3140 42285 3722851752285  4
4 3145 41485 341485  31485171
4 3146 26361 306361  6   0  0
4 3155 42416 362416  62416172
4 3156 31127 3011271721127175
4 3159 21060 321060 31   0  0
4 3172 31142 311142  31142170
4 3172 41142 321142  31142170
4 3173 42030 402030  62030172
4 3182 46335 356335  4   0  0
4 3182 56335 366335  4   0  0
4 3183 31233 341233 301233173
4 3183 41233 351233 301233173
4 3190 252411725241 30   0  0
4 3197 32138 332138 302138178
4 3200 26706 376706176   0  0
4 3200 36706 386706176   0  0
4 3208 26370 386370 31   0  0
4 3208 36370 426370 31   0  0
4 3227 35898 375898  35898170
4 3240 32352 3123521702352  3
4 3240 42352 3223521702352  3
4 3244 31055 3210551721055181
4 3253 32323 332323 312323177
4 3253 42323 342323 312323177
4 3254 32509 392509  32509176
4 3254 42509 412509  32509176
4 3255 32129 352129183   0  0
4 3257 36485 396485 306485189
4 3260 3 863 34 863  6 863173
4 3260 4 863 35 863  6 863173
4 3261 4235517623551742355179
4 3261 52355 3323551742355179
4 3274 42164 412164 302164176
4 3274 52164 422164 302164176
4 3276 41762 421762  61762195
4 3284 66150 346150  4   0  0
4 3286 253931795393171   0  0
4 3287 41542 391542  61542179
4 3289 32895 332895 302895176
4 3289 42895 342895 302895176
4 3292 322401752240 302240  1
4 3299 31542 371542  71542177
4 3299 41542 401542  71542177
4 3303 4 976 33 976172   0  0
4 3317 4 998 32 998170 998  3
4 3317 5 998 33 998170 998  3
4 3320 32822 3228221752822 30
4 3328 42106 3221061712106 30
4 3334 32237 3122371712237  4
4 3336 31315 361315 301315174
4 3336 51315 391315 301315174
4 3348 3 565 32 565  4 565173
4 3348 4 565 34 565  4 565173
4 3354 2 728 33 728 30 728180
4 3357 4  47 39  47 31  47174
4 3368 63110  53110170   0  0
4 3371 21692 401692 31   0  0
4 3379 33194  43194  13194  3
4 3383 354171825417  4   0  0
4 3383 454171835417  4   0  0
4 3388 46411 346411  36411183
4 3389 42219 342219170   0  0
4 3391 63225  63225  23225  1
4 3395 31682 331682  41682174
4 3396 26853 336853  3   0  0
4 3408 3 121 37 121173 121  4
4 3412 36801 406801170   0  0
4 3415 41092 341092  31092170
4 3425 3 652 37 652173 652  6
4 3426 31468 341468  51468176
4 3434 36684 416684  4   0  0
4 3440 31775 381775  61775182
4 3440 41775 391775  61775182
4 3448 31126 351126 301126174
4 3448 41126 361126 301126174
4 3451 33232  53232  23232  1
4 3454 3 459 31 459170 459  4
4 3461 3 556 37 556177 556 33
4 3463 3 563 43 563183 563  6
4 3463 4 563 45 563183 563  6
4 3465 3164817316481721648  3
4 3465 41648 3216481721648  3
4 3466 3 106 31 106173 106183
4 3466 4 106 32 106173 106183
4 3468 3  89 35  89 31  89179
4 3471 416901731690 301690178
4 3472 3 613 31 613  5 613174
4 3476 3 563 47 563 40 563194
4 3485 31919 411919173   0  0
4 3493 32080 3220801702080  3
4 3494 3 868 34 868  6 868185
4 3494 4 868 36 868  6 868185
4 3498 36832 426832  3   0  0
4 3500 3 691 36 691176 691  5
4 3502 25820 345820  7   0  0
4 3502 35820 355820  7   0  0
4 3504 32509 4325091772509  5
4 3506 42175 3121751702175  3
4 3510 26724 376724  8   0  0
4 3510 36724 406724  8   0  0
4 3547 33163  43163  23163  3
4 3559 32473 3224731702473  4
4 3565 26053 396053 31   0  0
4 3567 31258 3212581711258175
4 3567 41258 3412581711258175
4 3574 42485 3424851732485186
4 3574 52485 3624851732485186
4 3576 43365  53365  23365  1
4 3580 36166 596166 406166  4
4 3584 42576 342576  32576170
4 3587 3 775 31 775172 775  5
4 3588 43356  63356  33356  2
4 3595 3 465 34 465 30 465179
4 3597 43196  63196  23196  1
4 3605 26832 406832 33   0  0
4 3605 36832 446832 33   0  0
4 3606 32510 3425101712510  5
4 3606 42510 3625101712510  5
4 3608 36546 3665461826546  5
4 3614 26145 376145 32   0  0
4 3628 3 636 33 636  3   0  0
4 3629 56516 336516176   0  0
4 3636 63369  73369  23369  1
4 3643 22108 332108  5   0  0
4 3643 32108 342108  5   0  0
4 3646 3 478 39 478  4   0  0
4 3654 26231 406231 31   0  0
4 3656 3  53 41  53217  53216
4 3671 25136 405136 11   0  0
4 3671 35136 415136 11   0  0
4 3677 3  53 42  53191  53218
4 3678 31893 3618931741893  3
4 3678 41893 3718931741893  3
4 3684 32059 3320591762059178
4 3689 52188 322188  52188174
4 3692 3 846 43 846  7 846 40
4 3698 3 652 34 652  3 652170
4 3719 4227718322771812277  5
4 3719 5227718422771812277  5
4 3721 63200  63200  23200  1
4 3731 41093 341093  31093170
4 3737 31468 351468  61468175
4 3760 31763 3817631851763184
4 3760 41763 4017631851763184
4 3761 21799 381799  6   0  0
4 3761 31799 391799  6   0  0
4 3777 42410 322410  32410170
4 3778 45493 425493  7   0  0
4 3804 32501 3125011782501  3
4 3804 42501 3325011782501  3
4 3827 32656 3526561712656  5
4 3839 3 221 32 221171 221 31
4 3850 45653 3456531775653184
4 3866 35900 405900174   0  0
4 3888 33378  43378  23378  1
4 3893 36545 406545  76545177
4 3899 36231 416231 336231183
4 3909 25393 385393181   0  0
4 3911 3682217568221746822  6
4 3912 36073 376073 316073178
4 3918 25676 345676176   0  0
4 3923 4 656 34 656  5 656173
4 3926 36583 496583 306583204
4 3926 46583 526583 306583204
4 3931 31763 361763  61763179
4 3936 33133  33133  13133  2
4 3939 26212 386212170   0  0
4 3940 33367  33367  23367  1
4 3940 43367  43367  23367  1
4 3948 463271726327  46327170
4 3954 25872 415872 31   0  0
4 3960 427041862704  32704184
4 3966 53375  63375  2   0  0
4 3967 33387  33387  23387  1
4 3969 35576 3755761725576  3
4 3969 45576 4155761725576  3
4 3971 3 428 32 428170 428  4
4 3976 36335 376335 316335180
4 3979 33353  33353  13353  2
4 3979 43353  43353  13353  2
4 3980 36287 426287 336287182
4 3980 46287 436287 336287182
4 3981 41397 3713971711397  4
4 3988 25678 385678 30   0  0
4 3988 35678 415678 30   0  0
4 3999 36830 316830171   0  0
4 4000 3 692 38 692  7 692174
4 4000 4 692 39 692  7 692174
4 4021 51697 481697 411697194
4 4031 35393 375393 305393  5
4 4032 46200 386200  96200170
4 4036 3 455 34 455 30 455180
4 4037 51394 381394  31394173
4 4041 21100 321100  4   0  0
4 4062 31475 3214751701475  3
4 4063 32831 332831  42831171
4 4066 5 203 33 203  5 203172
4 4070 31839 361839174   0  0
4 4070 51839 381839174   0  0
4 4074 33309  33309  23309  1
4 4074 43309  43309  23309  1
4 4086 257062095706  35706 33
4 4088 3658320065831996583  7
4 4088 46583 4865831996583  7
4 4098 3259917425991732599  4
4 4098 4259917525991732599  4
4 4101 26590 476590 31   0  0
4 4103 33368  73368  63368  3
4 4103 43368  83368  63368  3
4 4126 4 838 31 838  3 838175
4 4128 43376  73376  23376  1
4 4131 36522 326522  4   0  0
4 4137 3 713 37 713176 713  6
4 4141 26370 416370172   0  0
4 4143 261561826156181   0  0
4 4148 25872 385872 35   0  0
4 4148 35872 405872 35   0  0
4 4152 31037 371037  5   0  0
4 4158 2 351 39 351173   0  0
4 4159 32897 342897  32897171
4 4172 411411791141  21141  1
4 4172 51141 371141  21141  1
4 4176 33096  33096  23096  1
4 4184 31613 4116131761613  8
4 4194 268672016867200   0  0
4 4194 36867 346867200   0  0
4 4197 3  90 30  90171  90  4
4 4198 26590 456590 106590 41
4 4200 21394 371394 33   0  0
4 4207 26370 376370 33   0  0
4 4207 36370 396370 33   0  0
4 4209 45640 355640 32   0  0
4 4215 31644 301644  41644171
4 4215 51644 321644  41644171
4 4217 22526 3525261732526914
4 4241 32412 332412 302412170
4 4242 35047 315047  3   0  0
4 4242 45047 325047  3   0  0
4 4246 464181766418  36418178
4 4256 3 725 31 725177 725178
4 4257 26801 3868011876801189
4 4263 26590 466590 34   0  0
4 4274 4 508 32 508  4 508172
4 4279 22485 352485176   0  0
4 4295 2 833 36 833189   0  0
4 4296 35960 425960 345960188
4 4296 45960 455960 345960188
4 4305 31415 311415  41415170
4 4312 26232 466232192   0  0
4 4316 266071806607  8   0  0
4 4319 31695 541695 341695208
4 4321 3219518121951802195195
4 4327 25610 345610  5   0  0
4 4329 32897 3628971762897  5
4 4333 32656 3426561742656  7
4 4333 42656 3626561742656  7
4 4334 36853 326853 306853173
4 4344 3186217318621721862 31
4 4346 26494 356494185   0  0
4 4346 36494 366494185   0  0
4 4347 32086 312086  42086172
4 4347 42086 332086  42086172
4 4353 3 922 31 922  4 922171
4 4353 4 922 34 922  4 922171
4 4354 46828 326828  36828171
4 4361 32661 4326611712661 21
4 4361 42661 4426611712661 21
4 4367 42224 4222241842224  7
4 4367 52224 4422241842224  7
4 4375 4141118614111841411 13
4 4383 3 722 35 722 32 722180
4 4384 32586 3525861722586  5
4 4395 31909 311909  11909  2
4 4395 41909 301909  11909  2
4 4397 32117 302117  32117170
4 4397 42117 312117  32117170
4 4405 26086 316086  36086  1
4 4412 45066 405066  65066178
4 4414 4 517 31 517170 517  4
4 4422 31227 3512271931227  2
4 4424 33360  23360  13360170
4 4424 43360  33360  13360170
4 4429 35960 485960 385960189
4 4430 32012 322012  32012170
4 4430 42012 332012  32012170
4 4455 25177 335177  7   0  0
4 4455 35177 355177  7   0  0
4 4460 3 200 35 200175 200  4
4 4462 35621 3456211775621  6
4 4465 31100 341100  31100170
4 4469 42061 322061181   0  0
4 4477 41919 441919  91919174
4 4477 51919 461919  91919174
4 4482 35573 435573  85573198
4 4487 25299 585299 32   0  0
4 4491 36161 336161  7   0  0
4 4504 43176  43176  23176  1
4 4504 53176  53176  23176  1
4 4505 25623 535623 37   0  0
4 4508 25656 455656171   0  0
4 4509 26205 386205 10   0  0
4 4509 36205 406205 10   0  0
4 4511 35305 3653051835305190
4 4511 45305 3753051835305190
4 4512 25938 335938 31   0  0
4 4512 35938 345938 31   0  0
4 4514 36591 386591  6   0  0
4 4529 31051 421051 381051171
4 4537 4 145 31 145  3 145170
4 4540 364141736414  16414176
4 4542 25623 555623 40   0  0
4 4543 31131 3211311731131176
4 4543 41131 3411311731131176
4 4547 35680 325680  55680173
4 4547 45680 345680  55680173
4 4548 41879 331879175   0  0
4 4553 31084 3510841751084  7
4 4559 21906 311906 301906173
4 4560 23390  33390  2   0  0
4 4562 26832 366832  4   0  0
4 4562 36832 396832  4   0  0
4 4571 55315 365315173   0  0
4 4578 33302  33302  23302  1
4 4578 43302  43302  23302  1
4 4583 35872 375872  6   0  0
4 4587 31692 381692 301692176
4 4587 41692 391692 301692176
4 4591 3210817821081772108  4
4 4591 4210817921081772108  4
4 4608 35774 3257741705774 30
4 4608 45774 3357741705774 30
4 4613 36838 336838  66838170
4 4621 423021992302195   0  0
4 4623 32639 302639  32639172
4 4635 325401712540 312540174
4 4635 42540 322540 312540174
4 4637 22432 472432 342432181
4 4637 42432 462432 342432181
4 4643 32067 3820671892067 30
4 4644 455701895570  35570186
4 4651 31144 3611441741144 32
4 4663 264851816485180   0  0
4 4670 3 577 32 577  4 577174
4 4684 32882 3328821712882  4
4 4684 42882 3428821712882  4
4 4685 46361 336361  36361173
4 4685 56361 346361  36361173
4 4688 35199 355199  45199178
4 4690 42509 4025091732509  4
4 4691 26649 356649 30   0  0
4 4693 31862 321862 301862171
4 4693 41862 331862 301862171
4 4695 22129 362129181   0  0
4 4696 45715 355715  35715171
4 4699 25133 335133  3   0  0
4 4711 25306 335306170   0  0
4 4711 45306 325306170   0  0
4 4713 35909 3759091845909192
4 4726 36537 396537 326537185
4 4748 31878 3318781721878  1
4 4748 41878 3418781721878  1
4 4750 35463 455463 305463178
4 4755 31522 4115221751522  9
4 4758 32779 3127791702779  3
4 4765 36832 386832 32   0  0
4 4765 46832 416832 32   0  0
4 4768 42807 3128071702807  3
4 4775 33374  53374  23374  4
4 4782 31332 3013321741332183
4 4782 41332 3213321741332183
4 4790 32607 302607  32607170
4 4799 25018 345018  45018  2
4 4813 35960 445960 335960195
4 4814 31959 3219591711959  4
4 4815 33066  33066  23066  1
4 4816 3 632177 632173 632  3
4 4832 21184 431184 33   0  0
4 4834 2 771 32 771 30   0  0
4 4836 21695 511695 331695174
4 4836 31695 521695 331695174
4 4838 31230 311230 301230171
4 4840 32707 432707  72707179
4 4840 42707 442707  72707179
4 4844 41411 451411  4   0  0
4 4847 31975 331975  41975170
4 4848 25145 345145  2   0  0
4 4848 35145 355145  2   0  0
4 4849 261831706183  3   0  0
4 4850 32717 3827171732717  4
4 4852 63240  63240  23240  1
4 4886 26657 336657 306657178
4 4888 35016 345016170   0  0
4 4898 35429 335429  75429181
4 4898 45429 355429  75429181
4 4905 36541 316541  46541179
4 4908 25031 525031178   0  0
4 4928 25429 325429  85429  6
4 4943 31051 441051 361051183
4 4944 31608 321608 301608177
4 4944 41608 331608 301608177
4 4945 3 835 30 835173 835  4
4 4945 4 835 31 835173 835  4
4 4953 316331741633170   0  0
4 4953 416331751633170   0  0
4 4958 35926 3359261745926  4
4 4960 35853 4458532025853 33
4 4961 3 409 33 409 30 409178
4 4972 33373  33373  23373  1
4 4972 43373  43373  23373  1
4 4979 21121 341121174   0  0
4 4991 36577 4165771856577  9
4 4994 25812 615812 13   0  0
4 4995 26024 356024 32   0  0
4 4996 31516 3115161701516  4
4 4996 41516 3315161701516  4
4 5003 43041  43041  23041  1
4 5006 31213 311213  41213177
4 5013 327561732756  32756172
4 5013 42756 342756  32756172
4 5014 23078  33078  2   0  0
4 5016 63228  63228  23228  1
4 5040 42661 422661  72661180
4 5047 26867 366867203   0  0
4 5051 26232 476232 32   0  0
4 5051 36232 486232 32   0  0
4 5053 4 935 32 935  3 935176
4 5056 42443 332443  2   0  0
4 5057 22895 322895  2   0  0
4 5064 65299 505299  85299173
4 5070 3 898 33 898  4 898181
4 5070 4 898 34 898  4 898181
4 5076 3 534 32 534 31 534171
4 5078 25849 475849 31   0  0
4 5082 2 626 45 626  3   0  0
4 5084 3 898 35 898  5 898185
4 5087 32034 3420341772034 30
4 5096 36228 376228 30   0  0
4 5098 3  61 35  61172  61  3
4 5107 268221776822176   0  0
4 5107 36822 326822176   0  0
4 5121 41926 311926  31926170
4 5121 51926 331926  31926170
4 5132 25812 505812 33   0  0
4 5132 35812 525812 33   0  0
4 5133 3 510 31 510 30 510170
4 5135 26862 476862 356862182
4 5147 2611219261122046112205
4 5148 3 473 36 473177 473172
4 5156 23346  33346  2   0  0
4 5166 3 908 36 908  6 908177
4 5166 4 908 37 908  6 908177
4 5168 32392 352392  42392179
4 5172 46547 3265471716547  6
4 5177 3 593 30 593  4 593171
4 5177 5 593 33 593  4 593171
4 5180 25392 385392 31   0  0
4 5182 21956 301956  4   0  0
4 5185 25625 325625170   0  0
4 5186 25576 385576 315576179
4 5188 32888 3028881712888  3
4 5195 36093 386093 116093 37
4 5195 46093 416093 116093 37
4 5196 41837 3518371721837  6
4 5201 3 891 31 891177 891178
4 5201 4 891 32 891177 891178
4 5204 51426 401426  21426180
4 5205 35977 3559771735977  6
4 5229 2 783 32 783  3   0  0
4 5235 45163 325163 305163174
4 5247 25491 345491177   0  0
4 5248 35308 3353081735308174
4 5260 21697 461697 37   0  0
4 5260 31697 471697 37   0  0
4 5261 35234 315234171   0  0
4 5262 35812 5958121715812  5
4 5263 25780 315780  4   0  0
4 5265 3 174 37 174  6 174174
4 5265 4 174 40 174  6 174174
4 5269 3 605 31 605  3 605170
4 5273 33046  53046  13046  2
4 5273 53046  73046  13046  2
4 5288 2  22176  22175   0  0
4 5291 26674 326674  4   0  0
4 5293 3  91 31  91  3  91170
4 5293 4  91 32  91  3  91170
4 5305 33231  33231  23231  1
4 5309 21610 311610 301610  2
4 5316 26233 366233  9   0  0
4 5316 36233 376233  9   0  0
4 5327 459901775990  35990175
4 5328 32591 3525911782591  6
4 5329 33277  33277  1   0  0
4 5329 43277  43277  1   0  0
4 5334 35812 515812  9   0  0
4 5339 36093 406093  7   0  0
4 5358 33135  33135  23135  1
4 5358 43135  43135  23135  1
4 5360 3 999 33 999  4 999172
4 5360 4 999 34 999  4 999172
4 5361 3 706171 706170 706  7
4 5361 4 706 30 706170 706  7
4 5388 56103 436103  86103179
4 5389 3 939 33 939 31 939171
4 5390 25706 395706  9   0  0
4 5391 35900 395900  7   0  0
4 5393 3680217468021726802182
4 5403 45693 495693 325693210
4 5418 31163 4511631751163 30
4 5424 3 713 39 713 33 713185
4 5438 31315 331315  41315170
4 5442 32628 372628  32628170
4 5445 22330 312330 30   0  0
4 5453 32618 322618  32618170
4 5453 42618 332618  32618170
4 5454 25040 335040 30   0  0
4 5454 350401815040 30   0  0
4 5455 3 774 31 774  2 774171
4 5461 21221 351221172   0  0
4 5461 31221 361221172   0  0
4 5470 35017 325017171   0  0
4 5473 32397 372397173   0  0
4 5473 42397 382397173   0  0
4 5475 25573 425573183   0  0
4 5475 35573 445573183   0  0
4 5502 25459 325459176   0  0
4 5505 46545 416545  56545176
4 5506 22647 302647172   0  0
4 5516 32207 302207 212207174
4 5516 42207 312207 212207174
4 5528 32509 422509  62509174
4 5532 25031 505031 32   0  0
4 5545 25392 395392 305392189
4 5545 35392 405392 305392189
4 5558 23018  23018  1   0  0
4 5558 33018  33018  1   0  0
4 5562 32224 452224 332224190
4 5563 356842015684 325684205
4 5566 36093 3960931706093 10
4 5572 26121 606121 30   0  0
4 5587 3260317926031772603  7
4 5587 42603 3326031772603  7
4 5604 22432 482432176   0  0
4 5607 46350 356350  76350174
4 5613 31494 3214941751494  4
4 5614 45655 4056551745655 34
4 5625 26750 366750  5   0  0
4 5625 36750 376750  5   0  0
4 5628 23347  53347  4   0  0
4 5635 4 496 32 496185 496179
4 5650 31161 3011611711161  4
4 5651 267381816738180   0  0
4 5651 367381826738180   0  0
4 5662 25299 555299 10   0  0
4 5664 25926 325926  5   0  0
4 5664 35926 345926  5   0  0
4 5679 32618 342618  42618171
4 5679 42618 372618  42618171
4 5684 45055 445055 33   0  0
4 5685 46030 366030 336030187
4 5687 42910 332910  22910174
4 5689 3501217750121875012186
4 5690 26210 366210 30   0  0
4 5707 31014 321014 301014170
4 5708 32752 3327521722752  5
4 5709 25120 325120177   0  0
4 5718 23116  23116  1   0  0
4 5731 35299 565299 12   0  0
4 5731 45299 575299 12   0  0
4 5732 25527 315527172   0  0
4 5736 26365 516365 10   0  0
4 5736 36365 536365 10   0  0
4 5753 31893 381893  51893177
4 5775 35916 3959161715916  4
4 5779 25036 315036  2   0  0
4 5783 45264 315264  45264170
4 5783 55264 325264  45264170
4 5785 26171 336171  1   0  0
4 5787 31236 3212361721236  4
4 5788 32323 3223231742323  3
4 5789 71663 411663  51663173
4 5793 41786 4917861821786  4
4 5804 32379 322379  62379172
4 5806 3 897 35 897 32 897177
4 5807 26115 526115 37   0  0
4 5820 32016 332016  6   0  0
4 5825 26707 346707  3   0  0
4 5836 33336  33336  23336  1
4 5836 53336  53336  23336  1
4 5839 32586 3425861732586  6
4 5855 31533 3315331731533  5
4 5855 41533 3415331731533  5
4 5861 31498 3514981711498 30
4 5861 41498 3714981711498 30
4 5862 26588 406588  3   0  0
4 5873 26438 326438 30   0  0
4 5889 46735 456735  7   0  0
4 5893 33057  53057  23057  1
4 5895 25678 365678  2   0  0
4 5913 3 593 31 593170 593  3
4 5916 3 655 30 655172 655  3
4 5916 4 655 31 655172 655  3
4 5938 46114 536114170   0  0
4 5969 35663 535663 325663198
4 5973 32545 332545 302545172
4 5973 42545 342545 302545172
4 5978 21480 331480 31   0  0
4 5978 31480 341480 31   0  0
4 5982 32753 352753  42753173
4 5990 4 597 37 597178 597 30
4 5994 26093 426093 31   0  0
4 5997 55534 3255341705534 30
4 6006 25814 405814 30   0  0
4 6024 42660 3226601722660  3
4 6029 25621 335621  9   0  0
4 6035 26820 376820 30   0  0
4 6045 53249  73249  23249  1
4 6061 33113  33113  23113  1
4 6062 26478 526478 30   0  0
4 6069 33275  33275  13275  2
4 6069 43275  43275  13275  2
4 6078 32621 342621 302621175
4 6082 46111 346111  46111174
4 6089 3 377 30 377  4   0  0
4 6089 4 377 31 377  4   0  0
4 6092 41932 3519321731932  5
4 6094 25499 365499182   0  0
4 6112 85748 365748  6   0  0
4 6114 2617917461791736179175
4 6114 36179 4061791736179175
4 6115 36845 436845186   0  0
4 6115 46845 446845186   0  0
4 6116 33024  33024  23024  1
4 6132 31839 341839 311839182
4 6132 41839 351839 311839182
4 6133 23055  33055  2   0  0
4 6133 33055  43055  2   0  0
4 6134 41969 321969 301969171
4 6134 51969 331969 301969171
4 6151 53282  73282  13282  2
4 6152 26335 386335  6   0  0
4 6163 26434 306434170   0  0
4 6165 3 517 33 517  5 517172
4 6165 4 517 34 517  5 517172
4 6168 35960 4359601815960  8
4 6168 55960 4759601815960  8
4 6171 46721 346721  6   0  0
4 6194 35749 465749 305749181
4 6194 45749 485749 305749181
4 6202 35447 335447 30   0  0
4 6212 31185 3211851731185175
4 6212 41185 341185  51185179
4 6216 32610 3226101732610  4
4 6221 31919 4019191701919  3
4 6225 3 922 35 922 30 922173
4 6238 259222085922210   0  0
4 6238 45922 435922210   0  0
4 6260 56602 406602188   0  0
4 6267 225781802578179   0  0
4 6291 32577 3025771732577  3
4 6291 42577 3125771732577  3
4 6296 26475 416475 30   0  0
4 6303 32177 3421771782177185
4 6304 31663 461663  61663176
4 6309 32474 3424741712474 30
4 6311 21700 391700175   0  0
4 6312 36649 346649  36649179
4 6323 43331  63331  13331  4
4 6323 63331  83331  13331  4
4 6357 26660 316660  3   0  0
4 6357 36660 326660  3   0  0
4 6363 53441  53441  23441  1
4 6369 35403 3054031715403  5
4 6369 4540317454031715403  5
4 6371 32786 3327861712786 30
4 6378 3 722 34 722178 722 30
4 6381 25478 345478180   0  0
4 6382 26436 496436 366436195
4 6391 25570 475570 31   0  0
4 6397 73437  73437  23437  1
4 6399 32354 362354  52354174
4 6405 358741795874182   0  0
4 6408 43025  43025  23025  1
4 6411 4 597 36 597176 597 35
4 6421 31762 4517621801762 31
4 6424 3 971 30 971171 971  4
4 6442 21088 381088178   0  0
4 6442 31088 371088178   0  0
4 6448 31335 5313351791335 31
4 6448 41335 5413351791335 31
4 6451 36625 346625  76625176
4 6451 46625 356625  76625176
4 6452 33021  43021  1   0  0
4 6459 33397  73397  63397170
4 6464 42341 3223411722341  5
4 6469 32731 362731  4   0  0
4 6476 25584 335584 30   0  0
4 6488 31970 321970  51970182
4 6491 32611 372611 322611175
4 6491 42611 382611 322611175
4 6492 25832 305832  3   0  0
4 6499 26680 306680  4   0  0
4 6506 33417  33417  23417  1
4 6508 45537 425537 105537177
4 6511 3228217822821772282  3
4 6513 75055 4350551715055171
4 6516 2 840 41 840 32   0  0
4 6516 3 840 43 840 32   0  0
4 6519 2 490 32 490172   0  0
4 6526 4528719352871815287198
4 6537 4 846 44 846170   0  0
4 6544 22662 322662172   0  0
4 6549 42707 422707  42707176
4 6551 32441 372441  42441182
4 6557 25323 305323  3   0  0
4 6569 31332 3313321801332184
4 6571 33149  33149  23149  1
4 6573 256981705698  6   0  0
4 6574 3  53205  53202  53967
4 6576 25641 375641 335641904
4 6576 35641 385641 335641904
4 6581 33397  33397  23397  1
4 6582 33239  33239  23239  1
4 6582 43239  43239  23239  1
4 6585 33140  43140  23140  1
4 6593 3199417719941761994  7
4 6600 22302 522302 31   0  0
4 6600 32302 492302 31   0  0
4 6609 23131  23131  1   0  0
4 6609 33131  33131  1   0  0
4 6616 4 760173 760171 760  4
4 6627 35643 315643  65643170
4 6629 367242046724 316724185
4 6634 33258  43258  23258  1
4 6634 43258  53258  23258  1
4 6637 26602 416602  9   0  0
4 6641 33217  33217  23217  1
4 6643 31061 321061  4   0  0
4 6646 56845 396845  5   0  0
4 6660 256931965693  2   0  0
4 6665 3 729 32 729171   0  0
4 6678 32786 342786  62786 32
4 6680 25841 355841 32   0  0
4 6680 35841 385841 32   0  0
4 6686 31663 431663  71663179
4 6706 25462 365462  6   0  0
4 6713 42502 3625021722502  5
4 6713 52502 3725021722502  5
4 6720 33059  33059  23059  1
4 6727 31547 331547  31547170
4 6729 31701 3517011781701 30
4 6729 41701 3617011781701 30
4 6733 2  10 33  10177   0  0
4 6734 35921 3259211725921  4
4 6735 26157 316157  3   0  0
4 6736 23167  33167  2   0  0
4 6742 3  10 34  10  6   0  0
4 6742 4  10 35  10  6   0  0
4 6752 31430 301430  41430170
4 6752 41430 311430  41430170
4 6755 36316 326316  66316173
4 6755 46316 336316  66316173
4 6759 33002  23002  13002170
4 6773 358581885858179   0  0
4 6773 45858 385858179   0  0
4 6790 26724 366724 30   0  0
4 6790 36724 396724 30   0  0
4 6791 32558 3125581702558 30
4 6795 360511836051  3   0  0
4 6795 460511856051  3   0  0
4 6798 22731 372731 30   0  0
4 6798 32731 352731 30   0  0
4 6807 46750 356750 30   0  0
4 6822 26684 406684  3   0  0
4 6822 36684 426684  3   0  0
4 6825 35548 425548 305548173
4 6831 25406 335406173   0  0
4 6831 354061765406173   0  0
4 6833 25136 425136 31   0  0
4 6838 361871796187 106187173
4 6856 3 151 38 151171   0  0
4 6857 3 236 32 236  3 236172
4 6863 55018 335018  35018175
4 6876 35430 5054301925430208
4 6877 32034 332034  42034182
4 6882 25154 455154  8   0  0
4 6891 3 486 30 486171 486  4
4 6900 25014 405014 32   0  0
4 6907 355761765576177   0  0
4 6918 3 479 30 479170 479  3
4 6918 4 479 31 479170 479  3
4 6926 31782 3417821741782175
4 6930 35677 435677 36   0  0
4 6934 324611732461  42461172
4 6938 45462 3554621745462  5
4 6939 31048 3810482061048205
4 6939 41048 3910482061048205
4 6946 21426 381426  4   0  0
4 6950 4 356 32 356177 356 30
4 6967 33043  33043  13043  2
4 6975 65770 315770  35770172
4 6985 3 769 38 769  4 769174
4 6987 33189  33189  13189  2
4 6995 32618 352618 312618172
4 6998 43323  43323  23323  1
4 7005 21033 311033171   0  0
4 7006 43047  530471743047175
4 7007 21260 431260 39   0  0
4 7015 26110 416110 30   0  0
4 7015 46110 466110 30   0  0
4 7027 26121 616121 34   0  0
4 7031 5  61 34  61  5  61171
4 7033 21701 341701  3   0  0
4 7054 35031 465031  3   0  0
4 7062 32278 3922781782278 30
4 7070 4 573 35 573  4 573171
4 7071 3 557176 557 30 557175
4 7071 4 557177 557 30 557175
4 7074 36054 336054 306054186
4 7083 32393 302393  42393171
4 7083 42393 312393  42393171
4 7085 32278 422278 322278193
4 7109 33294  43294  33294  5
4 7115 26053 356053177   0  0
4 7115 36053 376053177   0  0
4 7118 36626 376626  76626180
4 7126 3112918911292011129175
4 7149 26475 426475170   0  0
4 7156 26626 386626  8   0  0
4 7158 32712 3227121702712  3
4 7162 32566 382566 302566174
4 7162 42566 392566 302566174
4 7181 46765 346765  76765170
4 7197 32151 4121511772151  7
4 7203 33422  33422  13422  2
4 7203 43422  43422  13422  2
4 7212 42529 3125291752529 30
4 7224 3592517659251705925  8
4 7226 35968 335968  5   0  0
4 7226 45968 345968  5   0  0
4 7239 35154 445154 33   0  0
4 7239 45154 465154 33   0  0
4 7247 31898 301898  31898174
4 7259 25065 385065 32   0  0
4 7259 35065 405065 32   0  0
4 7261 32655 3326551732655 30
4 7272 53212  53212  13212  2
4 7276 35332 435332 325332191
4 7284 21679 301679175   0  0
4 7295 35430 5254302005430173
4 7301 3270120827011902701207
4 7301 42701 5027011902701207
4 7303 32629 302629  32629170
4 7303 42629 312629  32629170
4 7305 46605 356605190   0  0
4 7314 3 857 31 857174   0  0
4 7317 317221851722183   0  0
4 7318 21547 321547  5   0  0
4 7323 53328  63328  23328  1
4 7324 32776 3127761732776  3
4 7324 42776 3227761732776  3
4 7326 22642 342642179   0  0
4 7326 32642 352642179   0  0
4 7337 21947 301947  3   0  0
4 7341 458141865814 31   0  0
4 7343 26577 396577 35   0  0
4 7348 55646 385646  65646183
4 7355 2 311 32 311  3   0  0
4 7355 3 311 33 311  3   0  0
4 7364 46845 406845  3   0  0
4 7364 56845 426845  3   0  0
4 7368 46275 336275  36275173
4 7384 36358 416358 32   0  0
4 7407 35706 405706  6   0  0
4 7423 26205 416205177   0  0
4 7443 325181762518  9   0  0
4 7453 3 556 36 556174 556 30
4 7461 31241 351241 331241174
4 7466 53155  53155  23155  1
4 7466 63155  63155  23155  1
4 7472 2 602 35 602184   0  0
4 7479 3 478 40 478 36 478179
4 7494 45784 375784  55784 32
4 7501 26519 386519 30   0  0
4 7501 36519 406519 30   0  0
4 7512 5 570 36 570171 570  8
4 7513 32240 342240  3   0  0
4 7518 3  84 35  84177   0  0
4 7530 45057 475057  45057194
4 7532 46170 346170171   0  0
4 7542 33349  33349  13349  2
4 7542 43349  43349  13349  2
4 7549 35969 345969  55969174
4 7552 33156  33156  23156  1
4 7552 43156  43156  23156  1
4 7558 26849 326849  56849910
4 7560 32240 332240  42240171
4 7569 25612 375612  9   0  0
4 7569 35612 415612  9   0  0
4 7571 52678 4026781752678  5
4 7576 32278 4122781822278 37
4 7576 42278 4322781822278 37
4 7588 33409  33409  23409  1
4 7588 43409  43409  23409  1
4 7592 26635 526635176   0  0
4 7595 43204  43204  23204  1
4 7598 36646 406646 33   0  0
4 7606 355702005570198   0  0
4 7606 455702015570198   0  0
4 7615 36553 306553  46553172
4 7617 45548 385548  95548  4
4 7619 25548 375548 11   0  0
4 7624 26740 356740  4   0  0
4 7631 26366 316366  4   0  0
4 7631 36366 326366  4   0  0
4 7632 251701855170184   0  0
4 7639 35350 395350 315350181
4 7640 21670 351670 30   0  0
4 7640 31670 361670 30   0  0
4 7643 31285 331285  41285172
4 7645 2 674 31 674171   0  0
4 7648 259421745942  8   0  0
4 7648 35942 385942  8   0  0
4 7667 26800 386800 37   0  0
4 7668 43115  43115  23115  1
4 7679 22330 322330171   0  0
4 7681 46626 366626  46626171
4 7687 56179 3861791706179  3
4 7687 66179 4161791706179  3
4 7694 36115 5461151766115197
4 7697 3583518158351845835187
4 7710 4 649 33 649 30 649171
4 7715 41621 321621  31621171
4 7719 31928 301928171   0  0
4 7729 32271 352271  32271170
4 7731 32012 342012 312012172
4 7756 3   5 33   5  5   5177
4 7758 3 760176 760174   0  0
4 7758 4 760 30 760174   0  0
4 7764 32271 342271  52271175
4 7777 33310  33310  2   0  0
4 7795 36849 3168491886849  2
4 7795 46849 3368491886849  2
4 7810 35503 3255031745503 30
4 7814 25749 475749 36   0  0
4 7816 45926 3659261715926  3
4 7819 46864 356864  36864173
4 7831 33161  33161  13161  2
4 7836 33227  33227  23227  1
4 7836 43227  43227  23227  1
4 7848 353321875332 315332193
4 7848 45332 415332 315332193
4 7853 45332 4253321885332 30
4 7861 46040 366040  86040177
4 7870 2 674 30 674  5   0  0
4 7881 22032 4020329222032177
4 7881 32032 4120329222032177
4 7903 35835 365835 35   0  0
4 7913 32852 522852 302852184
4 7913 42852 542852 302852184
4 7940 23407  33407  1   0  0
4 7940 43407  43407  1   0  0
4 7953 26121 576121180   0  0
4 7954 36698 336698  46698173
4 7955 4  18 41  18185  18204
4 7957 25812 535812 34   0  0
4 7957 45812 605812 34   0  0
4 7960 26485 426485  5   0  0
4 7981 3  60 36  60 32  60181
4 7981 4  60 37  60 32  60181
4 7987 2 608186 608185   0  0
4 7990 36694 326694 306694  1
4 7991 26635 446635  96635 40
4 8000 22019 322019175   0  0
4 8009 25901 405901  4   0  0
4 8009 35901 435901  4   0  0
4 8014 4 607 42 607174 607183
4 8016 361031806103  56103178
4 8034 25495 325495 30   0  0
4 8034 35495 345495 30   0  0
4 8061 35015 365015 305015184
4 8061 450151775015 305015184
4 8065 258141845814  5   0  0
4 8065 358141855814  5   0  0
4 8098 43311  73311  2   0  0
4 8104 46159 386159 306159176
4 8106 53063  63063  23063  1
4 8112 31516 301516171   0  0
4 8124 26615 366615 31   0  0
4 8136 366161836616179   0  0
4 8140 31611 3316111741611 30
4 8140 41611 3416111741611 30
4 8143 3 266 35 266 30 266173
4 8150 361721806172  6   0  0
4 8151 3 404 33 404174 404  4
4 8151 5 404 35 404174 404  4
4 8165 32201 3022011722201  3
4 8180 22432 532432190   0  0
4 8182 33229  33229  23229  1
4 8182 43229  43229  23229  1
4 8227 3 700 32 700176   0  0
4 8227 4 700 34 700176   0  0
4 8233 32392 3623921732392  5
4 8233 42392 3723921732392  5
4 8244 31335 561335 35   0  0
4 8246 43386  43386  23386  1
4 8278 31597 301597  3   0  0
4 8278 41597 311597  3   0  0
4 8323 3675018467501836750188
4 8323 4675018567501836750188
