   41 3   41 2   112524172
   44 2   44 1   21 323173
   72 5   72 2   315904176
   74 3   74 2   416088 31
   94 3   94 2   512852 33
  108 4  108 2   611163172
  113 2  113 1   71 941  3
  117 4  117 2   81  96  3
  123 3  123 2   91 250  3
  127 3  127 2  1015678172
  127 5  127 2  1015678172
  131 2  131 1  1111167 33
  131 3  131 1  1111167 33
  132 2  132 1  121 419 30
  134 3  134 2  1312248172
  134 4  134 2  1312248172
  142 2  142 1  1412875  7
  142 3  142 1  1412875  7
  145 4  145 2  1512311172
  148 3  148 2  161   4173
  150 3  150 2  1716765  5
  161 2  161 1  181 138 31
  161 3  161 1  181 138 31
  171 2  171 1  1915863 33
  181 4  181 2  201  50171
  183 3  183 1  2116839  9
  195 3  195 2  221 863  7
  196 3  196 2  231   4 31
  196 4  196 2  231   4 31
  204 2  204 1  241 544 21
  221 3  221 2  2511917  5
  235 2  235 1  2616127 33
  239 2  239 1  2715464  2
  244 3  244 2  2811000  4
  253 2  253 1  2915170  7
  258 3  258 2  301 931 30
  258 4  258 2  301 931 30
  259 2  259 1  3115990 31
  276 2  276 1  3215171  8
  287 3  287 2  331 751 30
  293 3  293 2  341  18173
  298 3  298 1  3512302173
  315 3  315 1  361 496180
  316 3  316 2  3711767180
  318 2  318 1  3812061  2
  320 6 1692 1 24716166 50
  336 3  336 1  4013345  1
  336 5  336 1  4013345  1
  344 3  344 2  4116200 10
  359 3  359 2  421 941186
  380 3  380 2  431 941 31
  380 4  380 2  431 941 31
  386 2  386 1  4416166 33
  393 2  393 1  4511168  8
  397 3  397 2  4611045 30
  399 3  399 2  471 817170
  445 3  445 2  4812237172
  450 3  450 2  491 673 30
  464 3  464 2  501 922  5
  466 2  466 1  5115904 37
  468 3  468 2  521 750173
  485 3  485 2  531 356  3
  486 3  486 2  541 495 33
  486 4  486 2  541 495 33
  494 5  494 2  5516560170
  502 2  320 2  3916166 11
  507 3  507 1  5615612183
  507 4  507 1  5615612183
  514 3  514 2  571  50  5
  514 4  514 2  571  50  5
  515 2  515 1  581 419 31
  515 3  515 1  581 419 31
  516 4  516 2  5912280172
  525 3  525 2  6011634172
  525 4  525 2  6011634172
  537 3  537 2  6111915171
  540 3  540 2  6212860  6
  540 4  540 2  6212860  6
  543 3  543 2  6315055178
  546 3  546 2  641  68175
  551 2  551 1  6516396  3
  551 3  551 1  6516396  3
  566 3  566 2  6616030  7
  566 5  566 2  6616030  7
  570 2  570 1  6716820173
  613 3  613 2  6811351174
  613 4  613 2  6811351174
  614 3  614 2  691 323  4
  614 4  614 2  691 323  4
  616 3  616 2  7016358170
  622 3  622 1  7111919175
  622 4  622 1  7111919175
  650 3  650 2  7213147  2
  653 3  653 2  7315182 33
  653 4  653 2  7315182 33
  660 3  660 2  7413159  2
  660 4  660 2  7413159  2
  676 3  676 2  7515182182
  676 4  676 2  7515182182
  683 3  683 2  7611066 30
  691 3  691 2  7713333  2
  709 3  709 2  7811915  5
  712 4  712 2  7912302 11
  712 5  712 2  7912302 11
  732 3  732 1  801  40173
  745 3  745 2  8111591172
  745 4  745 2  8111591172
  751 3  751 2  821  45179
  758 3  758 2  831 319  3
  759 3  759 2  8411978171
  773 4  773 2  851 656  4
  774 4  774 2  8611242177
  777 4  777 2  8712876 30
  778 2  778 1  8816066  5
  778 3  778 1  8816066  5
  779 3  779 2  8911841  3
  779 4  779 2  8911841  3
  784 3  784 2  9012302 32
  787 3  787 1  9115663 34
  788 3  788 2  921 495 30
  793 3  793 2  931 751 31
  793 4  793 2  931 751 31
  797 3  797 2  9415526 10
  808 4  808 2  9511935  4
  811 2  811 1  9615065 36
  823 4  823 2  9712461174
  823 5  823 2  9712461174
  827 3  827 2  9812532  3
  828 2  828 1  9915464170
  829 3  829 1 10012260172
  841 3  841 2 10112198173
  841 4  841 2 10112198173
  845 5  845 3 1021 686 33
  856 4  856 2 10316060  3
  860 3  860 2 1041 634  7
  863 3  863 2 1051 840190
  867 4  867 1 10611303  4
  867 5  867 1 10611303  4
  872 3  872 2 10715965182
  872 4  872 2 10715965182
  873 2  87371 10811098175
  873 3  87371 10811098175
  874 3  874 2 10912524171
  877 2  877 1 11016571176
  877 3  877 1 11016571176
  884 3  884 2 11112590 30
  884 4  884 2 11112590 30
  892 3    0 0124615995  1
  893 2  893 1 11211628  4
  893 3  893 1 11211628  4
  904 3  904 2 1131   7175
  907 3  907 1 1141 711  3
  909 3  909 2 11515182 30
  909 4  909 2 11515182 30
  915 3  915 2 1161 117 30
  915 4  915 2 1161 117 30
  925 3  925 2 11712176175
  933 5  933 1 1181 818171
  938 3  938 2 11915663  7
  939 4  939 1 12011908174
  940 3  940 2 1211  18 31
  940 4  940 2 1211  18 31
  941 4  941 2 12216736  5
  960 2  960 1 12315771170
  970 2  970 1 12415995  6
  984 2  984 1 12515395  5
  993 2  993 1 12615904 33
  993 3  993 1 12615904 33
  996 4  996 2 12711542  5
 1000 3 1000 2 12811163173
 1006 4 1006 1 12911368172
 1012 3 1012 2 13011645  4
 1012 4 1012 2 13011645  4
 1019 2 1019 1 13116710 31
 1024 3 1024 1 13211498175
 1036 3 1036 2 13311068 30
 1039 3 1039 2 13415994  6
 1040 2 1040 1 13515635  3
 1043 3 1043 2 13612486 31
 1052 3 1052 2 13716107 30
 1053 3 1053 1 13811954170
 1055 3 1055 2 1391 343171
 1055 4 1055 2 1391 343171
 1060 3 1060 2 1401 844172
 1072 2 1072 1 14111096174
 1076 3 1076 2 14211695 11
 1087 3 1087 2 14315834185
 1093 3 1093 1 14415363  4
 1096 3 1096 2 1451 374  5
 1098 3 1098 2 14612410 30
 1103 3 1103 2 14711048  6
 1112 3 1112 2 14812137174
 1113 4 1113 2 14912047  5
 1114 3 1114 2 1501 344178
 1117 2 1117 1 15116655  2
 1117 3 1117 1 15116655  2
 1124 3 1124 2 15215061  4
 1136 2 1136 1 15315065186
 1143 4 1143 2 15415539  3
 1146 4 1146 1 15516785  7
 1146 5 1146 1 15516785  7
 1160 8 1160 2 15616205  5
 1160 9 1160 2 15616205  5
 1168 3 1168 2 1571 220170
 1171 3 1171 2 15815219195
 1171 5 1171 2 15815219195
 1173 3 1173 2 15912297174
 1175 2 1175 1 16012028 30
 1177 3 1177 2 16111905173
 1186 3 1186 1 16215635  2
 1191 2 1191 1 16316605 12
 1191 3 1191 1 16316605 12
 1193 2 1193 1 16415995 30
 1193 3 1193 1 16415995 30
 1198 2 1198 1 16515526 16
 1207 4 1207 2 16612852  6
 1207 6 1207 2 16612852  6
 1212 2 1212 1 16712851  5
 1212 3 1212 1 16712851  5
 1214 3 1214 2 1681  39174
 1216 3 1216 2 1691 699174
 1216 4 1216 2 1691 699174
 1233 3 1233 2 1701 280172
 1242 3 1242 1 17116413 35
 1248 3 1248 2 17213090  2
 1267 2 1267 1 17316736 30
 1268 3 1268 2 17415991  2
 1268 4 1268 2 17415991  2
 1271 3 1271 2 17511121175
 1273 2 1273 1 17611914 30
 1276 3 1276 2 1771 173  5
 1279 3 1279 2 1781 626 34
 1279 4 1279 2 1781 626 34
 1297 4 1297 2 17912238170
 1300 3 1300 2 18013179  3
 1300 5 1300 2 18013179  3
 1307 3 1307 2 18112848 30
 1307 4 1307 2 18112848 30
 1312 3 1312 2 18213151  2
 1315 3 1315 2 18316413 10
 1321 2 1321 1 18416840 30
 1322 2 1322 6 18516110171
 1322 3 1322 6 18516110171
 1327 3 1327 1 18616166  6
 1347 3 1347 2 1871  90  3
 1347 4 1347 2 1871  90  3
 1351 2 1351 1 18811242  6
 1351 3 1351 1 18811242  6
 1355 2 1355 1 18911722 33
 1358 3 1358 2 19013094  2
 1358 4 1358 2 19013094  2
 1360 3 1360 1 19116735  8
 1362 4 1362 1 19212083174
 1366 3 1366 2 19312726  3
 1366 4 1366 2 19312726  3
 1376 2 1376 1 19412848 10
 1376 3 1376 1 19412848 10
 1381 2 1381 1 1951 840 38
 1384 3 1384 2 19612714191
 1395 4 1395 1 19715995170
 1398 4 1398 2 19811125172
 1400 3 1400 2 1991 620  4
 1402 2 1402 1 20012443170
 1403 3 1403 2 20112490 31
 1405 3 1405 2 20213404  2
 1405 4 1405 2 20213404  2
 1411 2 1411 1 2031   7 30
 1411 4 1411 1 2031   7 30
 1419 5 1419 2 2041 769  3
 1425 2 1425 1 2051 707171
 1425 3 1425 1 2051 707171
 1437 2 1437 1 20615065 34
 1437 5 1437 1 20615065 34
 1441 3 1441 2 2071 868181
 1451 2 1451 1 2081 880174
 1465 3 1465 2 20911695 10
 1467 3 1467 2 2101 783171
 1470 2 1470 1 21113033  1
 1472 3 1472 2 2121 173  4
 1472 4 1472 2 2121 173  4
 1473 3 1473 2 21312714179
 1475 3 1475 2 21411142171
 1475 4 1475 2 21411142171
 1484 3 1484 2 2151 634  6
 1488 3 1488 2 2161 961  4
 1516 2 1516 1 21716765  4
 1516 3 1516 1 21716765  4
 1517 3 1517 2 21812055181
 1528 3 1528 2 2191  47  4
 1530 2 1530 4 22016030182
 1546 3 1546 2 2211  51 30
 1547 3 1547 2 22213416  2
 1555 3 1555 2 22315120178
 1560 5 1560 2 22412435175
 1561 2 1561 1 22515375170
 1562 2    0 012471 105912
 1570 2 1570 1 22611762 32
 1570 3 1570 1 22611762 32
 1571 3 1571 1 22715664  3
 1585 2 1585 1 2281 354171
 1591 2 1591 1 22911782 30
 1591 3 1591 1 22911782 30
 1593 2  132 1  121 419 30
 1595 2 1595 1 23012128 30
 1595 3 1595 1 23012128 30
 1597 2 1597 1 23116857199
 1601 2 1601 1 23215990  4
 1602 2 1602 1 23311918  4
 1617 2 1617 1 23415066180
 1621 4 1621 2 2351 129 35
 1635 3 1635 2 2361 893170
 1635 4 1635 2 2361 893170
 1637 2 1637 1 23715395  7
 1644 3 1644 2 23811038173
 1646 3 1646 2 23912177  5
 1646 4 1646 2 23912177  5
 1649 2 1649 1 24012083171
 1654 3 1654 2 24112593170
 1670 3 1670 2 24212849  3
 1671 2 1671 1 2431 702 30
 1676 3 1676 2 24415987188
 1676 4 1676 2 24415987188
 1685 3 1685 2 24511905172
 1687 2 1687 1 24613027  1
 1692 2 1692 1 24716166 50
 1702 2 1702 1 24812461171
 1709 2 1709 1 2491 452 30
 1712 3 1712 2 25012054  3
 1712 4 1712 2 25012054  3
 1714 3 1714 2 2511 713183
 1735 5 1735 2 2521 729188
 1735 6 1735 2 2521 729188
 1738 3 1738 2 2531 517  2
 1747 2 1747 1 25415501 32
 1747 3 1747 1 25415501 32
 1748 2 1748 1 25515885174
 1755 2 1755 1 25612272  3
 1759 3 1759 2 25711522  8
 1776 3 1776 2 2581 582174
 1785 2 1785 1 25915314 30
 1785 3 1785 1 25915314 30
 1797 3 1797 2 26013348  5
 1804 2 1804 1 26115863 31
 1804 3 1804 1 26115863 31
 1819 3 1819 2 26211152176
 1827 3 1827 2 26311411 31
 1829 3 1829 2 26415442 31
 1850 3 1850 1 2651 327 31
 1867 2 1867 1 26611945 30
 1868 3 1868 2 2671 195170
 1868 4 1868 2 2671 195170
 1871 3 1871 1 2681 633 30
 1871 4 1871 1 2681 633 30
 1876 4 1876 2 26915292 32
 1883 4 1883 2 2701 452177
 1884 4 1884 2 27111242176
 1886 2 1886 1 27215871172
 1898 2 1898 1 27311167 30
 1898 3 1898 1 27311167 30
 1909 2 1909 1 27415539188
 1915 3 1915 2 27511434 32
 1916 2 1916 1 27612867 31
 1938 4 1938 2 2771 433175
 1938 5 1938 2 2771 433175
 1942 3 1942 2 27812847 31
 1944 4 1944 2 2791 769173
 1951 3 1951 2 28011947171
 1951 4 1951 2 28011947171
 1956 4 1956 2 2811 750174
 1971 3 1971 2 2821 709 34
 1982 4 1982 2 28312530  4
 1983 2 1983 1 28415537  3
 1984 3 1984 2 28516112173
 1984 4 1984 2 28516112173
 1990 3 1990 2 28612053  4
 1992 3 1992 2 28712869 30
 1994 3 1994 1 28815539  6
 2032 3 2032 1 28911383174
 2032 4 2032 1 28911383174
 2037 3 2037 2 29011867  3
 2040 3 2040 1 29115142  4
 2044 3 2044 2 29211784  5
 2044 5 2044 2 29211784  5
 2053 3 2053 2 2931 856  5
 2053 4 2053 2 2931 856  5
 2054 4 2054 2 29412353171
 2056 3 2056 1 29515900  5
 2061 4 2061 2 2961 355171
 2062 4 2062 1 29715683  8
 2064 2 2064 1 2981 172 34
 2065 2 2065 1 29915170 30
 2067 3 2067 2 30015897  5
 2069 4 2069 2 30112095177
 2078 3 2078 2 30213109  2
 2087 3 2087 2 30315463  5
 2093 4 2093 2 30412196 30
 2093 5 2093 2 30412196 30
 2102 2 2102 1 30516166 14
 2105 4 2105 2 30612109  2
 2109 3 2109 2 30712464171
 2112 3 2112 2 30816736184
 2114 6 2114 1 30915547  9
 2114 7 2114 1 30915547  9
 2116 2 2116 1 31012238172
 2139 3 2139 2 3111 961  3
 2139 4 2139 2 3111 961  3
 2149 4 2149 2 31212852172
 2157 4 2157 1 31315560 30
 2157 5 2157 1 31315560 30
 2162 2 2162 1 31416635 32
 2170 3 2170 2 31516166 44
 2172 3 2172 2 31611107175
 2172 4 2172 2 31611107175
 2180 3 2180 2 3171  47 32
 2190 3 2190 2 31811654  3
 2192 3 2192 2 31912181 30
 2198 3 2198 2 32015613  8
 2199 3 2199 2 3211  40182
 2206 3 2206 2 3221 750170
 2208 2 2208 1 3231   7177
 2208 3 2208 1 3231   7177
 2214 4 2214 2 3241 122173
 2216 2 2216 1 32515314172
 2216 3 2216 1 32515314172
 2222 2 2222 1 32611460  8
 2223 2 2223 1 3271 729 30
 2223 3 2223 1 3271 729 30
 2226 2 2226 1 32815614 31
 2229 4 2229 2 32911399175
 2247 3 2247 1 33016626  6
 2250 3 2250 2 33111274  3
 2255 2 2255 1 33215069 31
 2266 4 2266 1 33315446170
 2271 3 2271 2 33412435  7
 2277 3 2277 2 3351 946172
 2291 2 2291 1 33615458 32
 2305 3 2305 1 33711962176
 2310 3 2310 2 33812117  6
 2310 4 2310 2 33812117  6
 2324 2 2324 1 33911505  4
 2334 2 2334 1 34015052 33
 2334 3 2334 1 34015052 33
 2346 3 2346 2 34111568 32
 2347 4 2347 2 34211624  3
 2348 3 2348 2 34315916  8
 2351 2 2351 1 34411571 32
 2353 3 2353 2 3451 853  3
 2356 3 2356 2 34611807 30
 2357 4 2357 2 34711167 32
 2360 2 2360 1 34811571176
 2370 3 2370 2 3491 548183
 2370 4 2370 2 3491 548183
 2371 3 2371 1 35012701 33
 2371 4 2371 1 35012701 33
 2372 3 2372 2 35113019  2
 2386 3 2386 2 35213233  2
 2389 2 2389 1 35315479 30
 2406 3 2406 2 35416793 33
 2407 3 2407 2 3551 620  6
 2407 4 2407 2 3551 620  6
 2408 3 2408 2 3561 915172
 2411 3 2411 1 35715424 30
 2417 2 2417 1 3581 964173
 2419 2 2419 1 35912848 33
 2425 1 2406 2 35416793 33
 2425 2 2406 2 35416793 33
 2426 3 2426 2 3601 999170
 2427 3 2427 2 36111698  4
 2431 3 2431 2 3621 228  5
 2439 4 2439 2 36313221  2
 2440 3 2440 2 36412304  4
 2440 4 2440 2 36412304  4
 2450 3 2450 2 36513238  2
 2458 3 2458 1 36615922 38
 2473 4 2473 2 36715379174
 2474 3 2474 2 36816127178
 2503 3 2503 2 36912418173
 2504 3 2504 2 3701 563 32
 2504 4 2504 2 3701 563 32
 2514 3 2514 2 37111798191
 2524 6 2524 2 37215614170
 2532 4 2532 1 3731 257174
 2533 2 2533 1 37415922  7
 2555 2 2555 1 37516152  2
 2565 2 2565 1 37616588 36
 2569 3 2569 2 37711690170
 2570 2 2570 1 37812516  4
 2572 2 2572 1 37911315  5
 2572 3 2572 1 37911315  5
 2579 3 2579 2 3801 625  5
 2581 3 2581 2 3811 368170
 2586 3 2586 2 38216765  6
 2590 3 2590 2 3831 833178
 2603 3 2603 2 38412302201
 2605 4 2605 1 38515628  6
 2606 3 2606 1 3861 846  6
 2617 3 2617 1 38715057 15
 2651 3 2651 2 3881 257 30
 2668 3 2668 2 3891  14  3
 2668 4 2668 2 3891  14  3
 2669 4 2669 2 39015801 30
 2670 2 2670 1 39111043  8
 2670 3 2670 1 39111043  8
 2676 3 2676 2 39212175171
 2676 4 2676 2 39212175171
 2681 3 2681 2 39312210 30
 2681 4 2681 2 39312210 30
 2682 2 2682 1 39415430 30
 2682 3 2682 1 39415430 30
 2688 3 2688 2 39515425  3
 2688 4 2688 2 39515425  3
 2690 2 2690 1 39615133 31
 2690 3 2690 1 39615133 31
 2696 3 2696 2 39713010  2
 2708 3 2708 1 39816664177
 2708 4 2708 1 39816664177
 2714 2 2714 1 39911571 30
 2714 3 2714 1 39911571 30
 2721 3 2721 1 40012409171
 2730 3 2730 2 40116635171
 2738 4 2738 1 40213117  1
 2749 2 2749 1 40315048 30
 2749 4 2749 1 40315048 30
 2750 4 2750 2 40412427171
 2753 4 2753 1 40512432 35
 2753 5 2753 1 40512432 35
 2763 5 2763 2 40611258172
 2772 3 2772 2 40711540177
 2774 3 2774 1 4081 913  5
 2784 5 2784 2 40912615  7
 2792 3 2792 2 41012835  4
 2792 4 2792 2 41012835  4
 2795 3 2795 2 4111 432172
 2798 3 2798 2 41215443  7
 2813 4 2813 2 41311407172
 2814 3 2814 2 41412030175
 2816 3 2816 2 41515458  3
 2826 2 2826 1 4161 433  8
 2831 2 2831 1 4171  22173
 2844 4 2844 2 41811522 10
 2844 5 2844 2 41811522 10
 2845 2 2845 1 41915366 32
 2861 3 2861 2 42012880  5
 2861 4 2861 2 42012880  5
 2862 2 2862 1 42115363 30
 2864 4 2864 2 42211613  7
 2864 5 2864 2 42211613  7
 2882 4 2882 2 42312672  5
 2886 3 2886 2 4241 121  7
 2888 2 2888 1 4251  99171
 2888 3 2888 1 4251  99171
 2896 2 2896 1 42612688 31
 2900 3 2900 2 4271 717176
 2902 3 2902 2 42811258  3
 2902 4 2902 2 42811258  3
 2904 3 2904 1 42912799  5
 2904 4 2904 1 42912799  5
 2909 3 2909 2 43011612170
 2916 2 2916 1 43115464184
 2916 3 2916 1 43115464184
 2918 5 2918 2 43216801  3
 2923 3 2923 2 43316210179
 2925 2 2925 1 43415683182
 2928 2 2928 1 43512682  5
 2928 3 2928 1 43512682  5
 2932 3 2932 1 43611775  5
 2940 3 2940 2 43712727171
 2942 3 2942 2 43815570203
 2957 2 2957 1 43912436174
 2967 3 2967 2 4401 128172
 2967 4 2967 2 4401 128172
 2969 3 2969 2 44112432 33
 2969 4 2969 2 44112432 33
 2973 3 2973 2 44212067188
 2974 2 2974 1 44315057190
 2982 3 2982 2 4441 709  7
 2982 4 2982 2 4441 709  7
 2988 3 2988 2 44516200 11
 2988 4 2988 2 44516200 11
 2995 3 2995 2 44615048 35
 2996 5 2996 2 44711841171
 2998 3 2998 2 4481 486170
 3002 3 3002 2 4491 178171
 3009 3 3009 2 45012893  3
 3017 3 3017 2 4511 834174
 3017 4 3017 2 4511 834174
 3019 4 3019 2 45212277  8
 3023 3 3023 2 4531 350  3
 3023 4 3023 2 4531 350  3
 3028 4 3028 2 45412590 32
 3040 3 3040 1 45512916 30
 3040 4 3040 1 45512916 30
 3042 2 3042 1 45616854  4
 3043 2    0 0124811690174
 3043 3    0 0124811690174
 3048 4 3048 3 45715613172
 3053 3 3053 1 4581 935  4
 3070 3 3070 1 45916370186
 3087 3 3087 1 46011954172
 3089 3 3089 2 46112125  6
 3099 3 3099 2 46211627 30
 3104 3 3104 2 46315560 35
 3107 3 3107 2 46412280173
 3107 4 3107 2 46412280173
 3113 2 3113 1 46512881 32
 3122 3 3122 2 4661 263 31
 3128 2 3128 1 46716539170
 3129 4 3129 2 46813223  2
 3130 3 3130 1 46912177177
 3132 3 3132 2 4701 706  5
 3135 3 3135 2 47111955170
 3138 4 3138 2 47211335175
 3140 3 3140 2 47312285175
 3140 4 3140 2 47312285175
 3145 4 3145 2 47411485  3
 3146 2 3146 1 47516361  6
 3155 4 3155 2 47612416  6
 3156 3 3156 2 47711127172
 3159 2 3159 1 47811060 31
 3172 3 3172 2 47911142  3
 3172 4 3172 2 47911142  3
 3173 4 3173 2 48012030  6
 3182 4 3182 1 48116335  4
 3182 5 3182 1 48116335  4
 3183 3 3183 2 48211233 30
 3183 4 3183 2 48211233 30
 3190 2 3190 1 48315241 30
 3197 3 3197 2 48412138 30
 3200 2 3200 1 48516706176
 3200 3 3200 1 48516706176
 3208 2 3208 1 48616370 31
 3208 3 3208 1 48616370 31
 3227 3 3227 2 48715898  3
 3240 3 3240 2 48812352170
 3240 4 3240 2 48812352170
 3244 3 3244 2 48911055172
 3253 3 3253 2 49012323 31
 3253 4 3253 2 49012323 31
 3254 3 3254 2 49112509  3
 3254 4 3254 2 49112509  3
 3255 3 3255 1 49212129183
 3257 3 3257 2 49316485 30
 3260 3 3260 2 4941 863  6
 3260 4 3260 2 4941 863  6
 3261 4 3261 2 49512355174
 3261 5 3261 2 49512355174
 3276 4 3276 2 49611762  6
 3284 6 3284 1 49716150  4
 3286 2 3286 1 49815393171
 3287 4 3287 2 49911542  6
 3289 3 3289 2 50012895 30
 3289 4 3289 2 50012895 30
 3292 3 3292 2 50112240 30
 3299 3 3299 2 50211542  7
 3299 4 3299 2 50211542  7
 3303 4 3303 2 5031 976172
 3317 4 3317 2 5041 998170
 3317 5 3317 2 5041 998170
 3320 3 3320 2 50512822175
 3328 4 3328 2 50612106171
 3334 3 3334 2 50712237171
 3336 3 3336 2 50811315 30
 3336 5 3336 2 50811315 30
 3348 3 3348 2 5091 565  4
 3348 4 3348 2 5091 565  4
 3354 2 3354 1 5101 728 30
 3357 4 3357 2 5111  47 31
 3368 6 3368 4 51213110170
 3371 2 3371 1 51311692 31
 3379 3 3379 1 51413194  1
 3383 3 3383 1 51515417  4
 3383 4 3383 1 51515417  4
 3389 4 3389 2 51612219170
 3391 6 3391 2 51713225  2
 3395 3 3395 2 51811682  4
 3396 2 3396 1 51916853  3
 3408 3 3408 2 5201 121173
 3412 3 3412 2 52116801170
 3415 4 3415 2 52211092  3
 3425 3 3425 2 5231 652173
 3426 3 3426 2 52411468  5
 3434 3 3434 1 52516684  4
 3440 3 3440 2 52611775  6
 3440 4 3440 2 52611775  6
 3448 3 3448 2 52711126 30
 3448 4 3448 2 52711126 30
 3451 3 3451 2 52813232  2
 3454 3 3454 2 5291 459170
 3461 3 3461 2 5301 556177
 3463 3 3463 2 5311 563183
 3463 4 3463 2 5311 563183
 3465 3 3465 2 53211648172
 3465 4 3465 2 53211648172
 3466 3 3466 2 5331 106173
 3466 4 3466 2 5331 106173
 3468 3 3468 2 5341  89 31
 3471 4 3471 1 53511690 30
 3472 3 3472 2 5361 613  5
 3476 3 3476 2 5371 563 40
 3485 3 3485 2 53811919173
 3493 3 3493 2 53912080170
 3494 3 3494 2 5401 868  6
 3494 4 3494 2 5401 868  6
 3498 3 3498 1 54116832  3
 3500 3 3500 2 5421 691176
 3502 2 3502 1 54315820  7
 3502 3 3502 1 54315820  7
 3504 3 3504 2 54412509177
 3506 4 3506 2 54512175170
 3510 2 3510 1 54616724  8
 3510 3 3510 1 54616724  8
 3547 3 3547 1 54713163  2
 3559 3 3559 2 54812473170
 3565 2 3565 1 54916053 31
 3567 3 3567 2 55011258171
 3567 4 3567 2 55011258171
 3574 4 3574 2 55112485173
 3574 5 3574 2 55112485173
 3576 4 3576 2 55213365  2
 3580 3 3580 2 55316166 40
 3584 4 3584 2 55412576  3
 3587 3 3587 2 5551 775172
 3588 4 3588 3 55613356  3
 3595 3 3595 2 5571 465 30
 3597 4 3597 2 55813196  2
 3605 2 3605 1 55916832 33
 3605 3 3605 1 55916832 33
 3606 3 3606 2 56012510171
 3606 4 3606 2 56012510171
 3608 3 3608 2 56116546182
 3614 2 3614 1 56216145 32
 3628 3 3628 1 5631 636  3
 3629 5 3629 1 56416516176
 3636 6 3636 2 56513369  2
 3643 2 3643 1 56612108  5
 3643 3 3643 1 56612108  5
 3646 3 3646 1 5671 478  4
 3654 2 3654 1 56816231 31
 3656 3 3656 2 5691  53217
 3671 2 3671 1 57015136 11
 3671 3 3671 1 57015136 11
 3677 3 3677 2 5711  53191
 3678 3 3678 2 57211893174
 3678 4 3678 2 57211893174
 3684 3 3684 2 57312059176
 3689 5 3689 2 57412188  5
 3692 3 3692 1 5751 846  7
 3698 3 3698 2 5761 652  3
 3719 4 3719 2 57712277181
 3719 5 3719 2 57712277181
 3721 6 3721 2 57813200  2
 3731 4 3731 2 57911093  3
 3737 3 3737 2 58011468  6
 3760 3 3760 2 58111763185
 3760 4 3760 2 58111763185
 3761 2 3761 1 58211799  6
 3761 3 3761 1 58211799  6
 3777 4 3777 2 58312410  3
 3778 4 3778 1 58415493  7
 3804 3 3804 2 58512501178
 3804 4 3804 2 58512501178
 3827 3 3827 2 58612656171
 3839 3 3839 2 5871 221171
 3850 4 3850 2 58815653177
 3866 3 3866 1 58915900174
 3888 3 3888 2 59013378  2
 3893 3 3893 2 59116545  7
 3899 3 3899 2 59216231 33
 3909 2 3909 1 59315393181
 3911 3 3911 2 59416822174
 3912 3 3912 2 59516073 31
 3918 2 3918 1 59615676176
 3923 4 3923 2 5971 656  5
 3926 3 3926 2 59816583 30
 3926 4 3926 2 59816583 30
 3931 3 3931 2 59911763  6
 3936 3 3936 1 60013133  1
 3939 2 3939 1 60116212170
 3940 3 3940 2 60213367  2
 3940 4 3940 2 60213367  2
 3948 4 3948 2 60316327  4
 3954 2 3954 1 60415872 31
 3960 4 3960 2 60512704  3
 3966 5 3966 2 60613375  2
 3967 3 3967 2 60713387  2
 3969 3 3969 2 60815576172
 3969 4 3969 2 60815576172
 3971 3 3971 2 6091 428170
 3976 3 3976 2 61016335 31
 3979 3 3979 1 61113353  1
 3979 4 3979 1 61113353  1
 3980 3 3980 1 61216287 33
 3980 4 3980 1 61216287 33
 3981 4 3981 2 61311397171
 3988 2 3988 1 61415678 30
 3988 3 3988 1 61415678 30
 3999 3 399971 61516830171
 4000 3 4000 2 6161 692  7
 4000 4 4000 2 6161 692  7
 4021 5 4021 2 61711697 41
 4031 3 4031 2 61815393 30
 4032 4 4032 2 61916200  9
 4036 3 4036 2 6201 455 30
 4037 5 4037 2 62111394  3
 4041 2 4041 1 62211100  4
 4062 3 4062 1 62311475170
 4063 3 4063 2 62412831  4
 4066 5 4066 2 6251 203  5
 4070 3 4070 2 62611839174
 4070 5 4070 2 62611839174
 4074 3 4074 2 62713309  2
 4074 4 4074 2 62713309  2
 4086 2 4086 1 62815706  3
 4088 3 4088 2 62916583199
 4088 4 4088 2 62916583199
 4098 3 4098 2 63012599173
 4098 4 4098 2 63012599173
 4101 2 4101 1 63116590 31
 4103 3 4103 2 63213368  6
 4103 4 4103 2 63213368  6
 4126 4 4126 2 6331 838  3
 4128 4 4128 2 63413376  2
 4131 3 4131 1 63516522  4
 4137 3 4137 2 6361 713176
 4141 2 4141 1 63716370172
 4143 2 4143 1 63816156181
 4148 2 4148 1 63915872 35
 4148 3 4148 1 63915872 35
 4152 3 4152 1 64011037  5
 4158 2 4158 1 6411 351173
 4159 3 4159 2 64212897  3
 4172 4 4172 2 64311141  2
 4172 5 4172 2 64311141  2
 4176 3 4176 2 64413096  2
 4184 3 4184 2 64511613176
 4194 2 4194 1 64616867200
 4194 3 4194 1 64616867200
 4197 3 4197 2 6471  90171
 4198 2 4198 1 64816590 10
 4200 2 4200 1 64911394 33
 4207 2 4207 1 65016370 33
 4207 3 4207 1 65016370 33
 4209 4 4209 1 65115640 32
 4215 3 4215 2 65211644  4
 4215 5 4215 2 65211644  4
 4217 2 4217 1 65312526173
 4241 3 4241 2 65412412 30
 4242 3 4242 1 65515047  3
 4242 4 4242 1 65515047  3
 4246 4 4246 2 65616418  3
 4256 3 4256 2 6571 725177
 4257 2 4257 1 65816801187
 4263 2 4263 1 65916590 34
 4274 4 4274 2 6601 508  4
 4279 2 4279 1 66112485176
 4295 2 4295 1 6621 833189
 4305 3 4305 2 66311415  4
 4312 2 4312 1 66416232192
 4316 2 4316 1 66516607  8
 4319 3 4319 2 66611695 34
 4321 3 4321 2 66712195180
 4327 2 4327 1 66815610  5
 4329 3 4329 2 66912897176
 4333 3 4333 2 67012656174
 4333 4 4333 2 67012656174
 4334 3 4334 2 67116853 30
 4344 3 4344 2 67211862172
 4346 2 4346 1 67316494185
 4346 3 4346 1 67316494185
 4347 3 4347 2 67412086  4
 4347 4 4347 2 67412086  4
 4353 3 4353 2 6751 922  4
 4353 4 4353 2 6751 922  4
 4354 4 4354 2 67616828  3
 4361 3 4361 2 67712661171
 4361 4 4361 2 67712661171
 4367 4 4367 2 67812224184
 4367 5 4367 2 67812224184
 4375 4 4375 2 67911411184
 4383 3 4383 2 6801 722 32
 4384 3 4384 2 68112586172
 4395 3 4395 1 68211909  1
 4395 4 4395 1 68211909  1
 4397 3 4397 2 68312117  3
 4397 4 4397 2 68312117  3
 4405 2 4405 1 68416086  3
 4412 4 4412 2 68515066  6
 4414 4 4414 1 6861 517170
 4422 3 4422 2 68711227193
 4424 3 4424 2 68813360  1
 4424 4 4424 2 68813360  1
 4429 3 4429 2 68915960 38
 4430 3 4430 2 69012012  3
 4430 4 4430 2 69012012  3
 4455 2 4455 1 69115177  7
 4455 3 4455 1 69115177  7
 4460 3 4460 2 6921 200175
 4462 3 4462 2 69315621177
 4465 3 4465 2 69411100  3
 4469 4 4469 1 69512061181
 4477 4 4477 2 69611919  9
 4477 5 4477 2 69611919  9
 4482 3 4482 2 69715573  8
 4487 2 4487 1 69815299 32
 4491 3 4491 1 69916161  7
 4504 4 4504 2 70013176  2
 4504 5 4504 2 70013176  2
 4505 2 4505 1 70115623 37
 4508 2 4508 1 70215656171
 4509 2 4509 1 70316205 10
 4509 3 4509 1 70316205 10
 4511 3 4511 2 70415305183
 4511 4 4511 2 70415305183
 4512 2 4512 1 70515938 31
 4512 3 4512 1 70515938 31
 4514 3 4514 1 70616591  6
 4529 3 4529 2 70711051 38
 4537 4 4537 2 7081 145  3
 4540 3 4540 2 70916414  1
 4542 2 4542 1 71015623 40
 4543 3 4543 2 71111131173
 4543 4 4543 2 71111131173
 4547 3 4547 2 71215680  5
 4547 4 4547 2 71215680  5
 4548 4 4548 2 71311879175
 4553 3 4553 2 71411084175
 4559 2 4559 1 71511906 30
 4560 2 4560 1 71613390  2
 4562 2 4562 1 71716832  4
 4562 3 4562 1 71716832  4
 4571 5 4571 2 71815315173
 4578 3 4578 2 71913302  2
 4578 4 4578 2 71913302  2
 4583 3 4583 1 72015872  6
 4587 3 4587 1 72111692 30
 4587 4 4587 1 72111692 30
 4591 3 4591 2 72212108177
 4591 4 4591 2 72212108177
 4608 3 4608 2 72315774170
 4608 4 4608 2 72315774170
 4613 3 4613 2 72416838  6
 4621 4 4621 1 72512302195
 4623 3 4623 2 72612639  3
 4635 3 4635 2 72712540 31
 4635 4 4635 2 72712540 31
 4637 2 4637 1 72812432 34
 4637 4 4637 1 72812432 34
 4643 3 4643 2 72912067189
 4644 4 4644 2 73015570  3
 4651 3 4651 2 73111144174
 4663 2 4663 1 73216485180
 4670 3 4670 2 7331 577  4
 4684 3 4684 2 73412882171
 4684 4 4684 2 73412882171
 4685 4 4685 2 73516361  3
 4685 5 4685 2 73516361  3
 4688 3 4688 1 73615199  4
 4690 4 4690 2 73712509173
 4691 2 4691 1 73816649 30
 4693 3 4693 2 73911862 30
 4693 4 4693 2 73911862 30
 4695 2 4695 1 74012129181
 4696 4 4696 2 74115715  3
 4699 2 4699 1 74215133  3
 4711 2 4711 1 74315306170
 4711 4 4711 1 74315306170
 4713 3 4713 2 74415909184
 4726 3 4726 1 74516537 32
 4748 3 4748 2 74611878172
 4748 4 4748 2 74611878172
 4750 3 4750 2 74715463 30
 4755 3 4755 2 74811522175
 4758 3 4758 2 74912779170
 4765 3 4765 1 75016832 32
 4765 4 4765 1 75016832 32
 4768 4 4768 2 75112807170
 4775 3 4775 2 75213374  2
 4782 3 4782 2 75311332174
 4782 4 4782 2 75311332174
 4790 3 4790 2 75412607  3
 4799 2 4799 1 75515018  4
 4813 3 4813 2 75615960 33
 4814 3 4814 2 75711959171
 4815 3 4815 2 75813066  2
 4816 3 4816 2 7591 632173
 4832 2 4832 1 76011184 33
 4834 2 4834 1 7611 771 30
 4836 2 4836 1 76211695 33
 4836 3 4836 1 76211695 33
 4838 3 4838 2 76311230 30
 4840 3 4840 2 76412707  7
 4840 4 4840 2 76412707  7
 4844 4 4844 1 76511411  4
 4847 3 4847 2 76611975  4
 4848 2 4848 1 76715145  2
 4848 3 4848 1 76715145  2
 4849 2 4849 1 76816183  3
 4850 3 4850 2 76912717173
 4852 6 4852 2 77013240  2
 4886 2 4886 1 77116657 30
 4888 3 4888 1 77215016170
 4898 3 4898 2 77315429  7
 4898 4 4898 2 77315429  7
 4905 3 4905 1 77416541  4
 4908 2 4908 1 77515031178
 4928 2 4928 1 77615429  8
 4943 3 4943 2 77711051 36
 4944 3 4944 2 77811608 30
 4944 4 4944 2 77811608 30
 4945 3 4945 2 7791 835173
 4945 4 4945 2 7791 835173
 4953 3 4953 2 78011633170
 4953 4 4953 2 78011633170
 4958 3 4958 2 78115926174
 4960 3 4960 2 78215853202
 4972 3 4972 2 78313373  2
 4972 4 4972 2 78313373  2
 4979 2 4979 1 78411121174
 4991 3 4991 2 78516577185
 4994 2 4994 1 78615812 13
 4995 2 4995 1 78716024 32
 4996 3 4996 2 78811516170
 4996 4 4996 2 78811516170
 5003 4 5003 2 78913041  2
 5006 3 5006 2 79011213  4
 5013 3 5013 2 79112756  3
 5013 4 5013 2 79112756  3
 5014 2 5014 1 79213078  2
 5016 6 5016 2 79313228  2
 5040 4 5040 1 79412661  7
 5047 2 5047 1 79516867203
 5051 2 5051 1 79616232 32
 5051 3 5051 1 79616232 32
 5053 4 5053 2 7971 935  3
 5056 4 5056 1 79812443  2
 5057 2 5057 1 79912895  2
 5064 6 5064 2 80015299  8
 5070 3 5070 1 8011 898  4
 5070 4 5070 1 8011 898  4
 5076 3 5076 2 8021 534 31
 5078 2 5078 1 80315849 31
 5082 2 5082 1 8041 626  3
 5084 3 5084 2 8051 898  5
 5087 3 5087 1 80612034177
 5096 3 5096 1 80716228 30
 5098 3 5098 2 8081  61172
 5107 2 5107 1 80916822176
 5107 3 5107 1 80916822176
 5121 4 5121 2 81011926  3
 5121 5 5121 2 81011926  3
 5132 2 5132 1 81115812 33
 5132 3 5132 1 81115812 33
 5133 3 5133 2 8121 510 30
 5135 2 5135 1 81316862 35
 5147 2 5147 1 81416112204
 5148 3 5148 2 8151 473177
 5156 2 5156 1 81613346  2
 5166 3 5166 2 8171 908  6
 5166 4 5166 2 8171 908  6
 5168 3 5168 1 81812392  4
 5172 4 5172 2 81916547171
 5177 3 5177 2 8201 593  4
 5177 5 5177 2 8201 593  4
 5180 2 5180 1 82115392 31
 5182 2 5182 1 82211956  4
 5185 2 5185 1 82315625170
 5186 2 5186 1 82415576 31
 5188 3 5188 2 82512888171
 5195 3 5195 1 82616093 11
 5195 4 5195 1 82616093 11
 5196 4 5196 2 82711837172
 5201 3 5201 2 8281 891177
 5201 4 5201 2 8281 891177
 5204 5 5204 2 82911426  2
 5205 3 5205 2 83015977173
 5229 2 5229 1 8311 783  3
 5247 2 5247 1 83215491177
 5248 3 5248 2 83315308173
 5260 2 5260 1 83411697 37
 5260 3 5260 1 83411697 37
 5261 3 5261 2 83515234171
 5262 3 5262 2 83615812171
 5263 2 5263 1 83715780  4
 5265 3 5265 2 8381 174  6
 5265 4 5265 2 8381 174  6
 5269 3 5269 2 8391 605  3
 5273 3 5273 1 84013046  1
 5273 5 5273 1 84013046  1
 5288 2 5288 1 8411  22175
 5291 2 5291 1 84216674  4
 5293 3 5293 2 8431  91  3
 5293 4 5293 2 8431  91  3
 5305 3 5305 2 84413231  2
 5309 2 5309 1 84511610 30
 5316 2 5316 1 84616233  9
 5316 3 5316 1 84616233  9
 5327 4 5327 1 84715990  3
 5328 3 5328 2 84812591178
 5329 3 5329 1 84913277  1
 5329 4 5329 1 84913277  1
 5334 3 5334 1 85015812  9
 5339 3 5339 1 85116093  7
 5358 3 5358 2 85213135  2
 5358 4 5358 2 85213135  2
 5360 3 5360 2 8531 999  4
 5360 4 5360 2 8531 999  4
 5361 3 5361 2 8541 706170
 5361 4 5361 2 8541 706170
 5388 5 5388 2 85516103  8
 5389 3 5389 2 8561 939 31
 5390 2 5390 1 85715706  9
 5391 3 5391 1 85815900  7
 5403 4 5403 2 85915693 32
 5418 3 5418 2 86011163175
 5424 3 5424 2 8611 713 33
 5438 3 5438 2 86211315  4
 5442 3 5442 2 86312628  3
 5445 2 5445 1 86412330 30
 5453 3 5453 2 86512618  3
 5453 4 5453 2 86512618  3
 5454 2 5454 1 86615040 30
 5454 3 5454 1 86615040 30
 5455 3 5455 2 8671 774  2
 5461 2 5461 1 86811221172
 5461 3 5461 1 86811221172
 5470 3 5470 5 86915017171
 5473 3 5473 1 87012397173
 5473 4 5473 1 87012397173
 5475 2 5475 1 87115573183
 5475 3 5475 1 87115573183
 5502 2 5502 1 87215459176
 5505 4 5505 2 87316545  5
 5506 2 5506 1 87412647172
 5516 3 5516 1 87512207 21
 5516 4 5516 1 87512207 21
 5528 3 5528 2 87612509  6
 5532 2 5532 1 87715031 32
 5545 2 5545 1 87815392 30
 5545 3 5545 1 87815392 30
 5558 2 5558 1 87913018  1
 5558 3 5558 1 87913018  1
 5562 3 5562 2 88012224 33
 5563 3 5563 1 88115684 32
 5566 3 5566 2 88216093170
 5572 2 5572 1 88316121 30
 5587 3 5587 2 88412603177
 5587 4 5587 2 88412603177
 5604 2 5604 1 88512432176
 5607 4 5607 2 88616350  7
 5613 3 5613 2 88711494175
 5614 4 5614 1 88815655174
 5625 2 5625 1 88916750  5
 5625 3 5625 1 88916750  5
 5628 2 5628 1 89013347  4
 5635 4 5635 2 8911 496185
 5650 3 5650 2 89211161171
 5651 2 5651 1 89316738180
 5651 3 5651 1 89316738180
 5662 2 5662 1 89415299 10
 5664 2 5664 1 89515926  5
 5664 3 5664 1 89515926  5
 5679 3 5679 2 89612618  4
 5679 4 5679 2 89612618  4
 5684 4 5684 1 89715055 33
 5685 4 5685 2 89816030 33
 5687 4 5687 2 89912910  2
 5689 3 5689 2 90015012187
 5690 2 5690 1 90116210 30
 5707 3 5707 2 90211014 30
 5708 3 5708 2 90312752172
 5709 2 5709 1 90415120177
 5718 2 5718 1 90513116  1
 5731 3 5731 1 90615299 12
 5731 4 5731 1 90615299 12
 5732 2 5732 1 90715527172
 5736 2 5736 1 90816365 10
 5736 3 5736 1 90816365 10
 5753 3 5753 2 90911893  5
 5775 3 5775 2 91015916171
 5779 2 5779 1 91115036  2
 5783 4 5783 2 91215264  4
 5783 5 5783 2 91215264  4
 5785 2 5785 1 91316171  1
 5787 3 5787 2 91411236172
 5788 3 5788 2 91512323174
 5789 7 5789 2 91611663  5
 5793 4 5793 2 91711786182
 5804 3 5804 2 91812379  6
 5806 3 5806 2 9191 897 32
 5807 2 5807 1 92016115 37
 5820 3 5820 1 92112016  6
 5825 2 5825 1 92216707  3
 5836 3 5836 2 92313336  2
 5836 5 5836 2 92313336  2
 5839 3 5839 2 92412586173
 5855 3 5855 2 92511533173
 5855 4 5855 2 92511533173
 5861 3 5861 2 92611498171
 5861 4 5861 2 92611498171
 5862 2 5862 1 92716588  3
 5873 2 5873 1 92816438 30
 5889 4 5889 2 92916735  7
 5893 3 5893 2 93013057  2
 5895 2 5895 1 93115678  2
 5913 3 5913 2 9321 593170
 5916 3 5916 2 9331 655172
 5916 4 5916 2 9331 655172
 5938 4 5938 1 93416114170
 5969 3 5969 2 93515663 32
 5973 3 5973 2 93612545 30
 5973 4 5973 2 93612545 30
 5978 2 5978 1 93711480 31
 5978 3 5978 1 93711480 31
 5982 3 5982 2 93812753  4
 5990 4 5990 2 9391 597178
 5994 2 5994 1 94016093 31
 5997 5 5997 2 94115534170
 6006 2 6006 1 94215814 30
 6024 4 6024 2 94312660172
 6029 2 6029 1 94415621  9
 6035 2 6035 1 94516820 30
 6045 5 6045 2 94613249  2
 6061 3 6061 2 94713113  2
 6062 2 6062 1 94816478 30
 6069 3 6069 1 94913275  1
 6069 4 6069 1 94913275  1
 6078 3 6078 2 95012621 30
 6082 4 6082 1 95116111  4
 6089 3 6089 2 9521 377  4
 6089 4 6089 2 9521 377  4
 6092 4 6092 2 95311932173
 6094 2 6094 1 95415499182
 6112 8 6112 1 95515748  6
 6114 2 6114 1 95616179173
 6114 3 6114 1 95616179173
 6115 3 6115 1 95716845186
 6115 4 6115 1 95716845186
 6116 3 6116 2 95813024  2
 6132 3 6132 2 95911839 31
 6132 4 6132 2 95911839 31
 6133 2 6133 1 96013055  2
 6133 3 6133 1 96013055  2
 6134 4 6134 2 96111969 30
 6134 5 6134 2 96111969 30
 6151 5 6151 1 96213282  1
 6152 2 6152 1 96316335  6
 6163 2 6163 1 96416434170
 6165 3 6165 2 9651 517  5
 6165 4 6165 2 9651 517  5
 6168 3 6168 2 96615960181
 6168 5 6168 2 96615960181
 6171 4 6171 1 96716721  6
 6194 3 6194 2 96815749 30
 6194 4 6194 2 96815749 30
 6202 3 6202 1 96915447 30
 6212 3    0 0124911185173
 6212 4 6212 1 97011185  5
 6216 3 6216 2 97112610173
 6221 3 6221 2 97211919170
 6225 3 6225 2 9731 922 30
 6238 2 6238 1 97415922210
 6238 4 6238 1 97415922210
 6260 5 6260 2 97516602188
 6267 2 6267 1 97612578179
 6291 3 6291 2 97712577173
 6291 4 6291 2 97712577173
 6296 2 6296 1 97816475 30
 6303 3 6303 2 97912177178
 6304 3 6304 2 98011663  6
 6309 3 6309 2 98112474171
 6311 2 6311 1 98211700175
 6312 3 6312 2 98316649  3
 6323 4 6323 1 98413331  1
 6323 6 6323 1 98413331  1
 6357 2 6357 1 98516660  3
 6357 3 6357 1 98516660  3
 6363 5 6363 2 98613441  2
 6369 3 6369 2 98715403171
 6369 4 6369 2 98715403171
 6371 3 6371 2 98812786171
 6378 3 6378 2 9891 722178
 6381 2 6381 1 99015478180
 6382 2 6382 1 99116436 36
 6391 2 6391 1 99215570 31
 6397 7 6397 2 99313437  2
 6399 3 6399 2 99412354  5
 6405 3 6405 2 99515874182
 6408 4 6408 2 99613025  2
 6411 4 6411 2 9971 597176
 6421 3 6421 2 99811762180
 6424 3 6424 2 9991 971171
 6442 2 6442 1100011088178
 6442 3 6442 1100011088178
 6448 3 6448 2100111335179
 6448 4 6448 2100111335179
 6451 3 6451 2100216625  7
 6451 4 6451 2100216625  7
 6452 3 6452 2100313021  1
 6459 3 6459 2100413397  6
 6464 4 6464 2100512341172
 6469 3 6469 1100612731  4
 6476 2 6476 1100715584 30
 6488 3 6488 2100811970  5
 6491 3 6491 2100912611 32
 6491 4 6491 2100912611 32
 6492 2 6492 1101015832  3
 6499 2 6499 1101116680  4
 6506 3 6506 2101213417  2
 6508 4 6508 2101315537 10
 6511 3 6511 2101412282177
 6513 7 6513 2101515055171
 6516 2 6516 110161 840 32
 6516 3 6516 110161 840 32
 6519 2 6519 110171 490172
 6526 4 6526 2101815287181
 6537 4 6537 210191 846170
 6544 2 6544 1102012662172
 6549 4 6549 2102112707  4
 6551 3 6551 1102212441  4
 6557 2 6557 1102315323  3
 6569 3 6569 1102411332180
 6571 3 6571 2102513149  2
 6573 2 6573 4102615698  6
 6574 3 6574 210271  53202
 6576 2 6576 1102815641 33
 6576 3 6576 1102815641 33
 6581 3 6581 2102913397  2
 6582 3 6582 2103013239  2
 6582 4 6582 2103013239  2
 6585 3 6585 2103113140  2
 6593 3 6593 2103211994176
 6600 2 6600 1103312302 31
 6600 3 6600 1103312302 31
 6609 2 6609 1103413131  1
 6609 3 6609 1103413131  1
 6616 4 6616 210351 760171
 6627 3 6627 2103615643  6
 6629 3 6629 1103716724 31
 6634 3 6634 2103813258  2
 6634 4 6634 2103813258  2
 6637 2 6637 1103916602  9
 6641 3 6641 2104013217  2
 6643 3 6643 1104111061  4
 6660 2 6660 1104215693  2
 6665 3 6665 110431 729171
 6678 3 6678 1104412786  6
 6680 2 6680 1104515841 32
 6680 3 6680 1104515841 32
 6686 3 6686 2104611663  7
 6706 2 6706 1104715462  6
 6713 4 6713 2104812502172
 6713 5 6713 2104812502172
 6720 3 6720 2104913059  2
 6727 3 6727 2105011547  3
 6729 3 6729 2105111701178
 6729 4 6729 2105111701178
 6733 2 6733 110521  10177
 6734 3 6734 2105315921172
 6735 2 6735 1105416157  3
 6736 2 6736 1105513167  2
 6742 3 6742 110561  10  6
 6742 4 6742 110561  10  6
 6752 3 6752 2105711430  4
 6752 4 6752 2105711430  4
 6755 3 6755 2105816316  6
 6755 4 6755 2105816316  6
 6759 3 6759 2105913002  1
 6773 3 6773 1106015858179
 6773 4 6773 1106015858179
 6790 2 6790 1106116724 30
 6790 3 6790 1106116724 30
 6791 3 6791 2106212558170
 6795 3 6795 1106316051  3
 6795 4 6795 1106316051  3
 6798 2 6798 1106412731 30
 6798 3 6798 1106412731 30
 6807 4 6807 1106516750 30
 6822 2 6822 1106616684  3
 6822 3 6822 1106616684  3
 6825 3 6825 2106715548 30
 6831 2 6831 1106815406173
 6831 3 6831 1106815406173
 6833 2 6833 1106915136 31
 6838 3 6838 2107016187 10
 6856 3 6856 210711 151171
 6857 3 6857 210721 236  3
 6863 5 6863 2107315018  3
 6876 3 6876 2107415430192
 6877 3 6877 2107512034  4
 6882 2 6882 1107615154  8
 6891 3 6891 210771 486171
 6900 2 6900 1107815014 32
 6907 3 6907 2107915576177
 6918 3 6918 210801 479170
 6918 4 6918 210801 479170
 6926 3 6926 1108111782174
 6930 3 6930 2108215677 36
 6934 3 6934 2108312461  4
 6938 4 6938 2108415462174
 6939 3 6939 2108511048206
 6939 4 6939 2108511048206
 6946 2 6946 1108611426  4
 6950 4 6950 210871 356177
 6967 3 6967 1108813043  1
 6975 6 6975 2108915770  3
 6985 3 6985 210901 769  4
 6987 3 6987 1109113189  1
 6995 3 6995 2109212618 31
 6998 4 6998 2109313323  2
 7005 2 7005 1109411033171
 7006 4 7006 1109513047174
 7007 2 7007 1109611260 39
 7015 2 7015 1109716110 30
 7015 4 7015 1109716110 30
 7027 2 7027 1109816121 34
 7031 5 7031 210991  61  5
 7033 2 7033 1110011701  3
 7054 3 7054 1110115031  3
 7062 3 7062 2110212278178
 7070 4 7070 211031 573  4
 7071 3 7071 211041 557 30
 7071 4 7071 211041 557 30
 7074 3 7074 2110516054 30
 7083 3 7083 2110612393  4
 7083 4 7083 2110612393  4
 7085 3 7085 2110712278 32
 7109 3 7109 2110813294  3
 7115 2 7115 1110916053177
 7115 3 7115 1110916053177
 7118 3 7118 2111016626  7
 7126 3 7126 2111111129201
 7149 2 7149 1111216475170
 7156 2 7156 1111316626  8
 7158 3 7158 2111412712170
 7162 3 7162 2111512566 30
 7162 4 7162 2111512566 30
 7181 4 7181 2111616765  7
 7197 3 7197 2111712151177
 7203 3 7203 1111813422  1
 7203 4 7203 1111813422  1
 7212 4 7212 2111912529175
 7224 3 7224 2112015925170
 7226 3 7226 1112115968  5
 7226 4 7226 1112115968  5
 7239 3 7239 1112215154 33
 7239 4 7239 1112215154 33
 7247 3 7247 2112311898  3
 7259 2 7259 1112415065 32
 7259 3 7259 1112415065 32
 7261 3 7261 2112512655173
 7272 5 7272 1112613212  1
 7276 3 7276 2112715332 32
 7284 2 7284 1112811679175
 7295 3 7295 2112915430200
 7301 3 7301 2113012701190
 7301 4 7301 2113012701190
 7303 3 7303 2113112629  3
 7303 4 7303 2113112629  3
 7305 4 7305 1113216605190
 7314 3 7314 111331 857174
 7317 3 7317 1113411722183
 7318 2 7318 1113511547  5
 7323 5 7323 2113613328  2
 7324 3 7324 2113712776173
 7324 4 7324 2113712776173
 7326 2 7326 1113812642179
 7326 3 7326 1113812642179
 7337 2 7337 1113911947  3
 7341 4 7341 1114015814 31
 7348 5 7348 2114115646  6
 7355 2 7355 111421 311  3
 7355 3 7355 111421 311  3
 7364 4 7364 1114316845  3
 7364 5 7364 1114316845  3
 7368 4 7368 2114416275  3
 7384 3 7384 2114516358 32
 7407 3 7407 1114615706  6
 7423 2 7423 1114716205177
 7453 3 7453 211481 556174
 7461 3 7461 2114911241 33
 7466 5 7466 2115013155  2
 7466 6 7466 2115013155  2
 7472 2 7472 111511 602184
 7479 3 7479 211521 478 36
 7494 4 7494 1115315784  5
 7501 2 7501 1115416519 30
 7501 3 7501 1115416519 30
 7512 5 7512 111551 570171
 7513 3 7513 2115612240  3
 7518 3 7518 111571  84177
 7530 4 7530 2115815057  4
 7532 4 7532 1115916170171
 7542 3 7542 1116013349  1
 7542 4 7542 1116013349  1
 7549 3 7549 2116115969  5
 7552 3 7552 2116213156  2
 7552 4 7552 2116213156  2
 7558 2 8302 1124416849  5
 7560 3 7560 2116312240  4
 7569 2 7569 1116415612  9
 7569 3 7569 1116415612  9
 7571 5 7571 2116512678175
 7576 3 7576 2116612278182
 7576 4 7576 2116612278182
 7588 3 7588 2116713409  2
 7588 4 7588 2116713409  2
 7592 2 7592 1116816635176
 7595 4 7595 2116913204  2
 7598 3 7598 2117016646 33
 7606 3 7606 1117115570198
 7606 4 7606 1117115570198
 7615 3 7615 2117216553  4
 7617 4 7617 1117315548  9
 7619 2 7619 1117415548 11
 7624 2 7624 1117516740  4
 7631 2 7631 1117616366  4
 7631 3 7631 1117616366  4
 7632 2 7632 1117715170184
 7639 3 7639 2117815350 31
 7640 2 7640 1117911670 30
 7640 3 7640 1117911670 30
 7643 3 7643 2118011285  4
 7645 2 7645 111811 674171
 7648 2 7648 1118215942  8
 7648 3 7648 1118215942  8
 7667 2 7667 1118316800 37
 7668 4 7668 2118413115  2
 7679 2 7679 1118512330171
 7681 4 7681 2118616626  4
 7687 5 7687 2118716179170
 7687 6 7687 2118716179170
 7694 3 7694 2118816115176
 7697 3 7697 2118915835184
 7710 4 7710 211901 649 30
 7715 4 7715 2119111621  3
 7719 3 7719 2119211928171
 7729 3 7729 2119312271  3
 7731 3 7731 2119412012 31
 7756 3 7756 111951   5  5
 7758 3 7758 111961 760174
 7758 4 7758 111961 760174
 7764 3 7764 2119712271  5
 7777 3 7777 2119813310  2
 7795 3 7795 2119916849188
 7795 4 7795 2119916849188
 7810 3 7810 2120015503174
 7814 2 7814 1120115749 36
 7816 4 7816 2120215926171
 7831 3 7831 1120313161  1
 7836 3 7836 2120413227  2
 7836 4 7836 2120413227  2
 7848 3 7848 2120515332 31
 7848 4 7848 2120515332 31
 7853 4 7853 2120615332188
 7861 4 7861 2120716040  8
 7870 2 7870 112081 674  5
 7881 2    0 0125012032922
 7881 3    0 0125012032922
 7903 3 7903 2120915835 35
 7913 3 7913 1121012852 30
 7913 4 7913 1121012852 30
 7940 2 7940 1121113407  1
 7940 4 7940 1121113407  1
 7953 2 7953 1121216121180
 7954 3 7954 2121316698  4
 7955 4 7955 212141  18185
 7957 2 7957 1121515812 34
 7957 4 7957 1121515812 34
 7960 2 7960 1121616485  5
 7981 3 7981 212171  60 32
 7981 4 7981 212171  60 32
 7987 2 7987 112181 608185
 7991 2 7991 1121916635  9
 8000 2 8000 1122012019175
 8009 2 8009 1122115901  4
 8009 3 8009 1122115901  4
 8014 4 8014 212221 607174
 8016 3 8016 1122316103  5
 8034 2 8034 1122415495 30
 8034 3 8034 1122415495 30
 8061 3 8061 2122515015 30
 8061 4 8061 2122515015 30
 8065 2 8065 1122615814  5
 8065 3 8065 1122615814  5
 8098 4 8098 1122713311  2
 8104 4 8104 2122816159 30
 8106 5 8106 2122913063  2
 8112 3 8112 1123011516171
 8124 2 8124 1123116615 31
 8136 3 8136 1123216616179
 8143 3 8143 212331 266 30
 8150 3 8150 1123416172  6
 8151 3 8151 212351 404174
 8151 5 8151 212351 404174
 8165 3 8165 2123612201172
 8180 2 8180 1123712432190
 8182 3 8182 2123813229  2
 8182 4 8182 2123813229  2
 8227 3 8227 212391 700176
 8227 4 8227 212391 700176
 8233 3 8233 2124012392173
 8233 4 8233 2124012392173
 8244 3 8244 1124111335 35
 8246 4 8246 2124213386  2
 8278 3 8278 2124311597  3
 8278 4 8278 2124311597  3
 8323 3 8323 2124516750183
 8323 4 8323 2124516750183
