1  148 311313111111111532533511 0 0 02350141650141414441331 33 63 6 4 1 0 0
1 7756 312111111112121222213411 0 0 02415151515505015211415 00 00 6 3 4 0 0
1  904 311212112111111322112121 0 0 01150505050505050111125 00 00 2 2 1 0 0
1 2668 323234313311312324334513 3 1 05450145050151550212215 00 00 7 7 1 0 0
1 2668 423224314211413444334514 2 3 15450505050151550213215 00 00 7 7 1 0 0
1  293 331314424221413545443514 197 22314151550501515144315 00 00 6 51011 0
1  940 311212213122422543343415 3 0 04450141414141415154421 53 63 8 695 0 0
1  940 411212113122422533433415 3 0 04414141414141415154421 53 63 8 695 0 0
1 7955 411234113123122123434531 0 0 02415501450151450511425 00 00 6 217 0 0
1 1214 312225323213334533532521 0 0 02412151450151414222421 23 93 8 6 115 0
1 2199 314434113224112534434521 0 0 04450501550501415411525 00 00 7 6 5 0 0
1  732 343313313311322544434511 0 0 04412141514141413442225 00 00 6 4 4 0 0
1 1528 32431541441111444454355317 7 83450145050165016314311 33 33 5 4 1 0 0
1 3357 412212112212322533432442 3 0 04414151414501413214311 23 83 6 617 1 0
1 2180 312324324214433533333516 3 0 03414151414501414224425 00 00 6 6 4 0 0
1  181 411112212111111113312311 0 0 04350505013505050411325 00 00 6 6 1 0 0
1  514 311215112313322525323533 311 74250141450151515252215 00 00 7 613 0 0
1  514 41231522332241454543253714 3 95450141514151514255215 00 00 7 2 3 0 0
1 6574 341212111111111512112211 0 0 01115151515501415151515 00 00 4 298 0 0
1 3656 311223111121111415425341 0 0 02450151550505050451211 33 33 8 6 1 0 0
1 3677 311314111113213435455512 3 0 01214501515501414543525 00 00 6 6 1 0 0
1 7981 314415414211122545454541 0 0 04350505013141450151425 00 00 4 6 1 0 0
1 7981 412435414222221545355541 0 0 04413151413151415151541 23 53 6 2 5 0 0
1 7031 51142311332322252333355216 0 04450145050155014212411 23123 7 6 4 0 0
1 5098 31131422231122442433353312 0 03213141413505013132325 00 00 6 71316 0
1  546 31333521431322454534255316 0 03314151413131515242421 43103 6 5 4 0 0
1 3468 333224323323322534424541 0 0 03450151550501514152321 63113 6 2 1 0 0
1 1347 311224113123221433443443 3 0 04314141550141414112421 53133 6 2 3 0 0
1 1347 422314214112222434333445 3 0 04314141550151414112421 53113 6 695 0 0
1 5293 31231551231242254554556699 0 02114141413151515344425 00 00 7 595 0 0
1 5293 41121431311453454543456516 1172115151513151515445445 00 00 7 6 1 0 0
1  117 422324312322211333224431 0 0 04450501450505050142221 73101 6 510 0 0
1 2888 211113114111112414414314 1 0 02250121550505050511525 00 00 6 6 1 9 0
1 2888 322112111111112422414414 1 0 02350151550505015512525 00 00 6 6 1 9 0
1 1562 211114211111111112212211 0 0 02250505050505050511215 00 00 3 298 0 0
1  915 32333333422342353444453212 3 02413141414151314344421 53133 7 6 4 0 0
1  915 423224324222422532342532 3 6 04214141414151414244421 53113 7 6 4 0 0
1 2886 311213212112213534344532 9 0 04450501450501450441231 23 43 6 6 5 0 0
1 3408 311313333113413544334553 7 0 05450141450155014322411 43 43 8 6 4 0 0
1 2214 422212212413512523245536 320 04414141514501350115425 00 00 6 6 4 5 0
1 2967 312212111211412222332411 0 0 05350505050501314355521 23143 6 517 0 0
1 2967 411112211124211222233511 0 0 05350501450505050353311 23143 6 6 4 0 0
1 1621 422515324113321533421311 0 0 04350151550501415114421 93 93 6 298 0 0
1 4537 411314212122212444242541 0 0 02350501450505013242321 13133 6 2 4 3 0
1 1472 311114111221111214214541 0 0 03350505050505050111115 00 00 3 319 0 0
1 1472 411114111211121222111241 0 0 03450501150505050111215 00 00 6 6 4 0 0
1 1276 311214113111111134332441 0 0 04250141450505050112221988988 6 695 0 0
1 5265 311212111111113324224541 0 0 01316501414161616251115 00 00 8 8 1 0 0
1 5265 412212222211313434415541 0 0 01314151515151415242515 00 00 8 8 1 0 0
1 3002 311115111113113545555531 0 0 02450161850165012411211 23 33 7 6 1 0 0
1 1868 312223122223111334332511 0 0 04415151515505050151315 00 00 6 695 0 0
1 1868 411224112213111312332211 0 0 03415141650501616111321 43 73 6 615 0 0
1 4460 323214423113143345444535 3 0 04350505050505050112115 00 00 8 71713 0
1 4066 511212114113423544433525 3 0 04414131514151315254411 23 43 6 6 4 0 0
1 1168 311213121111211322242311 0 0 02450151350151414512221 53123 6 4 4 0 0
1 3839 321323112111111522322441 0 0 04413151413505050121211 23103 6 2 1 0 0
1 2431 311112111111111212221111 0 0 04250505050501250411221 73 73 6 613 0 0
1 6857 324313213312223521223421 0 0 03350141450141414252221 43 83 7 61714 0
1  123 311332112111232535832511 0 0 02450151450155015812315 00 0098 5 1 4 0
1 2651 311315222123543543543434 320214415141415151413245521 63103 6 5 1 3 0
1 3122 331322412322232524423521 0 0 02350141450141350524521 33 93 5 5 1 4 0
1 8143 322324423313444544454543 8 3 03450505050505050445211 53103 6 21121 0
1 1233 311115111111212311211511 0 0 05450151550155015133321 23 43 6 6 4 0 0
1  758 32132532131522352434451214 0 03450501414145013435421 43 73 8 6 1 0 0
1  614 311314214111212543332516 3 8 04450501450505050212111 23 53 8 895 0 0
1  614 41131331111111253232251615 0 04350501450501350212211 23 53 6 695 0 0
1 1850 335225312411423544443521 0 0 05450151515501515144421 43113 7 7 1 913
1 1055 321222112221311233235533 3 0 03350141414505050422221 13113 7 6 4 0 0
1 1055 421322314422412445323535 3 0 03350141414141414424321 13103 6 5 4 0 0
1 1114 312435212221213222334453 3 0 04314141413151413423431 43123 6 5 4 0 0
1 3023 31111211211142152242225216 0 05450501512505015115111 13123 6 617 0 0
1 3023 422112112111421522422562 316 05450505050505050115111 13103 6 617 0 0
1 2061 411214211211312423323531 0 0 04450501350505050451225 00 00 6 6 4 0 0
1  485 314224412412423444432531 0 0 04450141450141414414221 63103 6 6 1 3 2
1 6950 442414222421334534433421 0 0 04313141515151414212321 23 63 6 615 0 0
1 2581 312123311222231432334513 8 0 03450501250505050312225 00 00 6 6 4 0 0
1 1096 311311214112132341212416 3 0 04450501450501515241115 00 00 8 617 0 0
1 4961 322414424314412533343435 310 74313141514141415452421 73103 6 6 4 0 0
1 3971 311315111122223334343521 0 0 02350505050505050112225 00 00 7 718 0 0
1 2795 312315511111111424444511 0 0 02450505050151550411215 00 00 6 5 1 0 0
1 1938 413334311211121313421511 0 0 02350131514151350311321 33 93 6 6 1 0 0
1 1938 512433411211121414421511 0 0 02350131513151415211321 33103 6 6 1 0 0
1 1883 411424214222211344434526 3 0 05450501414145014411415 00 00 5 598 0 0
1 4036 311414421111333545441531 0 0 02450501450505014444315 00 00 6 511 0 0
1 3454 322114214212113444334321 0 0 02350141450501413452215 00 00 6 6 4 0 0
1 3595 311232212223121322321311 0 0 04450501450505050511115 00 00 6 695 0 0
1 5148 324123223121212532443534 3 1172415151514141514154421 23 53 6 695 0 0
1 7479 311322222112332434441421 0 0 02450151515155015322415 00 00 6 5 1 0 0
1 6918 321424422213312525322541 0 0 04414141414141414353325 00 00 6 6 5 0 0
1 6918 423415223122112525552541 0 0 04414141514151414442425 00 00 6 6 4 0 0
1  486 311314211112212233333231 0 0 01350505050505050212421 43 73 6 5 4 1 0
1  486 411312311111412223311221 0 0 02250505050505013212311 53 73 6 6 1 0 0
1  315 312214323221422524332312 3 0 04450151350151414455325 00 00 6 2 2 0 0
1 5635 423445354343525545552531 0 0 03415151515141550155521 43 43 6 5 2 0 0
1 4274 413315313111131544542426 311 02450115050151550112421 43 43 6 617 0 0
1 5133 311223212124423222221541 0 0 05450151515131514155421 53 73 7 6 1 0 0
1 1738 312215212214434544555541 0 0 02414151514141515154325 00 00 8 895 0 0
1 4414 422315211211112225342531 0 0 04450165050505050211321 23 23 8 71317 0
1 6165 312325124214533444342544 3 0 05416161614501616155421 23 43 7 6 497 0
1 6165 412324224214533444442545 3 0 05450161614501515155525 00 00 7 6 5 0 0
1 5076 311223112111121423344544 3 0 04413151513501414151221 43103 7 6 4 0 0
1  204 212314421414433434453521 0 0 02250501650505050431321 73 93 6 5 4 0 0
1 2370 325413434334414544443545 321234414151415141313124411 43 43 8 6 1 0 0
1 2370 424214421213413533443443 323974414151415151414134315 00 00 7 8 1 0 0
1 7453 311315112211411215551541 0 0 03450151550501515312419 00 00 6 5 1 0 0
1 7071 311444133123323535554511 0 0 02450505050125015212415 00 00 8 813 0 0
1 7071 4114441441354345555555131714 02412121212505015355225 00 00 6 695 0 0
1 3476 311315113212111125232431 0 0 02350141450155050142221 23 73 8 6 914 0
1 3348 312333213133412534244543 3 0 04416141414141414354411 23123 6 8 4 0 0
1 3348 411332223133412534344542 3 0 04450161450161414354511 23123 6 813 4 0
1 7512 53241522421444212225543311 3202415121515141550513511 33143 6 6 2 0 0
1 7070 424114211212122524454541 0 0 04350501450505050111421 33 63 7 6 1 0 0
1 1776 312324213121111545434524 3 8 05450145050501415151415 00 00 6 6 4 0 0
1 5913 313223414322323322314533 3 0 04450501450505050152115 00 00 7 6 5 217
1 5177 322324223222312444443525 3 0 04313121313121313242531 33 63 8 8 520 0
1 5177 523325423222334544534514 3 0 04350121212121212242221 33103 8 8 220 5
1 6411 435545335535543553553441 0 0 04414151515505015455425 00 00 2 2 4 2 0
1 5269 313314312122413534323441 0 0 04413141450501414243421 23103 8 7 4 0 0
1 8014 411114311311112113323311 0 0 02250505050115050511125 00 00 6 6 4 0 0
1 3472 311232321123223554444533 813203350125050135050252321103103 6 6 5 1 0
1 2407 311212112112111433434431 0 0 04350115050505011112125 00 00 7 795 0 0
1 2407 411213224213212444433435 3 0 05450115050501111214215 00 00 7 795 0 0
1 1400 311225211323112325434531 0 0 03350505050141450151125 00 00 7 797 0 0
1 1279 311222223232332322332243 3 0 02213131413131313142421113113 6 2 3 0 0
1 1279 411323212122322433332342 3 0 03315141514141515154521 93 93 6 298 0 0
1 4816 321113113113111243214416 3 0 05350151515151415411331 73103 6 5 1 0 0
1 1484 322324312313422444443511 0 0 03450501550505015254325 00 00 6 6 5 0 0
1 7710 411122211211112222233411 0 0 04450505050505050112211 23123 6 598 0 0
1 3698 314315312223223544343452 116 04350145050501350212221 23 53 6 617 0 0
1 3425 323324223323422444344441 0 0 04450141450501415444425 00 00 6 6 4 0 0
1 5916 323113332332523435222531 0 0 04414141414151414144415 00 00 6 695 0 0
1 5916 423223332332522333333534 315 04414141414141414144415 00 00 6 610 0 0
1  773 411423124123412234324313 3 8 02414131412501415155321123133 6 5 410 0
1 3923 411114111111111113214111 0 0 04450505050505050511115 00 00 6 6 1 4 0
1  450 311215211111414525552511 0 0 02450151550151515454511 93103 7 6 3 0 0
1  845 522212311211112523333441 0 0 04450145014155050411425 00 00 5 2 197 0
1 3500 311212211112112312311311 0 0 04450155050125050412115 00 00 6 695 0 0
1 4000 312313213113112534444524 317 04350141413505050121211 33 53 8 8 4 1 5
1 4000 413313313213213533343525 317 03350141414505050132221 33 53 6 6 4 0 0
1 1216 323215132511425545555541 0 0 05415151515151515154219 00 00 6 7 1 0 0
1 1216 433345122531325555555541 0 0 05415151515151515153519 00 00 6 8 1 0 0
1 5361 312434224324432544443523 317 84313141413501415244421 23 33 6 6 4 0 0
1 5361 413415424313423544445525 314 04413141413501415254421 23 33 6 5 4 0 0
1 3132 311213112123111422231222 317 05450151112151416412425 00 00 3 2 4 5 0
1 1971 312213111311111533323441 0 0 04450151515155015113435 00 00 6 613 0 0
1 5424 312323122123222535443433 197 05413141514141415243425 00 00 6 695 0 0
1 1714 312334313323412534434534 314 04450141414501450444421 43 83 4 5 4 0 0
1 2900 312224113212421434222342 3 0 04450141412501414244221 33 93 6 6 4 0 0
1 6378 311112111111111313221211 0 0 01150141414505014814421 33123 8 6 4 0 0
1 4383 311223123122421534423514 3 0 04414151514151514155321103103 6 297 0 0
1 4256 321212111211111322322453 1 0 02350151550505050421425 00 00 6 6 4 0 0
1 3354 245325412411524533435521 0 0 05415141413151415124521 63 93 7 7 1 0 0
1 1735 522213213111312533332424 8 0 02350505050505050123321 33 63 6 6 1 0 0
1 1735 623223312312412533431324 8 0 02450501550505015134421 33 63 6 2 3 0 0
1 2206 322334414211212123332412 8 0 03450155050501550212211302 63 6 6171397
1  468 323415424224512544434516 3 0 04450141450501515455411 33 53 7 6 1 0 0
1 1956 444332422322311422433511 0 0 03414141415151515144411 33 43 6 617 1 0
1  287 343425411512313534544521 0 0 02413141314151314422311 33 43 6 6 1 3 0
1  793 333235332524435544545542 3 0 04414151415141414455525 00 00 5 5 3 0 0
1  793 43323432432443454444554314 2 04414151415141414355425 00 00 5 5 3 0 0
1 6616 411413212214112144325533 8 3 05415501450501413411415 00 00 7 6 4 1 0
1 1419 521213113113211333232433 3 0 03350131414141415452321 33 93 6 6 4 0 0
1 1944 411114111111221413222441 0 0 05350501650505050311421 43 43 6 6 1 0 0
1 6985 311223114123132134345424 3 0 04450141550155014412421 53 53 6 6 4 0 0
1 3587 314224321313315525544522 7 0 03414151414151414153425 00 00 7 7 1 0 0
1 1467 313325423423334544444524 3 0 04415501450501450252425 00 00 7 695 0 0
1  399 312224444224422524444522 8 3134450505050501616114221 53 53 7 6 4 0 0
1  933 53132541343432444443552211 0 04450145014505050311115 00 00 7 718 0 0
1 2590 324444333431111434434341 0 0 04450505050505015411325 00 00 6 695 0 0
1 3017 312121211221112115334442 7 0 04350505050505050111325 00 00 6 695 0 0
1 3017 41232221223131234434454512 0 03350505050505050113521 93 93 4 4 4 1 0
1 4945 32222321231112252332254313 0 04350155050505050311415 00 00 7 617 0 0
1 4945 422312423321222444333544 313 52450155050505050312415 00 00 6 6 5 0 0
1 4126 421434512323121113223521 0 0 04412501312501314441415 00 00 6 4 1 0 0
1  863 33553553553153434554555213 0 02415121211121214255511 63 83 2 298 0 0
1 1060 324414424323411545552535 9 3 05450161650505050313111 33 33 6 718 0 0
1 3692 312414112213311212234243 314 03450505050501415134225 00 00 6 6 2 0 0
1 2353 311213214411445523432515 313 05314151415501414252411 33 43 6 6 118 5
1 2053 311315111111111133124211 0 0 02450501550505050512421 33103 6 2 4 0 0
1 2053 411315211121111154244211 0 0 02250501450505011511241 33 83 7 3 4 0 0
1  195 322314211212322434444521 0 0 03450151414141414113525 00 00 6 5 2 0 0
1 3260 313212312112112213232331 0 0 03350145014501412211225 00 00 6 6 3 1 0
1 3260 413114313331111335411431 0 0 02313141415501414222215 00 00 6 6 1 0 0
1 1441 312324312323314534453511 0 0 04415151414141515154521 43113 6 613 0 0
1 3494 312215512311112545455541 0 0 04414151414141515112315 00 00 6 695 0 0
1 3494 411215411331515544454531 0 0 04415151514141514152425 00 00 6 210 0 0
1 5201 32221322121342342232242212 0 03414151515161515354421 53 83 7 7 4 0 0
1 5201 422212311213323422321422 6 0 03415151515161515354421 43 83 6 6 2 0 0
1 1635 31121441412222232444451511 3 04450141412505014122321 33173 6 6 4 0 0
1 1635 412314344232423434443513 3 7 04350141513501414145421 23113 6 695 0 0
1 5806 341334323414534544444522 8 0 03414141450141415455425 00 00 6 4 4 0 0
1 5084 311415124144123544344511 0 0 05415131514501415252511 33 33 8 8 4 0 0
1 5166 321234324211323533433544 3 0 04450155050501415554415 00 00 6 695 0 0
1 5166 422234213212323544334444 3 0 04350145050505015454415 00 00 6 695 0 0
1 2774 324412411224224245435515 3 0 02350501450155014352215 00 00 8 7 1 0 0
1 2408 312313213122122333323443 312 03350125050505050112321 63103 6 618 0 0
1 4353 322312211212221525444531 0 0 05350501250121315151515 00 00 6 6 5 0 0
1 4353 443314412212111522542541 0 0 04450115013131150151315 00 00 6 6 5 0 0
1 3053 321424344434341245441411 0 0 03350501550145050513125 00 00 6 698 0 0
1 5053 413315215424112544452546 317 03450501415151550312411 33 33 6 618 0 0
1  359 323425223324444555525514 3 1 04450151414501515355415 00 00 6 695 0 0
1  380 311314424423421544334411 0 0 04415501515151515453521 43123 6 6 1 0 0
1  380 411314222122422522323511 0 0 04415151515151515454521 43103 6 6 1 0 0
1 6424 321313323222424434434532 3 0 04414141450501414334421 33 63 8 6 2 0 0
1 3317 422112212312121512312521 0 0 02350141514501514222211 23 63 6 6 1 0 0
1 3317 523113212311322524423521 0 0 03450141514501415252311 23 43 6 6 1 0 0
1 2426 311234112221214235325531 0 0 03350501350501650412211 43 43 6 5 4 5 0
1 5360 321114112122223434434523 8 0 03415501414501414412311 23 23 6 617 0 0
1 5360 42121541123221243444552213 0 04450501413505016412411 23 23 6 6 4 0 0
1 1644 311212112112212233321431 0 0 02450151450501414212421 43 53 6 6 1 4 0
1  397 311341111141321545432516 3 1 05450125050501550314221 53133 6 5 1 0 0
1 1103 311211111111111511512511 0 0 05350141450505050111521 63 73 6 2 4 0 0
1 6939 311422422122314534422411 0 0 02415151414151513244531 73 83 5 512 0 0
1 6939 411332441123431545532511 0 0 02450151550151550355531 73103 5 510 0 0
1 4943 322314234333424544444516 3 0 05450151515141415255511 33 53 6 695 0 0
1 4529 311312323214433544545511 0 0 03414151450151414244325 00 00 6 212 0 0
1 3244 322232112222111111433221 0 0 03314501413121212142215 00 00 6 6 1 0 0
1  683 31241331222122252443254217 0 02450151550505050322421 23113 6 695 0 0
1 1036 311423223123212524334511 0 0 04415151515151514154511 13 33 6 6 1 0 0
1 4553 334315411314135555555536 3 0 04416501550501515253115 00 00 6 6 1 0 0
1 3415 423225413322223335454532 3 0 03314141413141415352421 53 93 6 6 4 0 0
1 3731 411212212112211434333424 3 0 02450505050505050211111 33103 7 7 1 0 0
1 4465 312444414231312544423515 317 04450141514501315152421 13 13 6 5 4 0 0
1 2172 311315311311114445455525 3 0 03350505050505050111515 00 00 7 695 0 0
1 2172 411415111311114445444425 3 0 03350505050505050111515 00 00 6 695 0 0
1 1271 33441331331342253343254212 0 03314151515151415154521 33103 6 6 4 0 0
1 1398 41111311111111141322111798 0 02250505050505050111331 23999 7 695 0 0
1 3448 313221112212111424133443 312165314141414151414152321 23123 8 7 4 0 0
1 3448 414211311312313413133442 7 4203350141450501414142211 33123 7 695 0 0
1 3156 31232542241341254342142311 9 02150141350501414512231 43123 8 4 3 4 0
1 7126 311213111311113212424521 0 0 01350135016141415212425 00 00 2 2 2 0 0
1 4543 341413411434111543345531 0 0 03450151450155050211535 00 00 6 6 1 0 0
1 4543 431413111414111533431421 0 0 02450151550155050211225 00 00 6 6 1 0 0
1 4172 411212111121111112222111 0 0 05350141414141414141421 73 83 6 2 5 2 0
1 4172 511112111112111212222111 0 0 02450131450505050312115 00 00 6 413 0 0
1 3172 313212312112111333212311 0 0 04350505050505050351115 00 00 6 7 1 0 0
1 3172 41121331111311132221122212 0 03350505050505050211111 33 33 6 6 1 0 0
1 1475 331335223521423544344566 3 0 02415151515151515255521 53 93 6 6 4 0 0
1 1475 431414313521423533223556 3 0 02415151515151515255411 53 73 5 5 4 0 0
1 4651 312314213123233432422423 3 0 04350501650505016312211 33 33 7 6 4 0 0
1 1819 311222111114221145323511 0 0 02450145050505050522211 23 93 6 6 417 0
1 5650 3134143252533224453335331220 04414161515145014145421 53 83 5 2 4 0 0
1 1000 323124312214111134224431 0 0 05350505050501450351421 33 83 7 7 5 0 0
1  108 423225413312315435445545 3 0 03450151450505050421411 62 13 7 795 0 0
1 5418 334345414321323544445545 3 0 05414141450505050412211 43 43 6 695 0 0
1 6212 411112111112211521121211 0 0 02350501250501314412225 00 00 6 6 2 0 0
1 6212 311512111112112513232511 0 0 02414501450151313252425 00 00 8 6 4 0 0
1 5006 311211111111112134115314 8 0 05450505050501515413435 00 00 6 5 4 0 0
1 4422 322311111222214322332333 6 0 05450151515151515113421 33 33 8 7 3 0 0
1 4838 314214312314322545533541 0 0 02414151414141313123421 13 93 6 6 2 0 0
1 5787 311112111111221412211351 0 0 02450151450501414343321 53133 6 697 0 0
1 1884 424114312332312583332443 610163450501450501113222211 33 53 7 7 4 0 0
1  774 412214222223121533333455 311 04450151550141515211415 00 00 6 695 0 0
1 2902 331213414115414255434531 0 0 05313151450501413112421 43103 7 61314 1
1 2902 412323414123322145442535 3 7114313141450501313112431 43133 8 6 4 0 0
1 2763 511313213112141141233321 0 0 02150501414505050513121 43 83 6 4 4 0 0
1 3567 321212211112112412222211 0 0 03450501550501515112225 00 00 6 6 1 0 0
1 3567 421112211111112212212211 0 0 02450501550505015112225 00 00 6 6 1 0 0
1 2250 311112111111111122122222 6 0 04350505050505050151215 00 00 7 7 4 0 0
1 7643 311414114112121545332522 8 0 04450501550505015151411133163 8 695 0 0
1 3336 342233434323423523533545 3 0 04415151415151515153421 23 33 6 695 0 0
1 3336 543222323223423533434545 3 0 04415151415151515154421 23 33 6 695 0 0
1 6569 311213221111311534435541 0 0 03450505050505015413325 00 00 6 5 9 0 0
1 4782 322222212122111333333311 0 0 05450505050505050223315 00 00 8 8 4 0 0
1 4782 412123212111212444333411 0 0 05450505050505050332225 00 00 7 7 3 0 0
1 3138 411355131331111125422231 0 0 04450151550501550511511 43 83 2 6 4 5 0
1 6448 313113111311111412332444 3 0 04350155050501515311311 92123 6 695 0 0
1 6448 413312111222312422221344 3 0 05450151550501515354311 13123 6 695 0 0
1  613 322323214122211233332312 397 04450501513161515253521 43 63 7 6 1 0 0
1  613 422322214122212233232212 314975350501516141515353411 33 53 7 7 1 0 0
1 2032 344225212211221525254542 7 0 04450145050155050113311 23 93 6 6 2 0 0
1 2032 441225211211221522444542 3 0 05450145050155050113521 23 93 6 613 2 0
1 4037 512445553224554545544533 6 0 05413151514151515133521 73988 2 295 0 0
1 3981 413223412121223322334411 0 0 03350141450505014312325 00 00 6 6 4 0 0
1 2229 412224211212122224324513 3 0 03450501150505050241221 83103 6 617 0 0
1 2813 432345325213412544434546 3 0 05414141450505012215211 23113 6 695 0 0
1 4375 411221111311411334434511 0 0 05414151415141414144311 43 43 6 695 0 0
1 1827 322334431323423345334514 3 0 02350505050501350225325 00 00 6 5 2 0 0
1 4305 31211211131112151123221410 0 02450501450145050411311 73103 6 6 4 0 0
1 6752 322224313312313513333424 3 0 05450501414145050143331 53 93 6 6 4 6 0
1 6752 411213213111322533222524 3 0 04350501413145050143321 53 83 6 6 4 6 0
1 1915 323214312311422423432542 3 0 02450141450141515254525 00 00 6 6 1 0 0
1 3737 311223313121112533233411 0 0 02413111413501450353225 00 00 6 6 2 0 0
1 3426 311115212111112113323422 719 04350505050505014312221 23103 4 2 4 1 0
1 4062 321315211111112523443522 3 0 04350501550505050321415 00 00 7 6 1 4 0
1 3145 412234213211312545344546 3 0 05450111650501450242321 23988 6 695 0 0
1 5613 312214212231111412325411 0 0 04450145050151415511321 43 83 5 5 1 0 0
1 5861 312311422221421522212421 0 0 03414501515501450425125 00 00 6 295 0 0
1 5861 421312112222422534412525 1 0 02415501515505015435225 00 00 6 295 0 0
1 4996 314325311224144544544531 0 0 04314141414501414311215 00 00 7 695 0 0
1 4996 414314411212224534534531 0 0 04450141514505013315215 00 00 7 695 0 0
1 1759 32342232332121254544554410 0 03314141450501514242435 00 00 6 6 4 2 0
1 2844 422423212212421543423422 3 0 03350501250505016222221 33 53 6 695 0 0
1 2844 512313213213422543333423 3 0 02350505050505012233421 33 53 6 6 4 0 0
1 4755 343214134311214144344515 9 0 02350505050501550411221 23113 8 898 0 0
1 5855 312234232221122443323342 3 0 03415151414151414143321988988 8 6 1 0 0
1 5855 41223321122112242322224216 0 03415151414141414122221988988 8 6 1 0 0
1 2772 31121341112111133442451512 0 04350505050501450122521 43103 7 717 0 0
1  996 412113314211211222243435 3 0 04350505013505050411125 00 00 6 6 1 0 0
1 3287 412234412222321524324511 0 0 03450501413121314323425 00 00 6 6 2 7 3
1 3299 3122232133111214344345221217 04450501650121514511321 23 53 6 2 1 4 5
1 3299 41221321131132152333252413 0 04350501350131313412221 23 53 6 2 5 1 0
1 6727 311313112111111433522522 3 9 05450505014505050351315 00 00 8 895 0 0
1 2346 313312213311122525544521 0 0 02415151414141515151325 00 00 7 6 1 0 0
1  745 311232213222122232223244 3 0 03350505050501450141525 00 00 6 6 1 0 0
1  745 412212212212122222223243 3 0 03350505050501450111425 00 00 6 6 1 0 0
1 5309 211215441313112534522511 0 0 02350141413505014442425 00 00 8 5 1 0 0
1 2909 332215312233414535445511 0 0 03314145050141450354315 00 00 6 5 197 3
1 2864 411334114133411333334411 0 0 04350501350155012412335 00 00 7 2 4 0 0
1 2864 513314314113313434443421 0 0 04450141414145014244425 00 00 7 695 0 0
1 4184 312224113112112133344415 3 8 04350501414161214244321 23 43 6 6 4 0 0
1 2347 412314211212312423323511 0 0 04316501450505050212221 33103 6 6 197 0
1 3099 312424123223423444323511 0 0 04450501413501415212225 00 00 6 417 2 1
1 4215 311211212213131433213423 4 7 04450505050501550151215 00 0098 695 0 0
1 4215 512313331133331422311323 7 6 04450505050501415112215 00 0098 8 1 0 0
1 1012 314315425425244544444527 3 0 04414141515501515252415 00 00 8 8 1 0 0
1 1012 41422442442414454455452613 3104415151515151515252415 00 00 6 6 1 0 0
1 3465 31131211412412254444242411 0 05450505050151514511519 00 00 4 6 1 0 0
1 3465 41141431414531355542342517 8 05450501450155050114521 63988 2 295 0 0
1 2190 32222332112222253333552511 0 04414141514505050333321 33 33 7 795 0 0
1 5789 712115113212111545232511 0 0 04314151413141415112221 23 23 7 695 0 0
1 6304 313225224232234545555521 0 0 04450151250501415252415 00 00 6 613 0 0
1 6686 311433123132321523324511 0 0 04450501450501313113321 53 53 7 695 0 0
1 3395 321315113134111545554521 0 0 02450155050505050211321 33 73 6 695 0 0
1 2569 351211411422112213323511 0 0 03450501450501315343311 43103 6 2 4 0 0
1 3471 424325312312512122435511 0 0 04350501514165050152115 00 00 6 3 2 1 0
1 4587 322425332324534545555523 7 0 05450505050151414245311 63113 7 795 0 0
1 4587 432455314423513535552521 0 0 05450501450151515245321 63113 6 6 4 5 0
1 1465 331435324221214555555516 311 04415151515151515113521 33 33 8 6 4 0 0
1 1076 311314311122122533222311 0 0 04350505050505050111115 00 00 7 7 3 4 0
1 4319 312222312211211422212221 0 0 02313141413505014343321 13103 6 2 4 0 0
1 4836 233325412342313534434531 0 0 03413141414151414254411988 73 8 813 0 0
1 4836 333325321531412524333535 3 0 02413141414151414243511 33988 8 8 4 0 0
1 4021 511212122211224422323511 0 0 02350505050505050455415 00 00 6 695 0 0
1 2427 32131412433411353333455516 1 34414151515151515341315 00 00 6 695 0 0
1 6729 313214313112512544555541 0 0 05450155015155015352521 23133 8 895 0 0
1 6729 412215211212515525555551 0 0 05450151515151515313521 23103 8 895 0 0
1 3276 411222111112121123232221 0 0 04350145050505050411335 00 00 5 5 2 7 0
1 6421 332314424344423544333412 323214450141516501415352421 83103 7 6 4 0 0
1 3931 311111111111111411111111 0 0 02350505050505050111235 00 00 5 513 0 0
1 3760 322425312424443434455514 3 8 02413151415501515152521103123 6 6 4 0 0
1 3760 4324453223322345254435131211 32414151415141515152521 93103 6 5 4 0 0
1  316 32222322232131252232253313 3 04450145015141515312511 43103 8 5 4 0 0
1 3440 3213244143211221244325131117 83350505050505050252225 00 00 8 6 1 0 0
1 3440 43232532332232323532351317 0 04412111150111111312225 00 00 8 6 1 0 0
1 6926 33131443241354254443552212 6 04413131550141515445321 43 43 6 5 1 0 0
1 5793 42121411131113131133352212 0 03350501450145050281325 00 00 6 6 1 0 0
1 2514 31223212223311113231122311 3 93350505050505050411311 23 33 8 6 4 0 0
1 5196 411222111112111112224411 0 0 04350501450505011511221 53 53 6 6 2 0 0
1  779 311223122121112424231322 3 6144416505016165015452125 00 00 8 698 0 0
1  779 411315312111422534432522 3 6 75416161215505016411215 00 00 6 617 0 0
1 2996 511415114111414535445541 0 0 04350125050125050111215 00 00 7 8 4 0 0
1 4693 311312112111221423222331 0 0 02450501550501515311215 00 00 8 795 0 0
1 4693 411312114111221522221331 0 0 01415151514501515322315 00 00 8 795 0 0
1 4344 322413225323535554434543 3 0 03315151514501515155511 63 83 6 695 0 0
1 2037 311212111111112312212211 0 0 03350505050505050511121 73 73 6 6 3 4 0
1 4748 311221112211123512424511 0 0 02414151514151515241415 00 00 7 7 4 0 0
1 4748 411221112311125523424511 0 0 02414151514151515241415 00 00 7 7 4 0 0
1 5753 32233521313232353453552214 0 05450151514151515245415 00 00 7 5 4 5 1
1 7247 322323314323322444445535 3 0 04413141414155050354425 00 00 6 6 4 0 0
1 1177 32121421421212143444845217 0 04350141450161314432221 23133 6 698 0 0
1 1685 311214111212121442222441 0 0 02250505050501450511225 00 00 6 695 0 0
1 4559 221312111122321223221511 0 0 02413501413505014135415 00 00 6 513 0 0
1  939 411214312312312525245521 0 0 02350141450505050421125 00 00 7 6 4 3 0
1 4395 351115111511533555541121 0 0 02414151411151112135415 00 00989811 0 0
1 4395 411114121311133524431441 0 0 02450141314151514445525 00 00 4 6131112
1  537 343311111211121542531544 7 0 03350145013505050111421 53 53 8 7 1 0 0
1  709 331414114114413443543511 0 0 03413141413501315315425 00 00 6 6 1 0 0
1  221 312215314111131533351546 3 0 04450161250501212112325 00 00 6 6 4 0 0
1 6221 311235114321414435445513 3 0 05350505050505050415215 00 00 7 6 4 0 0
1 4477 422315314311312533534545 3 0 05315151415501550152411 23 63 6 6 4 0 0
1 4477 521325414221222544434544 3 0 04350141515505050152511 23 63 6 6 4 0 0
1 5121 412325413212213515554511 0 0 04350501450501515212225 00 00 6 6 5 0 0
1 5121 512324423213424544555513 1 3 02450151213501515245221 53 53 6 6 5 0 0
1 6092 411212211212111113221411 0 0 02450501450501250313115 00 00 6 5 1 0 0
1 1951 333434423323242244434423 3 1 04350501413505050142315 00 00 7 7 9 1 0
1 1951 433333312213423223334422 3 1 03350501313505014154325 00 00 6 6 1 9 0
1 3135 312323313124423433323524 3 0 05414141414141414244421 63 73 7 6 4 1 0
1 4814 312114211141111444342551 0 0 04490901250505050912211 33 53 6 6 4 0 0
1 6134 411215211211222212224522 7 0 02414505050111550112215 00 00 6 697 0 0
1 6134 511213212111213224224512 3 0 02413141450501514134425 00 00 6 5 5 0 0
1 6488 311312112111111434444411 0 0 02350505050505050411411 43 83 6 6 1 0 0
1 4847 31121531212223233233554311 1 02450161550501515552311 33 53 8 895 0 0
1  759 311515321114423532322531 0 0 02350141514501415314221 23103 7 6 3 0 0
1 4430 313443313321311434422435 3 0 02450141450141450252325 00 00 6 6 4 0 0
1 4430 412422313221112543334444 3 9132450141414141550242335 00 00 6 2 4 0 0
1 7731 334213414221232433324441 0 0 03315151450155014151221 43 63 8 6 1 0 0
1 3173 412233113111111325213315 3 0 05414501514501415113511 53163 6 6 4 0 0
1 2814 323412411414314555554422 6 0 03450141414505014421315 00 00 6 6 5 0 0
1 7881 221312212213121422221411 0 0 04350135050125013512321 13103 6 2 4 0 0
1 7881 321313213213112434241411 0 0 03350135050505014511311 13 93 6 5 4 5 0
1 6877 311223112114121133234411 0 0 03450505012501550111215 00 00 6 6 5 0 0
1 5087 311212111111222514242524 3 0 04450141550155015411311 33 83 6 5 1 0 0
1 1113 412325322321113535545511 0 0 03350505050505050111125 00 00 6 6 3 0 0
1 1990 322124213121212323424442 3 0 04350141450501412252421 33 53 7 717 6 0
1 1712 33231432231122353444354319 0 04414161616161616242221 23 33 6 6 5 0 0
1 1712 4222232222222125332334421617194414141414501414342431 23103 6 2 5 0 0
1 1517 331312312311414533434523 322 04350145014501414212221 33 33 8 713 4 0
1 3684 324225523422324545544511 0 0 02450151414155014143321 53113 8 2 3 0 0
1 2973 31121421121221333443341497 0 02350501650161616511221 23 33 7 7 4 0 0
1 4643 311214223323323533444432 3 9 03414151414501414255521 43103 6 5 117 0
1 3493 31121221222111121222242317 0 04450501450161616411425 00 00 5 5 4 0 0
1 4347 311114211211212534443531 0 0 03450141350141414212321 23 63 7 717 5 0
1 4347 411224213221212533434531 0 0 03414141414141414123421152103 7 617 0 0
1 2069 411212311211111211312411 0 0 03350501350501650412225 00 00 6 6 1 0 0
1 3328 42142423413331234434342517 0 02350505050141412432421 13153 6 2 5 0 0
1 4591 312211111221111112223311 0 0 02250505050505050411125 00 00 6 695 0 0
1 4591 411211211211111112122211 0 0 02250505050505050511125 00 00 6 698 0 0
1 2105 41221221231411234444441312 3203350505050151550511121 83103 6 6 4 0 0
1 4397 311222111111111114134211 0 0 05450505050505050451121 13 83 6 695 0 0
1 4397 411314411211111112224211 0 0 04450505050505050451121 13 83 6 695 0 0
1 2310 311325123112123444342511 0 0 02450501514505050111421 23 23 2 218 0 0
1 2310 411314333123332324443515 3 1 05350141550141313154525 00 00 6 613 5 0
1 3089 311314212112122123223321 0 0 02450501414501414412421 43 93 7 795 0 0
1 1112 32331422131121152233344410 0 02315141514121414322525 00 00 8 5 4 1 0
1 3197 3121231112121114223224229711 03450141350505050151121 93 93 6 617 0 0
1 7197 32112322231332242232254210 0 03414151515151515124415 00 00 6 6 5 0 0
1 2676 311312111111312422233421 0 0 03414501414505050112225 00 00 7 7 1 0 0
1 2676 411312112122421524232521 0 0 05414501314505050114225 00 00 7 7 1 0 0
1 3506 411225211213413425434522 397 02450501450505050111111 43 73 7 795 0 0
1  925 311215213111111534224513 3 0 02350501550145050512315 00 00 7 695 0 0
1 1646 314414412224422544444531 0 0 04415151515501550152415 00 00 8 6 1 0 0
1 1646 414444214144412544422535 397 05415151515501550153515 00 00 8 6 1 0 0
1 6303 323214422214232342313311 0 0 03350505050505050111115 00 00 6 6 4 0 0
1 4321 312313133323325325353511 0 0 04413151515501315515515 00 00 6 2 4 0 0
1 2093 412414311325112243242111 0 0 04450501450155050551431 73 73 6 2 4 0 0
1 2093 51241331122511225332111211 0 04450501150155050551221 63 63 7 795 0 0
1  841 323414433342425445544521 0 0 04350505050501450112225 00 00 8 8 517 1
1  841 434424423334424444445531 0 0 04350505050505050113225 00 00 8 817 1 0
1 8165 312414312324322544334421 0 0 04450155014145013414341 13 53 6 212 0 0
1 2681 344424514425214554545531 0 0 03415151550151515454421 83153 8 5 1 0 0
1 2681 451545544515522522525521 0 0 03415151515151515454511 83133 8 6 1 0 0
1 4367 412244424244332545545514 3 8 02450505050505050411115 00 00 7 795 0 0
1 4367 512334324244334544544515 3 8 03450501350505013435315 00 00 7 695 0 0
1 5562 332223325533522555553514 3 9 04414141514151513145525 00 00 8 61713 0
1  445 321313312222234523422422 3 0 05350121450501414152221 63 63 8 697 0 0
1 3334 332412424213422534344516 3 0 04450501450501414342225 00 00 7 6 5 0 0
1 1297 412214412224332324343514 317 03450155014151450152415 00 00 6 617 0 0
1 3292 333413511313312343344531 0 0 04450141512151515243315 00 00 6 2 1 0 0
1 7560 311123112123313533423513 397 02350501450131314512225 00 00 6 6 1 0 0
1  134 313223413323212534334513 3 0 03350141450151414242421 33 73 6 5 1 4 0
1  134 413223413313312544323515 314 04350141450141516213411 33 63 6 7 1 0 0
1 7764 321212212112122221223232 3 0 03314151313141413311525 00 00 7 7 413 0
1 3019 434223213224421544444544 1 0 03450501414505014513421 33103 6 695 0 0
1 3719 411332122121111335223541 0 0 05350151515155050331541103163 2 1 8 0 0
1 3719 511233133112123335312511 0 0 05414151515505050311521123153 1 295 0 0
1 7062 311434214232432544434526 3 0 04414501250501414353221 63 83 6 6 1 3 0
1 7576 332212211223421522211241 0 0 02313141413145014124321 53 53 6 2 4 0 0
1 7576 431312111211122541311431 0 0 02313141414501450434325 00 00 2 211 0 0
1 7085 311423212121322212244515 3 0 04350141514151414554321113123 6 2 9 4 0
1 3107 322115112211121224422443 3 7 14314141450501450111421 33 83 6 61317 0
1 3107 424214212311121434322444 3 0 03314151414141450111421 33 63 6 61317 0
1 6511 334434313431312523322445 3 0 05413151413501414332321 33123 6 6 4 0 0
1 3140 311112114111212333343425 3 0 03350505050505050511225 00 00 7 6 517 0
1 3140 411213114111212334444514 3 0 03350505050505050511225 00 00 7 798 0 0
1 1173 312212212211211532311455 3 0 03415151450151515112321 43103 6 5 1 0 0
1  298 312323121312123445435531 0 0 05415151515501514111421 43988 2 2 7 0 0
1  784 321224124134141545541511 0 0 02450141450505015531421 63113 6 698 0 0
1 2603 341513212113434522333411 0 0 05450141550141515555525 00 00 7 6 4 0 0
1 2440 311223113113412134444441 0 0 04450155015501515453431 23 63 7 613 0 0
1 2440 412334114311321224432442 7 0 04450155015501415453325 00 00 7 613 0 0
1 5788 311214111111321512333341 0 0 03350161650501650412411 23103 6 695 0 0
1 3253 3432122122122214233324421011134450141450141415342421 63 83 6 695 0 0
1 3253 443213222312322432232441 0 0 04450141550141415354321 63 93 6 5 4 0 0
1 6464 411111111111111122121431 0 0 04350505050501450111315 00 00 6 698 0 0
1 3240 311422112122321512534533 3 0 04350505012151550211525 00 00 8 8 4 0 0
1 3240 411333412121311541444542 3 0 04450141414151414225525 00 00 8 6 4 0 0
1 2054 434435211431215445444511 0 0 05414505014501450112415 00 00 6 814 515
1 6399 31242122412131354543344517 8 14414141414151415145421302113 8 6 4 0 0
1 3261 411113111211211122223215 3 0 03350505050505050141215 00 00 6 6 4 0 0
1 3261 511112112211221122212311 0 0 02350505050505050151115 00 00 6 895 0 0
1 5804 332435414234311545444534 3 0 04450141414141413553321 33133 6 6 4 0 0
1 8233 321323423123322433334354 3 0 04313135050141414413421 53 53 7 7 1 0 0
1 8233 421323312123322454435553 3 0 04413145050151413313315 00 00 8 6 1 0 0
1 5168 322212212222212544422431 0 0 04450151550505015144425 00 00 2 295 0 0
1 7083 311314412313412433344451 0 0 02414151414151414142511 83103 8 8 113 0
1 7083 411325314422312334344451 0 0 02414151514151414145521 63123 8 8 113 0
1 3777 411124112111112311131111 0 0 02450505050135050511221 33 73 5 2 1 0 0
1 1098 321424324214444424442522 3 0 04450151414151514243421 33 93 6 2 5 0 0
1 4241 321333212121221532432532 6 0 04414151413151414222411 23113 5 5 4 0 0
1 3155 431313324225413434335514 1 0 01413131450501414354421 73103 7 6 1 0 0
1 2503 311223111112112223223521 0 0 04450505050501213251325 00 00 6 6 5 4 0
1 2750 412312112112121342322531 0 0 04450141450151450312215 00 00 6 695 0 0
1 2969 321313211313221122233431 0 0 04313501312501413111341 73113 5 21412 0
1 2969 421422211323211122223331 0 0 03313141413501450112221 43 93 5 210 0 0
1 4637 222312213113131432211446 3 0 02450151414505015112221 33143 6 2 1 0 0
1 4637 411323113113132431321446 312211450151450501514112221 33143 6 2 4 0 0
1 1560 532213213312513534322541 0 0 02414151450501515454215 00 00 6 6 2 0 0
1 2271 311222112123111423422521 0 0 05350141450505012543221 33 63 6 2 4 0 0
1 6551 322324212312213432233451 0 0 03414151450501450145545 00 00 5 2 5 4 0
1 1402 21131321121211133333331214 0 04350501313145050111325 00 00 6 5 2 0 0
1  823 411413434131444444433425 3 8 05414141413151514155421 33 53 8 6 2 0 0
1  823 511312423121433444322425 311 85414141413151414155521 23 53 8 6 2 0 0
1 1702 233425423333222534444413 3 0 03450141514141414323325 00 00 6 6 1 0 0
1 2109 31431131312541155332241497 3 03450501514501515113511 63103 6 4 1 0 0
1 3559 32232321222321223332334311 0 03450131412141414532311 43123 8 8 4 0 0
1 6309 335315423424414544453521 0 0 02414145050151515555211 83 83 6 6 4 0 0
1 3574 411311111112112112312111 0 0 02450155050505050511115 00 00 6 2 1 0 0
1 3574 512312111212112522432211 0 0 02450165015501550411315 00 00 6 2 1 0 0
1 1043 312224211222112314344421 0 0 04350121350151416551421103103 8 7 41713
1 1403 323424114315343434454516 312 03450145014145014124321 63 63 6 2 1 0 0
1 3804 321212221212112212223211 0 0 03150135050505050341421 53 53 6 6 1 0 0
1 3804 421412423222211232223311 0 0 03450125050505050511115 00 00 6 6 1 0 0
1 6713 411213111111111112321111 0 0 04450505050505050411525 00 00 2 2 1 0 0
1 6713 512214111413211222212411 0 0 02450155050505050222215 00 00 4 4 4 0 0
1 4690 422112311111111544123521 0 0 04314501414505050112215 00 00 6 6 4 0 0
1 3504 314114222213312545522532 8 1 05450501414505014122125 00 00 6 6 5 0 0
1 3254 313414411221213444324521 0 0 03350115050505050211235 00 00 8 895 0 0
1 3254 413224312222424425425534 1 0 04350501450501350212225 00 00 8 895 0 0
1 5528 324325414422213524534445 3 0 04350141415151414222321 43 83 8 6 1 0 0
1 3606 32231531331442354545551512 0 03350505050501515315511 33 53 8 698 0 0
1 3606 4213153133135135554535151012 73350155050501515315511123123 8 813 0 0
1   41 312114231224324544443541 0 0 04450165050501616313225 00 00 8 8 1 0 0
1  874 313415213323423523432531 0 0 03413141412501416135421 13 53 7 61713 0
1 4217 211424222121313514422411 0 0 02450155013505015144115 00 00 6 6 1 0 0
1 7212 413312132322121554441424 3 0 02215151513151515131315 00 00 6 5 4 0 0
1 1982 421315312112412522421423 5 0 01312141350135015152221988103 8 610 0 0
1  827 311212211111112313223312 1 0 04350501450505080811211 23 53 6 613 0 0
1 5973 312314311214114415452541 0 0 01350501450505050111421 23173 6 213 0 0
1 5973 411213112112113433331421 0 0 03350121550505050111211 43133 6 695 0 0
1 6791 311314222322323535443552 3 0 02413141414505014442321 73988 6 217 0 0
1 7162 311214211111112413343311 0 0 04350505050505050411321 23153 7 6 4 0 0
1 7162 411213313123111423334311 0 0 05450505050505050412221 23113 7 4 4 0 0
1 3584 411412413113134435411441 0 0 01450151514505050211111 73123 2 211 0 0
1 6291 322334434232222443443534 3 8 04350145014501450243415 00 00 6 6 1 0 0
1 6291 422234324322223544433435 3 8 04350145014501450233415 00 00 6 6 1 0 0
1 4384 312123312111211443331551 0 0 04414131450151414211511988988 6 695 0 0
1 5839 313224413211122545554555 3 7 63450505050151550112115 00 00 6 617 0 0
1  884 321322411113421412222334 3 0 02414141514501414213425 00 00 6 5 4 0 0
1  884 431313411213321422222435 3 0 02414141414501414213421 33 53 6 695 0 0
1 5328 311312321134421524533512 3 0 03350141450501414543211 23 23 6 5 1 4 0
1 1654 321314312313432534442541 0 0 02450151415151314213225 00 00 6 699 0 0
1 4098 3222254232222245445445551714213450151514151515254211 23 53 7 5 1 5 0
1 4098 42232542422223454555455517 3214415151415151514253215 00 00 7 6 1 0 0
1 5587 313413313332112533322314 317 02250501350501450311321 23163 5 595 0 0
1 5587 414413412423213532443513 110 03413131350501312422321 23 93 6 595 0 0
1 4790 311222111111111212122511 0 0 03450505050165050311215 00 00 8 895 0 0
1 6216 322334524323424434344545 3 0 02450151550501515355115 00 00 8 6 1 419
1 6491 331313114112333543434536 3 0 04414151414151414155211 53 93 7 6 213 4
1 6491 431314114214323543325536 3 0 04414151414151414155221 53103 7 6 2 513
1 2784 511143212121111123124441 0 0 03350501250505050112115 00 00 6 5 4 0 0
1 5453 321235214232343224434541 0 0 05414141414151450245411 13103 6 317 0 0
1 5453 422235413421433534444542 3 0 04450151414151550255411 13 93 6 6 5 0 0
1 5679 334315511433423555554545 8 3125415151515151515155511 33 73 8 8141317
1 5679 415335534423525555544544 317975415151515151515155521 23103 8 7 5 0 0
1 6995 312121211112121512111331 0 0 04450141414501414443421122103 6 5 51713
1 6078 311412222213223432244521 0 0 02450501514501514155415 00 00 7 795 0 0
1 5442 313315314213413534255545 8 3 04450501650151515252311 33 53 7 8 1 0 0
1 7303 342213113122111535555544 3 0 04450501550501515111511 23988 6 2 2 0 0
1 7303 422213211211111515454531 0 0 05450131350151515111511 23988 6 2 2 0 0
1 4623 322324423321122534443545 3 8 04413141514505015151511 43103 2 6 3 0 0
1 7261 322414411313422534332511 0 0 04450141415151450413325 00 00 6 695 0 0
1 4333 321424411214112244235431 0 0 02450505050505050511111 33123 6 695 0 0
1 4333 422312211214331323224531 0 0 02450161550505050512211 43103 6 695 0 0
1 3827 311225324213312445554533 3 0 02450141615165050352225 00 00 8 8 5 0 0
1 6024 411215344111212545543536 3 0 04250501550151515511511 13103 8 6 4 5 0
1 4361 311412112121112533321451 0 0 05414151414505050312325 00 00 6 2 5 0 0
1 4361 411421112121112521322451 0 0 04414151450151450312321 33 83 5 2 4 0 0
1 2882 411223211122111522333531 0 0 04450505050505050311115 00 00 6 6 1 0 0
1 7571 511222211121111122122241 0 0 03250501450505050441115 00 00 2 217 0 0
1 7301 322213222222112123223221 0 0 04350131413145013442411 23133 7 6 4 0 0
1 7301 421414222312112122214131 0 0 04350151513131413442211 23123 6 510 0 0
1 2371 341415422514523533534542 712 02412141513141514443521133133 6 2 4 0 0
1 2371 4414121212144225225245431514 05450151514151515554521103113 6 2 4 0 0
1 3960 411213212122111512233421 0 0 05450505050141350411421 23 83 8 5 4 5 0
1 4840 314415413222124524445541 0 0 04350141514141450111521 23123 5 5 2 0 0
1 4840 414415422222124524345541 0 0 04314141514141450111421 23103 8 6 3 0 0
1 1384 322122312111112431331331 0 0 03415151513501515351425 00 00 6 2 1 0 0
1 4850 31331532111333352555552214 3 04450121650501611212211 33 33 6 2 1 0 0
1 2940 311211511211142533322543 3 7 02413151515141514441325 00 00 6 6 4 0 0
1 5708 334434414332424544545541 0 0 05415151550161616255515 00 00 6 698 0 0
1 5982 3342224121123224344232539719 04450141515145015354415 00 00 7 8 4 0 0
1 5013 322222211111112312322332 1 0 03114131412111250312331 33103 8 7 4 0 0
1 5013 41122222111111233231233215 0 02413161212501450351321 23 93 8 6 517 0
1 7324 311215212414111525445511 0 0 01450501550505015511121 23 73 2 2 1 0 0
1 7324 411424114414112533513521 0 0 01450501550155015511521 23 53 2 2 1 0 0
1 4758 322335224323343544454535 3 1 05450141514501213144311 63 63 6 6 51713
1 6678 311313221112233323342311 0 0 03312121212505012212331103103 5 3 2 0 0
1 6371 311314331223221535333518 9 0 02414141414501415555421 33 83 6 217 5 0
1 2904 313213212211112422321421 0 0 05414141413501414151415 00 00 6 695 0 0
1 2904 424314312311122534443521 0 0 05415151414501415111225 00 00 6 695 0 0
1 3320 312214321211212332312431 0 0 01450141450505015312111 23 33 4 2 217 0
1 4063 311212111121111212232321 0 0 03350501250135050311331 63163 6 5 4 2 0
1 2792 312234411314424544433444 8 3 05450155050501414213211 33 73 7 715 0 0
1 2792 412324422223322543432444 8 3 05450141414155014213211 43 53 7 715 0 0
1 1942 311212111111111211222281 0 0 02250501450501415411415 00 00 8 8 4 0 0
1 1307 331435515525524445353525 3 0 04450151513151515155521 53123 6 6 1 0 0
1 1307 432435425525525355453527 3 0 04415141514151515155521 53113 6 6 1 0 0
1 1670 311112211111111113114241 0 0 02150125050501450141331123133 6 2 4 1 0
1   94 311211212211111533321421 0 0 04415151414151415142421 13123 2 5 1 0 0
1 2149 422312212211312423341541 0 0 04350141450145014231425 00 00 5 212 0 0
1 7913 332414322411322532332541 0 0 05414151414151414243221 33 93 6 6 1 0 0
1 7913 431413221411332533332541 0 0 05414151414151414243321 33 93 6 6 1 0 0
1  540 342334223122312533434441 0 0 04450141450131414142321 13123 6 5 4 0 0
1  540 422213223222312533433441 0 0 04450141450141414142221 13123 6 6 4 0 0
1 1916 211414421214414542522541 0 0 05414141550155014555415 00 00 6 2 910 0
1 1992 342324213324412544454524 3 0 05450141450501415444411 23133 6 698 0 0
1  777 434315112511312424445331 0 0 04450501450501450423415 00 00 6 695 0 0
1 2861 321223211212212423332511 0 0 03350501216505013412321 33 33 6 6 1 5 0
1 2861 412214411112143444411411 0 0 01450505050505050411441 33123 2 2 410 0
1 4684 331214313212423544533515 814 04314141515141415544425 00 00 6 6 5 0 0
1 4684 431223212112422544423514 8 1145414151513151314144425 00 00 6 7 5 0 0
1 5188 311414113111111233343511 0 0 04350505050505012511521103103 6 217 0 0
1 3009 313314411211212533334411 0 0 02350501450145050311421 33 53 7 6 5 0 0
1 3289 311233323121234523442341 0 0 05450165016111616251215 00 00 6 613 0 0
1 3289 411233332331222522321251 0 0 04413131216111312223325 00 00 6 213 0 0
1 4159 323214212212212434434441 0 0 03450141450145013422421 23123 6 4 5 0 0
1 4329 311212112211212334334533 3 0 04450501650505016332221 13143 6 6 4 0 0
1 6759 311325322525514235343514 7 3124414141550501515115445 00 00 8 6 5 0 0
1 6116 311115111111113514411141 0 0 03215151512125050212215 00 00 6 695 0 0
1 6408 412414423221313443234511 0 0 02414141513151515142525 00 00 8 7 4 0 0
1 5003 433323111311112422244421 0 0 01350501450505050444415 00 00 8 895 0 0
1 6967 322322311312334532233531 0 0 03314151414501414254425 00 00 6 695 0 0
1 5273 335113113333213323333231 0 0 01450501515151515355321 63 83 6 217 0 0
1 5273 533113312333313322322421 0 0 05450141614141414344525 00 00 6 298 0 0
1 7006 435314431321132424244541 0 0 02414121415505014314511 53133 6 6 9 0 0
1 5893 311312212112111212221111 0 0 01415501415151515341515 00 00 6 6 1 0 0
1 8106 511315314134153144455541 0 0 02450501150151515145511 63 63 6 2 1 4 0
1 4815 31231211122132323533451312 8 04316161650505016111121 73 93 6 6 4 0 0
1 1248 311312211111411122222312 3 0 04450501250151414113215 00 00 7 7 397 0
1 4176 321435334313232534445545 312 04350145013505014234425 00 00 7 695 0 0
1 2078 311213111111112113233442 3 0 04450505050505050212211 23 43 7 6 5 0 0
1 6061 332415313254523545525521 0 0 02314501515505014254225 00 00 6 6 2 8 0
1 7668 452414222334313545443541 0 0 05412151515501515313325 00 00 8 695 0 0
1 3936 332414114315434543554541 0 0 03415151515151515255121103103 6 2 1 5 0
1 5358 311313111311211514153341 0 0 02413121350151550113525 00 00 6 695 0 0
1 5358 431434113323432535344541 0 0 02412501515151515145315 00 00 6 295 0 0
1 6585 311113114222313543433525 313114415151514141515551415 00 00 8 7 4 0 0
1 6571 341333214332211323323511 0 0 01250131450505015142421 43 63 4 5 1 0 0
1 1312 311434433343334535554544 3 0 02415151515151515554425 00 00 79898 0 0
1 7552 311114112112211222312222 6 7 01414151414505050352321 83123 6 6 5 1 0
1 7552 411223113112311122211322 6 0 02314141414501414342331 73113 7 6 4 0 0
1  660 313212313211111442412211 0 0 02450505050505050311115 00 00 6 6 1 0 0
1  660 411212212111111422421211 0 0 02350505050505050211115 00 00 8 8 1 0 0
1 7831 322315312321212524255551 0 0 04414161550141516155515 00 00 6 6 1 0 0
1 3547 322112211312112222211211 0 0 02211111616505016222215 00 00 7 6 1 0 0
1 4504 451222212342211323433241 0 0 02413141515151515143335 00 00 69898 0 0
1 4504 552222211331911222833341 0 0 02315151515151515134425 00 00 6 698 0 0
1 6987 321414412214414544424532 2 0 02415151515501515145525 00 00 6 699 0 0
1 3379 321342123322422133223231 0 0 03350505050131314413325 00 00 6 2 2 0 0
1 7595 412323212121411423323311 0 0 02350505013151414113315 00 00 6 613 0 0
1 7272 533332222312112422331441 0 0 02116501612501650111225 00 00 7 695 0 0
1 6641 344424344431334543444551 0 0 03411131413501313344325 00 00 7 7 1 0 0
1 2439 43143431331153555454353414 0 01450125012505015515325 00 00 8 598 0 0
1 3391 634424413332223543433421 0 0 03314131414141314432325 00 00 6 6 1 0 0
1 7836 334424211324113434444321 0 0 01415151313151415533321 63 83 6 598 0 0
1 7836 444434414524232544444521 0 0 03312121212121212544521 43 93 6 513 0 0
1 5016 621244111442112422445521 0 0 02412505050505050512315 00 00 7 7 1 0 0
1 8182 322313111113114433332541 0 0 01412151650165050511218 00 00 8 6 413 0
1 8182 421314111213125424441541 0 0 02416161250115050411211 13 13 6 6 4 0 0
1 5305 351414512233333322243432 8 0 04415151515151450522431 93 93 8 8 4 0 0
1 2386 322312122321414423521521 0 0 04450141550141415444415 00 00 6 695 0 0
1 2450 311313111111111411222241 0 0 04450501414141415444425 00 0099 695 0 0
1 6582 332335513321133523355531 0 0 01414151513121515325315 00 00 8 8 5 0 0
1 6582 422334113313333522454521 0 0 01415141515151515244415 00 00 8 8 2 0 0
1 4852 614335141511411511351511 0 0 05450151550151515155531113113 6 6 2 0 0
1 6634 311332112132122532244541 0 0 02316121250501214311325 00 00 6 6 4 0 0
1 6634 412234414441134544445531 0 0 02312121250501213121325 00 00 6 6 1 0 0
1 6069 3323132112111125345515421211 05415151550151550151425 00 00 6 695 0 0
1 6069 4112121112111125535414421112 05415141515151515152425 00 00 6 697 0 0
1 6151 514313411311213323323441 0 0 02250501450505050133115 00 00 6 6 4 0 0
1 4074 311211111211111224222141 0 0 02414131350135014112321 23 73 6 695 0 0
1 4074 41121211221121252243244212 0 02413141450501414142211 43 63 6 699 0 0
1 6998 411111112121111311111111 0 0 02250501250505050111325 00 00 6 495 0 0
1 6323 411411114344141242244111 0 0 01450505050505050111135 00 00 6 6 8 0 0
1 6323 612215314313131434441111 0 0 01250505050505050112125 00 00 6 695 0 0
1  691 345312213143114534534531 0 0 05315501550501515111111 63 63 6 6 1 0 0
1 5836 311413111111112483434411 0 0 02915501312505015111225 00 00 6 618 0 0
1 5836 511215412111112513313311 0 0 01112501450505050411315 00 00 6 698 0 0
1  336 344425522512253333355421 0 0 02315505050155050445425 00 00 2 2 8 0 0
1  336 535554432522555533555521 0 0 03414505050155015455525 00 00 2 2 8 0 0
1 1797 325414431411322555544431 0 0 02215151513151415154411 23113 6 613 0 0
1 7542 344514411411414544445531 0 0 02415501515151515144415 00 00 6 695 0 0
1 7542 445414311311411555552541 0 0 03415501515151515145515 00 00 6 695 0 0
1 3979 321324212322212534443521 0 0 02314131414141413343411 23 23 7 6 5 0 0
1 3979 431434312322313534435531 0 0 03414141513141412323415 00 00 7 695 0 0
1 3588 424224424321221533554541 0 0 01415151515151415211511 53 53 6 613 0 0
1 4424 311433124221342333343211 0 0 03313151514141515353531 63 63 6 2 113 0
1 4424 412422424331332144442211 0 0 02350121412141213334225 00 00 6 6 113 0
1 3576 413324211314113214143241 0 0 02350501650505050212221 13103 6 6 4 0 0
1 3636 623435315321123533553542 3 0 02415155015501515535525 00 00 8 8 4 0 0
1 4972 321233323333434534244454 3 0 02815151515155015143515 00 00 6 698 0 0
1 4972 434444344433434533234352 3 0 02315151515151515155515 00 00 6 698 0 0
1 3967 31121511331121353322153415 0 02315151515505015152125 00 00 7 795 0 0
1 6581 314314411311312113434441 0 0 01450501250505050213115 00 00 6 6 1 0 0
1 6459 345325423323545543533541 0 0 02416151515151515155515 00 00 6 695 0 0
1 1547 33243412332313452324325211 0 01315151514501415155415 00 00 6 695 0 0
1 6506 31121411111111124224232211 0 02350505050505016312525 00 00 6 695 0 0
1 6397 711232123211422421432441 0 0 01412141515505015313335 00 00 6 6 1 0 0
1 5689 311422111321433121333331 0 0 04414501450151515343315 00 00 6 6 4 0 0
1 4799 233121311321111344444541 0 0 05350141450155050111321988988 6 5 1 0 0
1 6863 511211111111211522212541 0 0 02450501514505015312425 00 00 4 2 4 0 0
1 2995 323324413323312232424531 0 0 03414151515151515253591103113 6 6 4 0 0
1 6513 744225511521411555553541 0 0 02314151515151515454511 43 43 7 7 5 0 0
1 7530 412414411311331544553521 0 0 04414141450501414511525 00 00 8 898 0 0
1 1124 311223114222312443433333 3 0 02350155050505050312215 00 00 7 617 0 0
1 1136 211415111115111414151113 3 0 02450501550501515511511 63 63 6 3 417 0
1 1555 334425444425435445554536 7 6 05415161615151515154415 00 00 6 695 0 0
1 2040 334213322311112122332551 0 0 02313501450141414241431 33153 6 614 4 0
1  653 314145114511411212311131 0 0 04415151513131415354521 63133 6 6 2 0 0
1  653 414245114522421222441435 3 0 04415151514151415554521 63133 6 6 2 0 0
1  676 323345223425525545534534 3 0 04414141514501515315411 23163 8 895 0 0
1  676 432335524535543545534544 3 0 04415151515151515515511 23103 6 695 0 0
1  909 333435324424224545544555 3 0 05415151415151515144521123163 6 6 4 0 0
1  909 444535444544435545544555 3 0 05415151515151515144521 83133 6 6 4 0 0
1 1171 31111211121131111251514311 0 01150501550501550115441988143 2 2 2 0 0
1 1171 54153131311151321151352510 0 01413501550501515415315 00 00 2 299 0 0
1 5783 412313311213212433233455 313 02450161350505050412221182133 6 6 1 0 0
1 5783 52331332211122253333344413 3 02450141450141550422421182123 6 4 1 4 0
1 6526 411213112111121412424551 0 0 04250151550505015513545 00 00 6 1 5 0 0
1 1876 435355331551555555555543 3 0 02215501350135015355415 00 00 2 295 0 0
1 4511 332215411415212541415431 0 0 03315155050155015312325 00 00 8 6 4 1 0
1 4511 422214342125413554545534 3 0 04314145050501515313225 00 00 4 6 1 0 0
1 5248 312211111411111111221111 0 0 02350145050505012111311 83 93 2 295 0 0
1 7848 321234323513323223333332 3 6 02213501550141415212531 73143 6 5 297 0
1 7848 421323222323313233344452 3 0 03314141550141314313521988988 6 6 4 0 0
1 7276 342535445525544545545545 3 0 05415151515151415155425 00 00 7 6 1 0 0
1 7853 411312212322411222443451 0 0 02414141414501515254521 73103 7 6 4 1 0
1 7639 321415412512111514342211 0 0 01450501450505014311411133133 6 6 1 0 0
1 1093 322515212124444544555533 6 0 05414141111505050445515 00 00 6 695 0 0
1 5545 212111111111111421211111 0 0 02150501550505013311321 73133 6 2 317 0
1 5545 344414412411113433333421 0 0 03350501550505050831321 63 63 6 6 1 0 0
1 4031 3454254323145355355545141421 05414151413141415353411103103 6 295 0 0
1 2688 322314422321114524455526 614204415151515501515514411 53 83 8 813 3 4
1 2688 423444324321414424444526 614972415151515501515555511 53 73 8 6 3 4 0
1 4898 312312211122112322321521 0 0 02450501250505050511221103143 8 6 197 0
1 4898 411212111112112221211221 0 0 02450501250135013412231 73103 8 1 9 4 0
1 4928 24423452251424453334354315 0 02313131414141315335425 00 00 6 695 0 0
1 7295 311523224444414333344411 0 0 02450501450151515335321 53123 2 2 4 0 0
1 6876 311313312114413523314541 0 0 04450501514141415155511 83123 6 695 0 0
1 1829 322111111111111212221221 0 0 02350135050501313411325 00 00 6 213 0 0
1 2798 333535535535535535555546 317 05415151515151515355421 63123 2 2 2 8 0
1 2816 331114411413213555454541 0 0 02350505050151550311121 63 63 6 6 5 0 0
1 6938 455435534545535533545444 3 0 03250505050505015345525 00 00 6 617 0 0
1 4750 321435315324522534554546 3 0 05414151515155015355525 00 00 6 6 4 0 0
1 2087 3222122112111125224225232097 02350141650501350512211 63 63 6 6 1 0 0
1 7810 341411514114544541431566 3 0 05414151515151515355125 00 00 6 6 4 0 0
1  797 331113111111222414514511 0 0 01150121616505050315315 00 00 6 695 0 0
1 5997 51121221121211143345443211 0 02450151414141515432215 00 00 8 6 1 0 0
1 6508 411114111111111411431131 0 0 02150145050501313113321 33 53 5 5 2 0 0
1 1994 314415421414424222251551 0 0 04350501150131514443435 00 00 5 2 5 4 0
1 1143 421424422523394234224531 0 0 08213121650505050114231 53 73999995 0 0
1 6825 311212111111211512234111 0 0 02350501550505015513521113113 6 6 4 0 0
1 7617 411111111111111111111111 0 0 01150505050505050311125 00 00 2 298 0 0
1 3104 324415444525215542324254 3 0 04450151414151515455525 00 00 7 6 2 0 0
1 4644 421315311315112535445541 0 0 04350141550501616151515 00 00 8 7 1 0 0
1 2942 322444323434434544553541 0 0 03415151414151515355511 73123 6 4 4 0 0
1 4482 333424314122542545454541 0 0 05415501515141515154535 00 00 6 6 4 0 0
1 3969 332112111111112212222211 0 0 01112501350135050153315 00 00 2 295 0 0
1 3969 411111111111112112122122 3 0 01115501515151515553341123143 2 1 211 0
1 5186 211414214421111444533534 3 0 02450151550151514511415 00 00 6 6 2 0 0
1 3048 421414111121131441332451 0 0 02350501514501414111421 23 93 4 2 4 0 0
1 2198 331215132124125545454523 3 0 04412501311151213455321 33 63 4 2 4 2 0
1 2524 611214112213112414432431 0 0 02312151450501550153315 00 00 6 6 1 0 0
1 4462 32242332222221222222225222 0 02350141313141414343325 00 00 6 6 1 0 0
1 2605 421414431411413323355511 0 0 04350505050121350414321 53 73 6 61314 0
1 6627 311224211221112322325441 0 0 04350121350141215251411 23 73 8 795 0 0
1 7348 511225122134143525555511 0 0 02350151550151515341115 00 00 2 3 2 0 0
1 3850 432243212412222333433444 3 0 05414141514151415432421 43123 6 513 0 0
1 5614 444324412211222224224531 0 0 04350505050505050512321 13 93 6 698 0 0
1  938 311113111111111413321414 3 0 02350501450145015231521 63123 6 6 1 0 0
1 5969 332412211314532441212522 3 0 01350151515151515255321 73133 6 3 4 5 0
1  127 341515533511535535555533 7 0 04415501515501515445515 00 00 6 695 0 0
1  127 5415155355515355555255331511 04215151515501515455515 00 00 6 695 0 0
1 4547 33351544133553352555555397 0 02250111150111111555525 00 00 7 615 1 0
1 4547 42552554452353355555355497 0 03315151515151415355515 00 00 7 615 0 0
1 2062 434215414425444445455516 3 0 05450505050501550314115 00 00 6 695 0 0
1 5563 323414113311241434342441 0 0 05450155050501550313215 00 00 8 8 4 0 0
1 5403 43141532431442444453455516 0 04414151414151515153525 00 00 8 895 0 0
1 4086 22241521241224242222255397 0 03350145015141450252541 73123 8 699 0 0
1 4696 41421521111141152551455411 7 04450501550155050215215 00 00 8 8 4 0 0
1 6194 311435313134332435325521 0 0 02450155050155015113511 83 83 6 6 1 0 0
1 6194 411435524135433434353531 0 0 02450151550151515113421 83 83 6 6 2 1 0
1 6975 611221111121211111121131 0 0 02350505050141415454425 00 00 6 6 2 0 0
1 4608 331325113214433534453511 0 0 05450505050505050253411 23133 8 895 0 0
1 4608 421315214335543533544513 3 0 02450501450505050254411 33 93 8 895 0 0
1 7494 421214221413311235452522 3 0 03350125050125050512531 23123 6 3 8 0 0
1 5262 312432123444514445545523 3 0 04314151415151415254421 73 73 8 6 1 0 0
1 1087 335535111315555555555541 0 0 04412131550505015445515 00 00 8 795 0 0
1 7697 334311311412412533535541 0 0 02414151515151415355515 00 00 6 6 2 0 0
1 4960 341315244212515545454541 0 0 01415151515151515155521 43 93 7 2 4 0 0
1 2067 323224312323111533223521 0 0 02250501450151414511325 00 00 6 595 0 0
1   72 555233553355111121133141 0 0 05350505011505050411325 00 00 6 6 4 0 0
1 5775 324445313314525555555553 622 05415151550501515355321 53113 6 695 0 0
1 2348 341411211311111311221541 0 0 01350151515505015411411 63 63 6 498 0 0
1 6734 32222332232232253333342214 0 02415151414141414253521988 93 7 613 0 0
1 7224 331412211211212411211321 0 0 04350505050505012444325 00 00 6 621 2 0
1 4958 3323132132123122222332421514 03250131550501415353221 43113 6 6 2 4 0
1 7816 444423224225444443321435 3 0 04314151414151415425521 23 73 6 6 517 0
1 6168 311414111212414444421441 0 0 03314151414151515355421 63133 7 795 0 0
1 6168 521211111312412442322241 0 0 04314141414151515354411 53 93 7 795 0 0
1 4296 321333214214221524233551 0 0 04414151414155050113411 53153 6 5 4 0 0
1 4296 421414214414222522244551 0 0 04414151414151350253311 63103 8 6 4 0 0
1 4813 334525512514321524514521 0 0 02312501350505050511235 00 00 2 695 0 0
1 4429 32243444343444442455453514 3 05415151515151515113411 73 93 7 5 1 0 0
1 7549 31342545412454554554554515 0 05414151414151515453215 00 00 6 618 0 0
1 5205 311413112112214513312542 3 0 05450505050505050521215 00 00 6 695 0 0
1 1676 321314121212212424443341 0 0 04312121212121250422411 23133 6 6 4 0 0
1 1676 421314122122212425334441 0 0 04312131412141414532421 23133 6 6 4 0 0
1 5327 42132421122221333444443313 7 02350141415151515144515 00 00 7 6 1 0 0
1 1268 311112112112112414412421 0 0 04150505050505050111425 00 00 8 7 4 0 0
1 1268 4112151111224145345415341312 04415151515501515155515 00 00 8 6 4 0 0
1 1039 311315214112312533423531 0 0 02414151550151515352211 23103 6 6 4 0 0
1  892 315115421511112414411431 0 0 02450505050505050413325 00 00 2 295 0 0
1  566 312424413534322224324553 3 0 02415151514131515132511 53173 5 5 4 0 0
1  566 511325212512212222232553 7 0 02415151515151515444321 43143 5 5 4 0 0
1 5685 412412314311112121214524 3 0 05314141513151513351225 00 00 6 617 0 0
1 7074 332313333323333323333315 3 0 01350501450501515545211 53103 6 217 0 0
1  856 422215211131122522452531 0 0 04414501514141415244411 23 73 4 6 1 4 0
1 3912 321313112113131212222211 0 0 01350501415151515432511103133 7 5 5 0 0
1 4405 214413311413112133222411 0 0 04350501550131514353321988988 6 413 0 0
1 5195 321414213513212223512311 0 0 03450505050145012513215 00 00 6 6 1 0 0
1 5195 432413314413312343432321 0 0 04450505050135050513215 00 00 6 4 2 1 0
1 5566 343422224521424444555441 0 0 04415141515151515134525 00 00 6 6 2 0 0
1 5388 521435124311411542342552 3 6172450151514141515145511 33113 6 698 0 0
1 1052 321213111311111214541441 0 0 02450151515505050431315 00 00 8 6 4 0 0
1 6082 411112112121111212211512 713 32350141550501515411311 83 83 6 6 4 0 0
1 5147 2454534434113445444444541520 03414141414151414135525 00 00 8 613 0 0
1 2474 311111111111111111111131 0 0 04212131450501414545325 00 00 6 614 0 0
1  235 231415311313513535343511 0 0 02350131514151515155431 52123 6 295 0 0
1 8104 422525425424443535543542 3 0 02350151314151513424521 33 73 6 5 1 0 0
1 3580 312412111111111332242251 0 0 05350131514151415511421988133 6 695 0 0
1 1327 311414111211412334334551 0 0 05414141513131415343421 53143 6 6 4 0 0
1  320 641415111311513514541321 0 0 02450501513505015351215 00 00 4 295 0 0
1  502 211214112311113525452115 3 0 04350135050505015445515 00 00 6 213 0 0
1 1692 231215111511111215131131 0 0 02350501350151515151115 00 00 2 295 0 0
1 2170 32142532252543252535453310 3 04313151515155050355321 43163 6 6 3 0 0
1 7687 512332113111121123212345 3 0 04350501413131414211221 33 63 7 6 1 0 0
1 7687 61243221212232213441344412 0 04414141414141414211221 33 73 7 6 1 0 0
1 6114 211334434322212434345531 0 0 02414151513151315354515 00 00 7 6 1 0 0
1 6114 311424411311212244454511 0 0 02414151513151515345315 00 00 7 7 1 0 0
1 4032 422324412331423434433541 0 0 05450141550161515513221 73163 6 3 5 0 0
1 1160 821324412411413424555551 0 0 03313151513151515555521 63123 5 3 1 0 0
1 1160 912414414421124324444451 0 0 03415151515151515555511 43 83 4 2 1 0 0
1 2923 321424514311114553422531 0 0 05412501413501414153321 23103 8 813 0 0
1 7368 434312312311311233433431 0 0 02250505050505050313125 00 00 6 7 4 0 0
1 3980 312313312311113413421311 0 0 02250505050505050111215 00 00 2 295 0 0
1 3980 413213312211113311331311 0 0 02150505050505050131415 00 00 2 295 0 0
1 3948 412445234431314525553531 0 0 03413151316151516443515 00 00 6 695 0 0
1 3976 332423323423222532322522 3 0 02315141514141415124321 73113 6 2 4 0 0
1 5607 412415422315422535555521 0 0 02450145015501515515511 33 33 4 6 4 0 0
1  616 333414111111311514433425 3 0 05413151515151515545525 00 00 6 6 1 0 0
1 4685 412223211412121522422521 0 0 04350505050501450112221988988 6 6 1 0 0
1 4685 513324211221122444343525 3 0 05450501612161550112221 43 93 6 618 1 0
1 3070 331414314422444544345553 3 0 04415151414151515253221 53143 6 6 1 0 0
1  551 232232211311121313453431 0 0 02314141414121413241331 33153 5 2 4 0 0
1  551 324132211211112312334421 0 0 02314131414131450211321 33988 5 5 4 0 0
1 3388 411213111122111322221331 0 0 04350501550505050411221 43133 6 6 4 0 0
1 1315 311114111111113413144335 3 0 02350501250145014413211 63103 6 617 0 0
1 4540 3124122121114114112414441312 02450151550131414314411 63 9398 6 4 0 0
1 4246 411315322412412514434521 0 0 04414151550155015314225 00 00 7 6 4 0 0
1 6382 221515114523345444455541 0 0 05415151515151515151515 00 00 6 5 4 0 0
1 3257 311212111311111112221241 0 0 03350131350501450411215 00 00 6 6 2 0 0
1 4905 321214411314521425244541 0 0 04313501514505015313325 00 00 6 695 0 0
1 3893 331224112224112422355451 0 0 04414501515131550412421988153 2 295 0 0
1 5505 422314212411112312221231 0 0 02450151650501314314221 43 83 6 6 218 0
1 3608 311324221121112214243411 0 0 02350125014141414412421 83103 6 6 1 0 0
1 5172 411415311212513545355531 0 0 04415151550141515555521 33 33 6 6 3 0 0
1 7615 323425424222323545544536 315 65450131550501515455211 53133 8 8 9 0 0
1 4991 323312212314113522323551 0 0 05414151514501515314411 53133 8 6 1 0 0
1 4088 322415213421111524332551 0 0 02415151515151515113311 43133 6 5 4 0 0
1 4088 431413313321423545432556 3 0 02414151515151515153311 53103 6 613 0 0
1 3926 321345234321425514543553 3 0 02314151415151415544531 53133 6 617 0 0
1 3926 411335134432514444433554 3 0 03415141415151515545421 53 93 6 595 0 0
1 4198 211322124221211232211233 3 0 03450505050505050512125 00 00 6 695 0 0
1 6451 311414112221121554434531 0 0 04350501350155050411321 23113 8 7 4 0 0
1 6451 411314221221132554423542 3 0 02450501250155050511211 63113 8 8 1 4 0
1 7681 411112111111111111121111 0 0 01350501350141313112115 00 00 7 6 5 0 0
1 7991 222415511311323522245151 0 0 04450505050155050414525 00 00 6 698 0 0
1 2730 322415212212235535553511 0 0 02250501550505015513425 00 00 6 2 2 0 0
1 7990 334114214311424234243241 0 0 03312121250121415455325 00 00 6 6 4 0 0
1 7954 312415222324114533353542 3 0 04450155015155015444325 00 00 6 6 4 0 0
1 6629 321214211112222423343431 0 0 04450501450501415212411 53123 6 61413 0
1 2112 332345433443232333343354 3 0 02415151515151515342521 43123 6 6 2 5 0
1 1267 22252221342333323231351217 0 02450505050505050412415 00 00 6 6 4 0 0
1 7181 411334133133243244343551 0 0 03450501450141514111511 13103 7 695 0 0
1 2586 322422213212312522332543 3 0 05314141414151614443421 53113 7 5 4 0 0
1 2425 112221112522122122252311 0 0 03414121412121415144435 00 00 6 2 4 0 0
1 2425 221432114512222222233421 0 0 02414131515501515134225 00 00 6 2 2 0 0
1 2406 321212111414212211212211 0 0 02412151515501515225225 00 00 6 6 2 0 0
1 4257 233333333333433334433422 3 0 04313141414141414333425 00 00 6 613 0 0
1 3911 321232522223222113242121 0 0 02215151250151515311421 73133 7 7 8 0 0
1 4354 421315211323222534343443 6 7125450131450155016312421 73123 6 5 4 9 0
1 4613 312434214411412524413531 0 0 02415151513111515454521 63103 7 7 2 0 0
1 7795 311213111311111222232221 0 0 02450505050501550511321 43 53 6 2 1 0 0
1 7795 411313111411112334323431 0 0 02450501450151550542225 00 00 6 2 1 0 0
1 7558 221214313213514435551511 0 0 02450141515151515435425 00 00 6 695 0 0
1 4334 311221112122112322222231 0 0 02450121512121514512215 00 00 6 6 4 0 0
1 1597 234314321322414334221421 0 0 02350501450155012214235 00 00 2 2 2 0 0
1 7819 423315211311411414451511 0 0 02450151512141515455521 33103 6 295 0 0
