1  148 31  02333533553033323233322222254215235551333223333233333232232221333222325 0  050 00000  0
1 7756 31  01333312231213323232334332245134322555412144221324444442242311112122325 0  011305230 15
1  904 30  01281535553023423244222233134584231515383833233238323248313221222222325 0  011907250  1
1 2668 36  51114545553044414144111111134512111555432234243123434141322111443112215 0  011506271  5
1 2668 40  00000000000000000000000000000000000000000000000000000000000000000000000 0  000 00000  0
1  293 32  21334545553034414143111111154315113515433233343223444443323111433222215 0  011405100 15
1  940 33  22235555550004414144111111135423111511433234343123444241322111433113215 0  012405100 30
1  940 40  00000000000000000000000000000000000000000000000000000000000000000000000 0  000 00000  0
1 7955 40  02323534543043324133423322241324533115322132322243323433234211334222235 0  011605100 25
1 1214 31 122223333443024424232444442234213212551122223343233434244432222333232325 0  011445230  1
1 2199 37  22225535553044413143111111134152112511422133232223433242322111443212215 0  011405100 60
1  732 31 201233555551133313233322222234515211115422244183223444242432222442212115 0  011405210 30
1 1528 37 126334542442243314244232232253411111115432233344123444242321111333214115 0  012987250 30
1 3357 41  05334444553033313133322222245314112115433221243233444141233211333222225 0  011505100 10
1 2180 31  42113333441133423133233232235414123111422134343113444232322422222222225 0  012606100 15
1  181 47 201233534553044414144111121134515132515421144141414444341423411443213115 0  012505100 15
1  514 37  83224545553044414144111111134521111111423134242114444242221111444112215 0  011555100 30
1  514 40  00000000000000000000000000000000000000000000000000000000000000000000000 0  000 00000  0
1 6574 31  01331555553044413233322142254313454555333233433423333333323311233243225 0  050 00000  0
1 3656 37 405334344533033414244121222234515321115434333343223343342322121444124115 0  050 00000  0
1 3677 37  01133433451234414143211121135414442115411144141332444442432322444232225 0  011506100 60
1 7981 30  00000000000000000000000000000000000000000000000000000000000000000000000 0  000 00000  0
1 7981 47  05132511533023423133232223235425323111332233242124444332234114322312315 0  050 00000  0
1 7031 57  26335545552144414143221122143515121515323244242224444242412111443222225 0  011405100 10
1 5098 371005333543553033323233232323254132121155332234242223334332222211333213215 0  011506100 15
1  546 30  35335554553044313144212212215435222111334334443244443332342321433213215 0  011505100 45
1 3468 31  05333534553034414144111131135413112511412144249223333141322111333112115 0  011404100 50
1 1347 31  14335555550004414143111212115344112555323233233333344141422111444113215 0  011455100 10
1 1347 40  00000000000000000000000000000000000000000000000000000000000000000000000 0  000 00000  0
1 5293 37  05334533343023313133222223345124443555333334343323334443444431333122215 0  011205271 12
1 5293 40  00000000000000000000000000000000000000000000000000000000000000000000000 0  000 00000  0
1  117 45  25334545553043313233211221235414214511422223233223433232322111333122215 0  011424250 20
1 2888 21  31334445552144414144212213134253222555421134242334444241433231412212215 0  011405100 30
1 2888 30  00000000000000000000000000000000000000000000000000000000000000000000000 0  000 00000  0
1 1562 27  14333551553044414243222222231455233115422222232333334242333111343223325 0  011607230  5
1  915 37  13333544553034414133111111135145113155322233242323333232323111333113225 0  011505100 10
1  915 40  00000000000000000000000000000000000000000000000000000000000000000000000 0  000 00000  0
1 2886 37  84335555550004414134111321234525111515322234242324434232311111444112215 0  011505100 20
1 3408 37 205333543553033313133221222245315224551322134242334444241211111333112215 0  011556100 20
1 2214 42  33224535553044414144221111135413113115422233232323433332333111332232221 8  112505250  7
1 2967 30  00000000000000000000000000000000000000000000000000000000000000000000000 0  000 00000  0
1 2967 46  61124555553044414144111322234523111151322233242333333232323211433222215 0  011505100 15
1 1621 41  01225235233023322233233333315434254155333233233323333232322211333222325 0  050 00000  0
1 4537 42  85334545553043323232222222253411111515333333343234333332322411432113115 0  011505100 15
1 1472 31  15334545553043322233222222243513411515333323333223333232331111333223225 0  011505250 30
1 1472 40  00000000000000000000000000000000000000000000000000000000000000000000000 0  000 00000  0
1 1276 37  85224544553034414144111221134511111555322233242334444242322211343212215 0  011507100  2
1 5265 30  00000000000000000000000000000000000000000000000000000000000000000000000 0  000 00000  0
1 5265 47 304333534452123323133222322234154113115334243242224433241431111443223225 0  011405100 15
1 3002 37 124334553551343313233211222253411112115334223343233444242322111333212215 0  011455100 50
1 1868 30  00000000000000000000000000000000000000000000000000000000000000000000000 0  000 00000  0
1 1868 47  61133524552234414143111111134515133115322234343124333341222111443222325 0  011505250120
1 4460 33  44233534553034414444311211235422112551232234243214434241322111333113215 0  050 00000  0
1 4066 57  42224545553034414143211111134152114551334222344114323243233221333113315 0  011405100 30
1 1168 30 601234444551234414133211222143522121515312134332323333232232111343212215 0  011445100 90
1 3839 31  05333543451333313233222233214535213111333323333234333332331111433412311 4 1011455100 10
1 2431 33  02333333453033313222333333335213232115322234222422344342333111343113215 0  050 00000  0
1 6857 37  12332532351124423233211232234514433151422234242324433232233322223332335 0  050 00000  0
1  123 371005234454553043323233322233235415313155382243232328333232322111333223215 0  011435100 25
1 2651 37 123334545552243323143211232143512121551312234242223444242332111343222121 2  211325220  8
1 3122 35 202334535553044323233222322243514113111312244242323444242333111223223315 0  011525100 25
1 8143 34  25333533551144414133221222254324123111332233242223444241322221333122225 0  011405100  7
1 1233 372001233435453033323233222233235424122515322233232283333332232111443222225 0  011455100 20
1  758 31  31225535553034414133211323235421112151422134343233434242321122443323315 0  011405100 30
1  614 30  00000000000000000000000000000000000000000000000000000000000000000000000 0  000 00000  0
1  614 40  22332515553043313133111111145324112555433224343224433242222111434113115 0  011607100 75
1 1850 31  42334544553044313233211111143512112515422144141324444242422111443113325 0  012605100 10
1 1055 30  00000000000000000000000000000000000000000000000000000000000000000000000 0  000 00000  0
1 1055 40  14333545551334414144111212134512121151322123444234444242222311433212325 0  011405100  2
1 1114 37 126334544553034414133311212253414222511422233242334444343333221333222215 0  013605100 10
1 3023 30  00000000000000000000000000000000000000000000000000000000000000000000000 0  000 00000  0
1 3023 47  86334554551334422233222222253414111151334323444134444242422211444114115 0  011305271  2
1 2061 47  45333525553044413233211332234513222155422233232323333232332111333222325 0  011505100 20
1  485 31  24333544553043324233222222235412212115332234232323334232323222333222225 0  011455100 60
1 6950 41  02334543553044414133211221134515244111422224243123444133333111433232335 0  012407230  1
1 2581 35  32125555550004414143111222134514222555422133333213433242222211433111215 0  011405100 60
1 1096 30  01314544553044414144111111132453111511411144342213444141422112443113115 0  011405100 20
1 4961 32  04334554553024423134322333243514213151333332342223344232332231333212335 0  011354100 20
1 3971 31  22112513442243323222332222234525422111322134323223434242332121222232225 0  011506100 35
1 2795 37  01335545552144413234222222234515123115322233232223333232333311333322325 0  011505100 10
1 1938 40  01334553553044414144111111134513122155383233233223323232332111442222335 0  011605100 90
1 1938 50  00000000000000000000000000000000000000000000000000000000000000000000000 0  000 00000  0
1 1883 41  02222515553034414144211111135421111511322223232323434232321131333213315 0  011456250  4
1 4036 30  03334553553034424144111222235414112555332233232323333232331111333222215 0  012455100 90
1 3454 37 702225555550004414133211111135412112111322233242323334242333111333223225 0  011405100 70
1 3595 31  2121154155112342313412122114351532251542213423232333323233222133322321140 1050 00000  0
1 5148 37  14334554553033323133222222253412222111333223243233433232332121333212215 0  011304100 10
1 7479 31  22225555550004414144321111134151111151333333333133333242311211443114115 0  011466100 35
1 6918 30  00000000000000000000000000000000000000000000000000000000000000000000000 0  000 00000  0
1 6918 45  35335555550003323233222222235412131115322233332323333232322111343113215 0  011405210 50
1  486 30  00000000000000000000000000000000000000000000000000000000000000000000000 0  000 00000  0
1  486 45  4212445544133442313122223223451411211542223323222333323233313323321232116 6011656230 15
1  315 31  01224545553033313133121222253142222115322233243214433231322222333113215 0  011455100998
1 5635 41  32235555452143323233222222235422114111322223243224444232332211433233331 2 1511656250 15
1 4274 40  32334545552233313233322422353415132115423143243224444341322111333112215 0  011305100 40
1 5133 37  45333555553044323233222232235423122111323233242224433222322111333113115 0  011655100 30
1 1738 37 505334544553044422243221322234515111555444333334213333233222211443113325 0  050 00000  0
1 4414 471004333534553044414133112222134515132151421244222113434342322311444212215 0  011123100 20
1 6165 30  00000000000000000000000000000000000000000000000000000000000000000000000 0  000 00000  0
1 6165 47  25333534553033312133221312145324112511311144141214444141333111444212215 0  011405100  8
1 5076 31  05334332343023313233232223345133223515242233232223333232334221312223325 0  011505220120
1  204 20  63234555553044424133111122235414332155422234242233344242334421332232225 0  011455220 45
1 2370 30  85134554553044414144111222135424123511423234342214444242322211433232225 0  011505250  5
1 2370 40  00000000000000000000000000000000000000000000000000000000000000000000000 0  000 00000  0
1 7453 31  04334554553043323233222222245132122115322223233223333332343111333222215 0  011555100 10
1 7071 30  00000000000000000000000000000000000000000000000000000000000000000000000 0  000 00000  0
1 7071 47  31333535552143323233222222243515142155233233213221444232433111333222325 0  011405100 20
1 3476 37  03333533553044414144111311135214112151432134141234344141422111343111345 0  011455210 35
1 3348 30  00000000000000000000000000000000000000000000000000000000000000000000000 0  000 00000  0
1 3348 41 126334514553044414144111111143514132551433324344134444242222211433332225 0  011505100 30
1 7512 51  03333431553034424244421221215341212111422243342234344242333131443112335 0  011404100 20
1 7070 47 105333553553043323233222222234515113111323224333128333232233111223222215 0  011576100 30
1 1776 32  32334544552343324143111111134511111115333333333223444342421111444114115 0  011505100 15
1 5913 33 204224555553044414144211211235424112551311134242214444242332111222112215 0  011455100 10
1 5177 30  00000000000000000000000000000000000000000000000000000000000000000000000 0  000 00000  0
1 5177 57  64322333441224424132333231235423324111432234243224433242333331223331335 0  011606100  3
1 6411 41  25331313133024323343422243251434111155444234233224443242334111113212215 0  011104220  5
1 5269 37  25335555550004414144111111134512122551321133142324443241432211443213215 0  011405100 20
1 8014 41  02334545553034414144121212135145132111422134242333444242422111343112315 0  011404100 10
1 3472 33  13333433553033323233332322353423112155333234342324444342324112323322321 899811405100 15
1 2407 30  00000000000000000000000000000000000000000000000000000000000000000000000 0  000 00000  0
1 2407 45  23334545553044414133221132253412123555333223233123433232232111333222215 0  011505100 40
1 1400 31  45333534553044414144111111153424114551433144343124434242222111334112215 0  011506100 20
1 1279 30  00000000000000000000000000000000000000000000000000000000000000000000000 0  000 00000  0
1 1279 45  25224555553043324243211112245313111111332223343223343333332121333113211 8 3511405100 20
1 4816 37  01223532553044423243332223243154122511322233232333433342332121333232335 0  011496100 10
1 1484 33  31124545553044414134111131134514222555482244242314444332422111444213115 0  011395100 30
1 7710 47  01224544552244313133211312143514112511322233232334333233322112333232225 0  011454271 20
1 3698 33  46313535551233323233211232114532112551332233343233333232222211333212215 0  011405250 10
1 3425 37  24333545552143313133221121254123113151412233142223333232322221333213225 0  011445100 10
1 5916 37  13333533353044414144111322235413222551322244243114444242322111333122215 0  012304250 10
1 5916 40  00000000000000000000000000000000000000000000000000000000000000000000000 0  000 00000  0
1  773 47  01113434553034414233322322235415122151432423234113444232321111444113215 0  011485220 20
1 3923 43  0122555555000441414411111113541311111531114444311444424133211133331221116 4515555100 45
1  450 30  21331121323033424322332332343523113111422133242222444141422111334114115 0  011607100 15
1  845 50 126335243553043323233333333245131121115222223333233333233344344222332335 0  011453220 10
1 3500 30  21324544553044414133222222243514222515333233232223333322322222222222225 0  011556250 25
1 4000 30  00000000000000000000000000000000000000000000000000000000000000000000000 0  000 00000  0
1 4000 40 203225555550004414144111111143514221511322244242324444241322111434112215 0  011505271 12
1 1216 302005333533553034414144111111114531112111244412444194444141421111444113115 0  011405100 60
1 1216 40  00000000000000000000000000000000000000000000000000000000000000000000000 0  000 00000  0
1 5361 30  00000000000000000000000000000000000000000000000000000000000000000000000 0  000 00000  0
1 5361 47  23234534553043323233222232235413224515322233232223443232333221333213215 0  011455100  7
1 3132 37  12333554553033313133221222234153121155333123333223333232332221333213215 0  011405100 60
1 1971 37  05335544453044414133442341334524113515414434444114444341323311322223115 0  050 00000  0
1 5424 31  14334543553033313133322322235142111115332233242314444231313111333323315 0  011363250 15
1 1714 32  35333534452133313133321232245133322111322234242324433232423421333223225 0  011504100 15
1 2900 37 105333533551243323233222332254135234555322223333223333232332221333222225 0  011405100 20
1 6378 33  4121554255304341313411133323541112155133334424233433413143311133323223135  111354230 20
1 4383 30  01115555550004414144111111145324111151414143141314443143421111444132235 0  011506100 40
1 4256 30  66334545553033313133211222235413112115322233242323444232322221333213215 0  011526100 15
1 3354 27  52333423553024413133232312254315254115421244142234333141331331233213215 0  011404100 20
1 1735 50  00000000000000000000000000000000000000000000000000000000000000000000000 0  000 00000  0
1 1735 63  03224555553023323243221222234153112555381233332823243232332221333232335 0  011455100  3
1 2206 33  21225555550004413144111111134521111111422134141314444232311111444132321 8 1511425100 20
1  468 37  01224544553043413143111222154232121111333233243324444341133113323223215 0  011525100 12
1 1956 41  21224534553034314133211212234513112151421134343224444242334211222213315 0  011415220 10
1  287 35  22333431453033313133222232243513311111311144141314444341424111332222221 8 3011405100 30
1  793 30  55335555550004413143211212134513112511321123243214444132332111444213211 8 3050 00000  0
1  793 40  00000000000000000000000000000000000000000000000000000000000000000000000 0  000 00000  0
1 6616 47 123134555553044414144111111134883212111333333232323334248343111333222225 0  011505100 30
1 1419 57 103332522451343323233222322235415123515433233232223333332322111343222225 0  011505230  2
1 1944 47  05335552553013323233222333243152122555333233233233333232333111333223225 0  011455100 10
1 6985 37  72224534553044413234222311253422122511333232243234434441223111243112215 0  011444230 15
1 3587 31 202114444443044324233333322234525113511411144141214444141433111343212115 0  011405100 35
1 1467 31  02124544551234414143111212135414124155333233343214434142321111433223235 0  011406100 30
1  399 37  32224555553034414144111111134522111555332134242224444242323121333222225 0  011405250  1
1  933 57 20113454555114441414411111113542511255141114414132444314142111133321311116 4511555100 10
1 2590 37  14334444552344413444411111145311134515333244142113443243422222333232335 0  011405100 20
1 3017 34  55234545552223313133323333231545232155332233333284333332233311333232315 0  011405100 20
1 3017 40  00000000000000000000000000000000000000000000000000000000000000000000000 0  000 00000  0
1 4945 30  00000000000000000000000000000000000000000000000000000000000000000000000 0  000 00000  0
1 4945 44  44333533551323313133111222234515113511322233232323333232333111323332225 0  011505100 30
1 4126 47  13333542553043323233222232241355234115332223232223333232332111333223225 0  011655250 45
1  863 31  55334432133024424344424222254325555555343441433333333332343334133233225 0  050 00000  0
1 1060 30  23335555550004414144121111131452111551422234242224444342411111334213215 0  012565100 20
1 3692 30  25223433453043333233222222231452244555421144232323333232321111333222225 0  011255220 15
1 2353 37 361123554551234414144111111134514112151421124342114444141422311443113215 0  011505100 10
1 2053 34  01112531541343424231332443334525221115444134441144444141432111334121425 0  012455220  6
1 2053 40  00000000000000000000000000000000000000000000000000000000000000000000000 0  000 00000  0
1  195 31  21114323213023334342333342254121122115322223232224333232343432442322315 0  011606100 20
1 3260 30  00000000000000000000000000000000000000000000000000000000000000000000000 0  000 00000  0
1 3260 40 203124453553034424133322222234523234115322234232223344242234111333222335 0  011556100 40
1 1441 30  61335545553044414144111113153414112111422223333233334332342122433212315 0  011706250  1
1 3494 30  45335555550003324233222321234154121111322233232323333232333231443232325 0  011455100 23
1 3494 40  00000000000000000000000000000000000000000000000000000000000000000000000 0  000 00000  0
1 5201 30  00000000000000000000000000000000000000000000000000000000000000000000000 0  000 00000  0
1 5201 40  32234544551234413133311121134522214551422144143223444141432111443212225 0  011405230 15
1 1635 37 101224544553044414133211111143515224551322233232333332332333321333222225 0  011605271 10
1 1635 40  00000000000000000000000000000000000000000000000000000000000000000000000 0  000 00000  0
1 5806 31  12333432343023432322433444315431113115423133142114443142432111334223315 0  050 00000  0
1 5084 34  21233414452333414144221112154315113115411144242213443121433131332212115 0  012606230 23
1 5166 37  25334555553044414143111111143513112555322244232323333232322432333113215 0  011505100 45
1 5166 40  00000000000000000000000000000000000000000000000000000000000000000000000 0  000 00000  0
1 2774 37  61235535553044414144111111134521111151311143131314333232321111433113111 1  111506100 60
1 2408 37  26333534553033323243222232254132122151333223343323443343333222333213215 0  011556100 25
1 4353 30  00000000000000000000000000000000000000000000000000000000000000000000000 0  000 00000  0
1 4353 46  05221443553043414233332242251343111115323123232223333232324131332222325 0  011606100 60
1 3053 31 20122553355303341311421122234351321251543323323323344333242221333421331114 1550 00000  0
1 5053 46  85335555550003313133222221234513112511323233232323333232333111333222215 0  013555100  1
1  359 30  11234535553044414144111112134511111511322243242213444242433111433112115 0  011405100 15
1  380 30  01113531553034414144111111145315113111323233232323323342343221432322325 0  011506100 90
1  380 40  00000000000000000000000000000000000000000000000000000000000000000000000 0  000 00000  0
1 6424 32 203234544553044414144111322134524223511322234242333443232322222333112215 0  011455100  1
1 3317 40  00000000000000000000000000000000000000000000000000000000000000000000000 0  000 00000  0
1 3317 52  22234545552244413133131222234513113151411144242323444242313111444112315 0  011505100 60
1 2426 37  55334534553044414144131312251343114551333223343224443232221111334112315 0  011506100 30
1 5360 30  00000000000000000000000000000000000000000000000000000000000000000000000 0  000 00000  0
1 5360 41  02234544552243314133322111134524211155222244233222444232332111333212315 0  011 21271 18
1 1644 30 104334545553033414233222322234513222151433233333123333332223111433222235 0  011455100 25
1  397 30  62222512551323313133222222234153121515333233333233433238232431333232315 0  013605100 35
1 1103 30  00000000000000000000000000000000000000000000000000000000000000000000000 0  000 00000  0
1 6939 30  00000000000000000000000000000000000000000000000000000000000000000000000 0  000 00000  0
1 6939 42  21223424443033323233332233335145222115332223333223333332223311323223225 0  012706220 30
1 4943 30 201225555550004414144111111134523111111332233333223333232333111333223225 0  011455100 45
1 4529 30 121333333333023323222333332354135112111323233333323333232331311323222325 0  011405100 15
1 3244 37 122224544551144414144321212245184333511322233332233333332222311333223215 0  012405100 35
1  683 34  35335544443033324233222222245135133155323233222232333332333221332223325 0  011805100 75
1 1036 37  02334544553034414144111221154131121551432233333223344442232111333212215 0  011405100 15
1 4553 37  03225555550003313233822222245131111115388233848324333238333143323222315 0  050 00000  0
1 3415 46 124333344443033323233333332213543324515222233232323333332233222232232335 0  011606100 15
1 3731 43 122334555553044424133222222235413212115433234232223434242222111233112321 4  111605100 30
1 4465 33  02334534553034423133222222254134212511322243231333444241324311432122315 0  011405100 35
1 2172 37  02223535553044414144111111134522111115411144243224434231321111333214315 0  012557100  8
1 2172 40  00000000000000000000000000000000000000000000000000000000000000000000000 0  000 00000  0
1 1271 32  55225535553044424143211322243152112111322234232324433232333111333222225 0  012505100 15
1 1398 43  01211313452334414133333244335421231555322211333244334442233111113111115 0  011405100 20
1 3448 30  00000000000000000000000000000000000000000000000000000000000000000000000 0  000 00000  0
1 3448 42 155334545553044424143212232235414125511323233243224444242333121333322335 0  011606100  2
1 3156 30 303233343441224413133232232243514232115333224443124433332223111323312235 0  011605100 15
1 7126 37  33333555552144323223222232254325121111333333333333333333331141333223225 0  050 00000  0
1 4543 30  03335315553043313233322222234511135111323134243233343332314131443222325 0  012606100  7
1 4543 40  00000000000000000000000000000000000000000000000000000000000000000000000 0  000 00000  0
1 4172 47  01335555550003323233222222235144153115434233333233333333334111443223325 0  011355100 20
1 4172 50  00000000000000000000000000000000000000000000000000000000000000000000000 0  000 00000  0
1 3172 30  00000000000000000000000000000000000000000000000000000000000000000000000 0  000 00000  0
1 3172 47  03223555553043323333222222234151111555322223232323333232322212434223225 0  011606100 40
1 1475 301006333534551123323233222222245135132515423223343224444242332111423322225 0  012606250  1
1 1475 40  00000000000000000000000000000000000000000000000000000000000000000000000 0  000 00000  0
1 4651 30 154334534553044314133221222234513121555322123232323333232323111333223325 0  011485220180
1 1819 30  01234545553044414144111111134525112511322233242323444341322211333222211 6  211455100 45
1 5650 31  02334544553033313133421232234514211115333223343123444332322221332323115 0  012727271  1
1 1000 37  65334545451244411144111111135415111115422144142324444341422111443113215 0  012505100  5
1  108 47 755333545553034313133111211145312112115322233232223333232322111333113115 0  011205100 10
1 5418 37  15335555550004414144111111145312111515422144242324443242312111444113115 0  012505100  5
1 6212 42  21222434543033313133222222234515213515322233233223333242332211333132235 0  011454100 55
1 6212 30  21233355541144414133133232343155233151422144122334444341431111232222315 0  011405250 10
1 5006 37  22221513551323324234222223124314113555322223344113444232344231333422325 0  011405100 60
1 4422 32 505334545553034413232122323213542111555423233242323333242212111332222215 0  011405100  7
1 4838 30 405334544553034414143211321115244213551344223344134434141322111243212315 0  011455100  1
1 5787 31  05334544553033323232222222235414333555322233233333333333332111323222221 6  112656100 15
1 1884 41  25335545553044414144111211134513111551411144243228434242232111333112115 0  011555100 55
1  774 40  65335545553044414143211221153413112151323332343114434241222211433113115 0  011505100 60
1 2902 37  34335554551334414133122222243515222551322233343234434332333331442232335 0  011405100 12
1 2902 40  00000000000000000000000000000000000000000000000000000000000000000000000 0  000 00000  0
1 2763 57  22224455451243413144111211153412213511431114344114444241342111333223215 0  014605100 30
1 3567 30  00000000000000000000000000000000000000000000000000000000000000000000000 0  000 00000  0
1 3567 40 101115554553034424233322323254313232555322233232323333232323221333222325 0  011506100 10
1 2250 37 305334525553043323233222222253425123551233233342323444432311111333213215 0  012606100 45
1 7643 37  02331514453024414133111331254312111151422144242223444211434222343322315 0  011606100 20
1 3336 30  00000000000000000000000000000000000000000000000000000000000000000000000 0  000 00000  0
1 3336 52  75325555550003313133221222235414124551322233232223433242322122333232325 0  011455100 15
1 6569 37  35335555550003323233222323235422112555323234233313444242331111883222225 0  050 00000  0
1 4782 30  00000000000000000000000000000000000000000000000000000000000000000000000 0  000 00000  0
1 4782 47 201333543553023423133332232235415825111882134884123442242822111333212215 0  014657100 30
1 3138 41  03332533553033323233322222231455511511333333333233333333333111333322225 0  011606250 30
1 6448 30  00000000000000000000000000000000000000000000000000000000000000000000000 0  000 00000  0
1 6448 40  65335555550004414144111111143513111155411134141344444141322111444112115 0  011555100  5
1  613 30  00000000000000000000000000000000000000000000000000000000000000000000000 0  000 00000  0
1  613 41  01224545553044323233222322245314123151422134232323443232323221333222335 0  011505100 45
1 2032 31  45334535551344413133222222253415111515322223232223333232232111443222225 0  011403220  7
1 2032 40  00000000000000000000000000000000000000000000000000000000000000000000000 0  000 00000  0
1 4037 51  04335421351313314244811211241535151115422223142224443231233111333222225 0  011405100 20
1 3981 47 181234434553034414144211222235414222111322233233223333332222321333212215 0  011605250 45
1 2229 47  11124533553034424244322222234523313151322244142324333232333111333332325 0  011405100 30
1 2813 47  05335555550004414144111112114534112111333233233233333232322111433131215 0  011375100 60
1 4375 47  41333543552344414144111113145132111115413134444134444342421111443113115 0  011405210 15
1 1827 31  22133322243033323234221222245134554115322322232323333332333321443223225 0  012706100 40
1 4305 30  01224555553044413244222222243515111515411133242333333232332111333113115 0  011405100 95
1 6752 30  00000000000000000000000000000000000000000000000000000000000000000000000 0  000 00000  0
1 6752 47  32114544553044414144111311143513225115322233332323333233232231423222325 0  011505100 20
1 1915 35  75332333433033323222433332343514223555422233243123333231223211333222225 0  011405100 20
1 3737 31  11224545553033323233222222245211112111322233232223444242423211244214215 0  011455210 20
1 3426 30  42334555553044314233321322235413344151333333332233333332322211333223225 0  011405100 15
1 4062 31 124334443453033323233322322234514212151322233233223333232322221333222225 0  011365100  5
1 3145 40  05334544553044414134211232243512113511322233243334443233323221433222215 0  012406100 22
1 5613 30  01333433553034424143111312252415113115433134342334444242332411333132315 0  011405100 20
1 5861 31  03334534553043324134122122245315122555334244242224433232333321213223215 0  011446100  1
1 5861 40  00000000000000000000000000000000000000000000000000000000000000000000000 0  000 00000  0
1 4996 30  00000000000000000000000000000000000000000000000000000000000000000000000 0  000 00000  0
1 4996 47  44335555550004414143111211145324122151323234243224444232322211433112215 0  011455100 20
1 1759 32 105333433451233322233332232235424224551322233232333444231232111333322325 0  011405240 15
1 2844 40  00000000000000000000000000000000000000000000000000000000000000000000000 0  000 00000  0
1 2844 52  22234544553043313233111222235422223151333233233323334232323111333222225 0  011455100 75
1 4755 37 201335545553043313233211222234513311511322233132323333332322111333223315 0  011605220 15
1 5855 30  00000000000000000000000000000000000000000000000000000000000000000000000 0  000 00000  0
1 5855 40  15334543352144414133222232251432224115234233443323332232122211333222235 0  012705240 20
1 2772 32 201233435553023424233221322235245122551322233232223443831334113322132325 0  011404100 35
1  996 45  04334333443033323332233332343515324511333123332223333422322131434113325 0  011305100 20
1 3287 41  01124534553043313143211112134524133155322233333313333332322231333223215 0  012805100998
1 3299 37 102233344431123323133332332134523323115422123242333323333322121443113211 4 2011536100 20
1 3299 40  00000000000000000000000000000000000000000000000000000000000000000000000 0  000 00000  0
1 6727 31  02234544553043323233221232235413211515333233233214444232323111333222225 0  013435100  1
1 2346 30  12334554453034414133111222145315312111433244432224443242433111334112215 0  011505100 30
1  745 37  35233443443033323233222222234123222551323233232223333232233111333322225 0  011505100 35
1  745 40  00000000000000000000000000000000000000000000000000000000000000000000000 0  000 00000  0
1 5309 272001334554553043323133222322234524111115323234232214333232322221333212215 0  050 00000  0
1 2909 37  31334544552243313144411311135143111155423223232223333232322111443113215 0  011506230 15
1 2864 40  33332523353023424222322232335144224155422234343224434233333222443322225 0  011405100 40
1 2864 50  00000000000000000000000000000000000000000000000000000000000000000000000 0  000 00000  0
1 4184 37  31124544553034414133222222243513122511322244242323433232332111343222215 0  012505100 15
1 2347 43  21235535553044414143211121235415112511422244242324443242333111333223325 0  011605100 20
1 3099 35  02113533552333323233322222245124121115234233334323332342333211423222225 0  011505100  3
1 4215 36  11134535553034414144311311135421111111422244141324444241432111442113115 0  011406100 10
1 4215 50  00000000000000000000000000000000000000000000000000000000000000000000000 0  000 00000  0
1 1012 37 602234545553044414144111111135423122111411144242314444241422222333112225 0  011606250  1
1 1012 40  00000000000000000000000000000000000000000000000000000000000000000000000 0  000 00000  0
1 3465 30  00000000000000000000000000000000000000000000000000000000000000000000000 0  000 00000  0
1 3465 47  01325311553024324243222332213455111111382223343383343232331111448222325 0  011408100  8
1 2190 37  54225553552244423244222222235425222555422244242324344242422211444223225 0  011455100 15
1 5789 77  11234544553044414144111221151432111515423334132338433242332111333112335 0  011405100 50
1 6304 33  02234555553044414144111111135422112555322234242214444141412111444113215 0  011505100 45
1 6686 33 301115545553044414144111111134513121555322233232323333232321111333222225 0  011555100 30
1 3395 33  01333522553024414333111311154313312115423144142433344142322111444113215 0  011435100 51
1 2569 37  31235525553044424143222322134512113555412233243123434232331121333222115 0  012605250 60
1 3471 47  41333525553034424244222222234513114111344144242324333242344111242212325 0  011435100  5
1 4587 30  00000000000000000000000000000000000000000000000000000000000000000000000 0  000 00000  0
1 4587 42 402335555550004414143111122134522121111322134343223434243221111334113225 0  011506100998
1 1465 33  11235533353044424244111222135422111511322144242223444241422111234112115 0  011525100 60
1 1076 37  01233545553043343133121322254324122555311144131243444342232222444112215 0  011507100 15
1 4319 31  12224445553043323133221222243154122511322133232333333232322221333223225 0  011605100 30
1 4836 20  00000000000000000000000000000000000000000000000000000000000000000000000 0  000 00000  0
1 4836 33 104331322353033323233222333234513121151322244141324444232321311111122335 0  011375100 10
1 4021 50  11334525552244414144222222235145141155422244242223444443343411333233325 0  011365240 30
1 2427 37  16335553553043323233222222215422111555333223333223333232322211333223225 0  011505100  5
1 6729 30  00000000000000000000000000000000000000000000000000000000000000000000000 0  000 00000  0
1 6729 40  26335555550004414233222222251343122555422233232333333232322211333233231 8  150 00000  0
1 3276 45  46333423343034423243222121253424113111422233343133344232342221434212211 4 2011555100 20
1 6421 30  72234534553044414144111111134513123151411134131223444241422111343222115 0  011475100 15
1 3931 31  31333533453023323233222232241355334515388223332838333443242221342222225 0  011607230  4
1 3760 37  61335533553044414143423231143515222111443144344114443222422231333222335 0  011405100 15
1 3760 40  00000000000000000000000000000000000000000000000000000000000000000000000 0  000 00000  0
1  316 32  13334543553044424134211122135425123111313122243134444241221132443222225 0  011454220 10
1 3440 36 401115544553044414144111312234511111151432234332213433341322111434212215 0  011455100  5
1 3440 40  00000000000000000000000000000000000000000000000000000000000000000000000 0  000 00000  0
1 6926 32 251233423443013323232322322334513212511321243232223433232332111432232211 9  850 00000  0
1 5793 43  02324544553043323233322233345125555111323333333223333333322212333223225 0  050 00000  0
1 2514 35 101235555550004414144111111143511111555333233242333433232321111223113115 0  011605210 45
1 5196 47  01223533351223313233111232242153322155333223232323333222233111332313315 0  011405100 15
1  779 30  00000000000000000000000000000000000000000000000000000000000000000000000 0  000 00000  0
1  779 41  82124554553044414143211331134512131555333234143234434142144111333113315 0  011505100 20
1 2996 57 125333555553044424244222222235415141511444124344223444241422222434113125 0  011505100 18
1 4693 34  04333342453034414133222222245123111555421111141114444342411111334113215 0  011465100 40
1 4693 40  00000000000000000000000000000000000000000000000000000000000000000000000 0  000 00000  0
1 4344 37  33324552553043413144321113254213111115322233342313433332313431333113215 0  011505100 20
1 2037 37 101113524353043313233232323343525131555344234131214323232221111443232225 0  011308250 15
1 4748 30  00000000000000000000000000000000000000000000000000000000000000000000000 0  000 00000  0
1 4748 471001335545553044414143211112235413111515333234443223334232332111443212115 0  011405100 15
1 5753 32  32332534552123413132312232243515121111383233233222433232233111332232325 0  011606100998
1 7247 34  13234533553033414133311322245233123511333333142324444332333111333212315 0  012455100 15
1 1177 31  06334545553033323233222222213454213511323333232333333232333111333213215 0  050 00000  0
1 1685 35  05334544553044423134111111134514122555322233232323333232333111444113115 0  011606100 10
1 4559 20  12233544552243313233221222234152123515323233232333333232322111433213215 0  011405100 10
1  939 46 505335544553014414144221122154313241155333223234133434242232211233232315 0  011424100 30
1 4395 379982334544353044313133121222234155111551322243144114433242334111443322225 0  050 00000  0
1 4395 40  00000000000000000000000000000000000000000000000000000000000000000000000 0  000 00000  0
1  537 37  35334555553043414143111111145134341155434234341443444442433111444113115 0  011405100 13
1  709 37  21224555442243313233112322231455151551333233333223333233323111444223225 0  011405100 10
1  221 32  05334545551234414144111222241533212555322233232323333232322111444113215 0  012405100  1
1 6221 37  21233535553043313244221222232453112511322234232324334242322221243113215 0  012656100 45
1 4477 40  00000000000000000000000000000000000000000000000000000000000000000000000 0  000 00000  0
1 4477 52  05335515553043323233222222234515223511332233232223333232322211433322235 0  012455100  7
1 5121 40  00000000000000000000000000000000000000000000000000000000000000000000000 0  000 00000  0
1 5121 57 251134535552244414143122211235412122111422144242314444241421111343232335 0  011506100  7
1 6092 40  01224555553043313133211222235242121111322233332323333233231111333112225 0  011605100 30
1 1951 30  22114544551344413144211112243522112111322223342124444232223211333213215 0  011455100 60
1 1951 40  00000000000000000000000000000000000000000000000000000000000000000000000 0  000 00000  0
1 3135 35  22114544553043323233212222234514223511322233343223333232332222333232225 0  011455100 40
1 4814 37 106335555550004314144111311135142311551323213343124444242122111443113115 0  050 00000  0
1 6134 42  31334544553023313233222123245313123551322232332238333232323223333222325 0  011505100 60
1 6134 50  00000000000000000000000000000000000000000000000000000000000000000000000 0  000 00000  0
1 6488 31  01224433453033323233222322234523333555338283838833333332332113332223225 0  011607230 10
1 4847 37  65335555550004414144111111134592111151122233233223333332322211433113115 0  011505100 15
1  759 31  04225533553044423233222222245314122115322233232333333232333111333232325 0  011857100  2
1 4430 30  44333544553034414333321222254135233115423233242223444332333321433222335 0  012506100  1
1 4430 40  00000000000000000000000000000000000000000000000000000000000000000000000 0  000 00000  0
1 7731 35 155324555553044414143111122143153131515311134232323434342322211333213215 0  011606100 10
1 3173 47  22235545552243423243221222234511111515322233232323323232232211333213115 0  011505100998
1 2814 36  55223434552334314233332222234514212551322223333223333232333214333113215 0  011535100  5
1 7881 20  00000000000000000000000000000000000000000000000000000000000000000000000 0  000 00000  0
1 7881 35  01124545553033323143221231135144112511422234343224444242333211223233335 0  011405100  5
1 6877 34  01334533553033323233323332234522111555322234232344443232311111443223225 0  011505100 45
1 5087 33 202333553553043323243221228234513111555333134232344333288321111111113115 0  011355100  5
1 1113 43  65133455553033323233322333235413112551322233233323333232321111333212215 0  011405100  6
1 1990 37 255234534553034413143211222134524222111323224334143334342222222333113225 0  011505100 10
1 1712 31 205334444443033424233233332345314123515433244343324444241333211333232325 0  012705100 50
1 1712 40  00000000000000000000000000000000000000000000000000000000000000000000000 0  000 00000  0
1 1517 33  02234454553044414133222222254312112111432234242223433231323131333123215 0  011506100 20
1 3684 30  51334534553044414143112121235412212111423224242223434241333211333122225 0  011455100 15
1 2973 33 101334545553034414144311121234515124111412234142234434242222221333113215 0  011457100 45
1 4643 31  64333535553044414144111111134523233155333233143323444848322221444133225 0  011505100 30
1 3493 33  02231311453034422233322232353423335111322233332224444332344223222322225 0  013977100 30
1 4347 32  44333544553034413133211211234514211111322144242224444232323111443212315 0  012505100 30
1 4347 40  00000000000000000000000000000000000000000000000000000000000000000000000 0  000 00000  0
1 2069 43  51123534553034414134211322134524222111332233333223333233333111333223215 0  011485100  2
1 3328 40  11224544551244414134211222235413113511332234242224434331323222333222225 0  012805271  1
1 4591 31  01115555550004423233232332334124221511322233343223424248312111444223215 0  050 00000  0
1 4591 40  00000000000000000000000000000000000000000000000000000000000000000000000 0  000 00000  0
1 2105 47  51223433441233423232332232243524224111311123232223433232333333233332335 0  011355100 10
1 4397 30  00000000000000000000000000000000000000000000000000000000000000000000000 0  000 00000  0
1 4397 45  01225545553043313133121222245313112551322233232233333232323221333223225 0  011355100 60
1 2310 30  00000000000000000000000000000000000000000000000000000000000000000000000 0  000 00000  0
1 2310 47 101115554553044414143111323135423211111322234232223444232321211433112215 0  012605100 25
1 3089 30  12234535553044414144111222134154233555322223333223334332332211443222315 0  011605100 40
1 1112 34  25333434321123324232333121243515123111422114242334444241343231232221315 0  012755100  8
1 3197 31 205333434441113323322333222235415222111333223333333333232333221333222325 0  011355100 45
1 7197 30  05333545552244414144111323134513111515323233232213333232331311333222315 0  050 00000  0
1 2676 30  00000000000000000000000000000000000000000000000000000000000000000000000 0  000 00000  0
1 2676 43  02224544553044414133222332232453223555433233233323333232322111333113215 0  011455100120
1 3506 47  42224545551244414144111112143213113111332224342324434142222111343113215 0  011505100 75
1  925 37  22224525553043314144211111143252211515382223333223343232222111433222325 0  011605100 30
1 1646 30  00000000000000000000000000000000000000000000000000000000000000000000000 0  000 00000  0
1 1646 47  02334534553044414144111111134521111111443223343214444232311111333113215 0  011455210 60
1 6303 37  01234555553044414144111111154312111155421144441434444144331112344131135 0  011455100 50
1 4321 31 201125535553043323233222322243512112511332233232223333232322211333223325 0  050 00000  0
1 2093 40  01225545553034414122211221134524122151424144141213444331321111332243235 0  011405250 18
1 2093 50  00000000000000000000000000000000000000000000000000000000000000000000000 0  000 00000  0
1  841 37 202234444553044413144222121135423122151421144141314444141432311333212315 0  011405100 10
1  841 40  00000000000000000000000000000000000000000000000000000000000000000000000 0  000 00000  0
1 8165 371003334322441322332322332333335414224511422144242332433432323311344133215 0  011505100 20
1 2681 37  82335555550003323233222222235141113111322223333233333232324111333223225 0  013605230 45
1 2681 40  00000000000000000000000000000000000000000000000000000000000000000000000 0  000 00000  0
1 4367 44  11333535553044314144221111135413111555342233243333434242321111433113215 0  011585100  2
1 4367 50  00000000000000000000000000000000000000000000000000000000000000000000000 0  000 00000  0
1 5562 31  12334343453033413133222232243523122111332233343223333233332233333232225 0  011485100 30
1  445 36  22212344451224413133221323235412113115332144141323443231322111323213315 0  011706100 95
1 3334 32  11214555553043313133222222234522111155333344242224444232322211333333215 0  011405100 25
1 1297 47  51124554553043314144111111135424111515411134343214444243233222223214111 2 2011605100 20
1 3292 37  65335555550004323233222222254324112111333223332333333232322222323223225 0  050 00000  0
1 7560 37  01213543553024314133211233234525122515322233333223333232222111442112215 0  011555100 50
1  134 30  00000000000000000000000000000000000000000000000000000000000000000000000 0  000 00000  0
1  134 40  52234545553044414144111111134513122111421144242333444131422111443113115 0  011405100 20
1 7764 31  54333434553024423143232332354133232551334222333133334342343321333212315 0  011984250 15
1 3019 47  24335545553044413144311122135413122515323233242334433233333121333212215 0  011526100  5
1 3719 40  00000000000000000000000000000000000000000000000000000000000000000000000 0  000 00000  0
1 3719 50  01115555353041444144424442454325555555434144442414444424411341121442345 0  011405100  5
1 7062 33  11224533553043313133222222245315343511332123343223433232332211333222215 0  011505100120
1 7576 30  00000000000000000000000000000000000000000000000000000000000000000000000 0  000 00000  0
1 7576 40  05334534551233314133111211151345133115411133233222333222323411332223215 0  011405250  8
1 7085 31  7223454455303441414422221114531323215532113323222333323232411144422322145 6011555271 15
1 3107 37  55334555553044413133221221145313124151444333444124434242333211333213215 0  011505100 45
1 3107 40  00000000000000000000000000000000000000000000000000000000000000000000000 0  000 00000  0
1 6511 37  05334543453034414143311222135414112111333233343223434231332221343112235 0  050 00000  0
1 3140 37  42332543553034414143111332235414112555333234343224444142222111343112225 0  011607100 15
1 3140 40  00000000000000000000000000000000000000000000000000000000000000000000000 0  000 00000  0
1 1173 30  26334444553041414133332232135414114515322233232323333232322111343112215 0  012706271 15
1  298 30 206334584553023323234311322352135111515322233333828333232331111448222325 0  050 00000  0
1  784 30  01332323333048323233322322245385133555333233833323334233334221222223215 0  011707100  5
1 2603 30 101333535553043414144111111154132111511422233242224444232422121333213115 0  011545230 11
1 2440 30  00000000000000000000000000000000000000000000000000000000000000000000000 0  000 00000  0
1 2440 47  55334545553044414133111212141355324551444433444134434341323111333212315 0  011505100 20
1 5788 30  05334533553043322233222222251432132515322233232323333232322211333222225 0  012605100 20
1 3253 31  05334545553044314144311221153143111111422224242334444232422212444113215 0  011405100998
1 3253 40  00000000000000000000000000000000000000000000000000000000000000000000000 0  000 00000  0
1 6464 47  05334535553033323233222223253412111555322232233323333232322111434223115 0  011605100 30
1 3240 30  00000000000000000000000000000000000000000000000000000000000000000000000 0  000 00000  0
1 3240 42  15224555553044414144111111134152111551443324444114444341422111443114415 0  011656250 30
1 2054 47  91123434351144414133111222134522111511422144242324433232333111333212215 0  012465100 40
1 6399 30  35334524553044413144222212135144122111333323443234434342322111333212215 0  011455100 30
1 3261 40  03234554551344413233232232245314234555322132232323333232233221333222325 0  050 00000  0
1 3261 50  00000000000000000000000000000000000000000000000000000000000000000000000 0  000 00000  0
1 5804 37  43333535553034413143211321245313111111432244242234444232322111444123215 0  011484230 35
1 8233 30  00000000000000000000000000000000000000000000000000000000000000000000000 0  000 00000  0
1 8233 47 106331555553043323233222222234511111515389993232323333932333221333232325 0  011205100  1
1 5168 35 173334453353033323233222222251434112515322233333223333333334421443323215 0  012705100 15
1 7083 30  00000000000000000000000000000000000000000000000000000000000000000000000 0  000 00000  0
1 7083 47  85335543551134414144111212151435122551224223444124444341333122333123335 0  011507100 10
1 3777 47  21223443541323323232232333234155145511222233233323332332233431233332325 0  011506271 25
1 1098 33 122124544553043323233222222234151533551332233233223333232322221333222225 0  011303271 10
1 4241 33  05332532551234413133311422134513111511332144141224433141322121333213215 0  012505100 20
1 3155 41 402233343543043323233332232235414233111322233232223333233233432233322315 0  011486250 20
1 2503 37  22224154553044313133221321154315132111322234243323333422233111332223325 0  011555100 25
1 2750 47  64233533551324414134311211253414222551411144141333444332333121443232315 0  011445100 15
1 2969 30  00000000000000000000000000000000000000000000000000000000000000000000000 0  000 00000  0
1 2969 42  23333443453034313233332322241354223515223233232233333232344311233212325 0  012445100  5
1 4637 20  00000000000000000000000000000000000000000000000000000000000000000000000 0  000 00000  0
1 4637 40  35333445451223313133111111131452121111483222344138444241332243333331325 0  011506100  1
1 1560 52  05334544553034414144311111135423112551412234243223444341423111333232315 0  011505100998
1 2271 31  02332332341323323233322342343214313115423333233323333332312211343213115 0  012805100 30
1 6551 372006334533553044414133122322135415334111422224232334444232334211333112325 0  011425100 65
1 1402 20  01113534453034414233322131245314323515433333344234444242232222333222325 0  050 00000  0
1  823 40  00000000000000000000000000000000000000000000000000000000000000000000000 0  000 00000  0
1  823 53  22235555550004414144111111145315123551421114142214443244324112334212215 0  011305100 30
1 1702 22  32335454551133313233221123231453233111323333333224333333322223233133325 0  050 00000  0
1 2109 31  01335555550004314133221111245322122111422133242224433232321121333112235 0  050 00000  0
1 3559 35  06334453453043323233222222234512111515322233333223333232333111222112215 0  011505100 10
1 6309 34  62223533551124414133111222235412122111322234342223444242322221333223215 0  011505100 30
1 3574 40  00000000000000000000000000000000000000000000000000000000000000000000000 0  000 00000  0
1 3574 50100233432253111442414423231115412312251541114424311444424142211144311221120  150 00000  0
1 1043 37  02334344542213323232332333235241111111323233243213444241221111332222215 0  011455210 75
1 1403 30  11233543532333313133221231245314213155322143343323444332322111443123325 0  011485100 20
1 3804 30  00000000000000000000000000000000000000000000000000000000000000000000000 0  000 00000  0
1 3804 43  01113351543033333333242233253123233515333233232323332232322222333223225 0  012606100 20
1 6713 40  00000000000000000000000000000000000000000000000000000000000000000000000 0  000 00000  0
1 6713 51  01115333553024423233322222245234112155322222232223333232322222333223225 0  011706271  2
1 4690 40  65335555550003323233222222243522111511322233232223333232322211333222225 0  011506100 10
1 3504 32  44225545553044414143111221135424122551422234241323444241322211443223225 0  011455100 55
1 3254 30  00000000000000000000000000000000000000000000000000000000000000000000000 0  000 00000  0
1 3254 47 203114535553044414144111111142535323115322233332223333232232111343222215 0  011606100 30
1 5528 35 155323544553033313233222222234154223115323223333233433331322211333222235 0  011405100 65
1 3606 30  00000000000000000000000000000000000000000000000000000000000000000000000 0  000 00000  0
1 3606 47  22235555550004414144111411134511112155421144141424444142422111343113225 0  011555100 35
1   41 37  55334553543033323233222333335413322555423234333224444232341321442213115 0  050 00000  0
1  874 37 504333223441113423223322322243253112111333233343134444332322111333332315 0  011555100 70
1 4217 251001333533551244414133111111134515111111411144142224444242321111434113315 0  011556100 40
1 7212 47  02234555552344333233211222254133113151322244242213333333311111333113215 0  011203100 15
1 1982 43  28323434453033323233222323334514422115222233232332223332343111443332335 0  011455100 20
1  827 30 201135545553044414144111111134523111511411144141333444331322111443114115 0  011807250 10
1 5973 32  03334544452333314133221211145315311115442124444214444122441111443223215 0  011606100 15
1 5973 40  00000000000000000000000000000000000000000000000000000000000000000000000 0  000 00000  0
1 6791 37  03333342341113414143311112145123111115322133342234444332321111444112115 0  011505100 45
1 7162 30  00000000000000000000000000000000000000000000000000000000000000000000000 0  000 00000  0
1 7162 47  01335555550004414144231121134514131511323124242224444342333211333232335 0  011505220 75
1 3584 47  05334544553034414144111112153414111551413124243124333132331111443212215 0  011505100 40
1 6291 34  43334545453023323233222322234513111515322233232223333233333111333223325 0  012363100 60
1 6291 40  00000000000000000000000000000000000000000000000000000000000000000000000 0  000 00000  0
1 4384 37  06333555553043313233222222234515122155388233838883333832322111333112215 0  011305100 30
1 5839 37  46333553553044414144111222115344113151424333444234444241233111444114215 0  011304100 15
1  884 31  12334544553043323233221222234153112111333233243134334232332221333232335 0  011606220 20
1  884 40  00000000000000000000000000000000000000000000000000000000000000000000000 0  000 00000  0
1 5328 32  01333532341322323233332233235411111515433233343123333241313111234113215 0  011707100 35
1 1654 31  25333444551124313144211322131544423111323233343133333231431221232221331 2  111455100  7
1 4098 37 406335554553044414144211212135142122155333322333223434442322211443112115 0  011405100 20
1 4098 40  00000000000000000000000000000000000000000000000000000000000000000000000 0  000 00000  0
1 5587 30  00000000000000000000000000000000000000000000000000000000000000000000000 0  000 00000  0
1 5587 41  22223434353033423133222222254323212511212223232333334132333322333232325 0  011405100 38
1 4790 30 601334544553044414144211331234523112551422144343114433242332111442222215 0  011385100  1
1 6216 37  34333435553033323332222223234514114151333233334233443332332111343222215 0  011555100 45
1 6491 30  00000000000000000000000000000000000000000000000000000000000000000000000 0  000 00000  0
1 6491 45  63225555550004413233222222234522111111422233233223333232322111333113215 0  011425100 10
1 2784 57  25333544551333313133221222245122111551333322233223333232331121332123225 0  011807100  1
1 5453 30  00000000000000000000000000000000000000000000000000000000000000000000000 0  000 00000  0
1 5453 42  65334545553044414144111211153411112111333223333223433232322111343213215 0  011405100 20
1 5679 37  25335554553044414144221231135415415151422223333233333232333211333222321 5 1050 00000  0
1 5679 40  00000000000000000000000000000000000000000000000000000000000000000000000 0  000 00000  0
1 6995 30  04324545553044413144221312131453122555422233242233344232322111333232225 0  011606100 50
1 6078 37 242332241323012333122343243334515212155344144242324333332343141143233325 0  011455230 90
1 5442 37  35332523553014314133111222253415312115413234243134444241422111233112215 0  011706100  2
1 7303 37  05335555550004414144321111153143114111433224244114444131322221434222221 6  511505230 45
1 7303 40  00000000000000000000000000000000000000000000000000000000000000000000000 0  000 00000  0
1 4623 32  45334545552143323233222223231455322555332233232323333232323111443222225 0  011405100  1
1 7261 35  21124545553044414144111111134513121511222233242214444232322111333222225 0  011655250 45
1 4333 37  04325555550003423233222222235413112511332233132334333232211111333113215 0  011485100998
1 4333 40  00000000000000000000000000000000000000000000000000000000000000000000000 0  000 00000  0
1 3827 37  22225555550004414144111111134525111555322233333323444332322111433112215 0  011505100 60
1 6024 42 104331311313013332122333322315345113111233223333233333232232111323212335 0  050 00000  0
1 4361 30  00000000000000000000000000000000000000000000000000000000000000000000000 0  000 00000  0
1 4361 40  56333543553033323233222222254132213115333823833238333832811111443113215 0  011605271  3
1 2882 47  03222523553033323233222222235421111515322233333223333232233311223223225 0  011445100 60
1 7571 55  05334532543033312233433322253413322551323233332323333232322111442222225 0  050 00000  0
1 7301 30  00000000000000000000000000000000000000000000000000000000000000000000000 0  000 00000  0
1 7301 47  03334444553033314133211221241352131111412123242324433142344134132113215 0  011606230 45
1 2371 33  45333432552313323233322222243151434511333233233223333232331341423222325 0  012423100 20
1 2371 40  00000000000000000000000000000000000000000000000000000000000000000000000 0  000 00000  0
1 3960 45  01124545551144414133212211153415313111433134243323444241432111333222215 0  011485100 12
1 4840 31  75332542553034424233141313131424112111423133332223444232322221333213215 0  011606100 10
1 4840 40  00000000000000000000000000000000000000000000000000000000000000000000000 0  000 00000  0
1 1384 31  15332534553034323233322222214521112555322233333223333232322121233223225 0  011975250 55
1 4850 37  12224534553033313243222221234512111511422243241333434232321111443222315 0  011405100 10
1 2940 311005333555552244423233222222235413212555333322333223333232333111333223225 0  050 00000  0
1 5708 30  04223515553044413144111111143511111111422244142323333332311111444114115 0  011455100 35
1 5982 31 306334544453034314143311321253415222551432122333223333232323111444213215 0  011506100 35
1 5013 30  00000000000000000000000000000000000000000000000000000000000000000000000 0  000 00000  0
1 5013 47  04333332233023322233332232345313234511333234233123333232233211332222335 0  011586100 20
1 7324 30  02224535553033323233222222235425213511322233333223333232234411333232335 0  011405100  7
1 7324 40  00000000000000000000000000000000000000000000000000000000000000000000000 0  000 00000  0
1 4758 37 124234554553044414144211111134514111111433223343233444341333211333222325 0  011455100 45
1 6678 32 201332344442333314133122221114532232555422134143224444141342311213312315 0  011152100120
1 6371 32  01334544553044443143111311134511111115443142242124444242311111334113115 0  011606250 60
1 2904 30  00000000000000000000000000000000000000000000000000000000000000000000000 0  000 00000  0
1 2904 43  64235555550004423233222222235423111551322233238224334232332111333223225 0  011555100 25
1 3320 31  43334555553044414144111111153142113111332233232333444241412111444113211 3 4511505100 30
1 4063 34 123333434451223323233222222235414334111324333333233323232334221332332315 0  012505100 25
1 2792 35  75335545553044414144211122131541212111333234243224434231132121333212325 0  012605100 15
1 2792 40  00000000000000000000000000000000000000000000000000000000000000000000000 0  000 00000  0
1 1942 30  11335544553041114443111131135413111111322233242324344131433321333243245 0  012707100 15
1 1307 30  23335552553014414143111111134525313111233134242224444231322221443213115 0  011405100 20
1 1307 40  00000000000000000000000000000000000000000000000000000000000000000000000 0  000 00000  0
1 1670 37  55234545453044424134111233335415332155422234334223344442322321414223215 0  011505100 20
1   94 30  02224512553023424133232342345134112111422223232223333231423421333212215 0  011406100  5
1 2149 40  16333533543033323233233222234514132551332233333223343232333211333222315 0  050 00000  0
1 7913 31  15333534553044411143322211254133113515432244223224434232322112323113215 0  012605100 10
1 7913 40  00000000000000000000000000000000000000000000000000000000000000000000000 0  000 00000  0
1  540 32  45331554552344314143112122254314121555333223243233444222322111334123335 0  011445100 20
1  540 40  00000000000000000000000000000000000000000000000000000000000000000000000 0  000 00000  0
1 1916 20 125334533553033323233222322241355111115333233282323333232333431383323325 0  050 00000  0
1 1992 37  02224543553044313133211111145134211151432223242224444143422411443123215 0  011455100 12
1  777 42  42333531553033313233222232243513234111333244343233443242431311332232325 0  012807230 10
1 2861 35  11223432441134423232231232235414234511432234242324444342322111333222225 0  011705100 20
1 2861 40  00000000000000000000000000000000000000000000000000000000000000000000000 0  000 00000  0
1 4684 30  00000000000000000000000000000000000000000000000000000000000000000000000 0  000 00000  0
1 4684 41  81122535552234414133311121145323323151422231232323444232344331323313311 8 1513506100 15
1 5188 37  01114544551132222322333232334513242515423233243224333332334231233321325 0  011425100 45
1 3009 31 201114554553044413133111211234514212511422144242324444242322111443113115 0  011465100 10
1 3289 31  55335553553034424243222222254311111111422234242224444222322111333223215 0  011506100 10
1 3289 40  00000000000000000000000000000000000000000000000000000000000000000000000 0  000 00000  0
1 4159 33  05333545553044413143211233245315344115433223333233443241243221443212335 0  013575100 35
1 4329 37  04335455553044423144222232231451111555343234343334444241333111332223315 0  050 00000  0
1 6759 37 201235525553043424233221232253414133151421143242324444232323212333323215 0  011405100  1
1 6116 30  05335555550003323223322332325145181555333333332333333333333331443222225 0  050 00000  0
1 6408 469982335111431113313243121222245123221111422233243314444444233231443213311 6 6012605100  1
1 5003 40  02223332553044323333222343243513111515333233232223333232331111133113115 0  011395100 60
1 6967 32 124333334353043323323222222254121115555343223232333343338334111333223225 0  011405210 30
1 5273 30  04223333332233323233333333325145444111333333333333333333333331333223325 0  050 00000  0
1 5273 50  00000000000000000000000000000000000000000000000000000000000000000000000 0  000 00000  0
1 7006 43  53333232553034323233322322354315511115333322332223333233311211333222225 0  011455220 15
1 5893 30  11223333353033323233322432241355555515323233322333323332224221323233325 0  011405100 90
1 8106 50  15131515453043323233332322288881111115333323333323333233311111444223225 0  050 00000  0
1 4815 31 121114432353033423243321323245122232551333224232233433333233311232223325 0  050 00000  0
1 1248 37  01114433443023323233333333334255554151322233222333333338332221333322325 0  011405100 40
1 4176 31  05235555550004413144212112134513111151322233232223433232333221333223325 0  011405100 30
1 2078 33  05334454553033323233322332245312211555234334334233344242322111444223215 0  011405100 15
1 6061 35  62225555550004314144111111131544111551412134243224444241331111443113115 0  011405250 10
1 7668 43  15334555453043393233322282252432151555233322832323333333311111333223325 0  011405100 10
1 3936 30 105331111111122333232333333334515512551332233333223333333333331223223225 0  011387100 20
1 5358 30  00000000000000000000000000000000000000000000000000000000000000000000000 0  000 00000  0
1 5358 40  05335555550003323333322322234151152115434233333333333333331114333223325 0  011405100 90
1 6585 31  41225555550003414144211111234522111151333823343124444241412111333223325 0  011455100 10
1 6571 34  41334543553033323233322323243515433115322222232223334343333111333223221 1 1011606100 20
1 1312 37  05334443443023333333333332353423333115323332233333333333333333443222225 0  011506100  1
1 7552 31  02223434551224413233222232235144433115333322323222333222233222333222225 0  011505100 30
1 7552 40  00000000000000000000000000000000000000000000000000000000000000000000000 0  000 00000  0
1  660 30  02235554553043323233222332231543111515388233233823323232233111333223225 0  011 65100 25
1  660 40  00000000000000000000000000000000000000000000000000000000000000000000000 0  000 00000  0
1 7831 32  16333543453034424144211132112455131511124114242224444242431111444114115 0  011405100 30
1 3547 31 122233332331114423233232333243153311115322223232323333232332222333223321 6 2511325230  5
1 4504 40  25224342453043313242322212241535252115123112243233444333332111233214315 0  012607100998
1 4504 50  00000000000000000000000000000000000000000000000000000000000000000000000 0  000 00000  0
1 6987 30 154334552452344424143211223234515111111423324242324444242422111333123215 0  012526100 45
1 3379 31  66335542453042422223222322245314332111323222333333333232322311233223321 7  511486100 15
1 7595 40  32134555553044323233222222254231111111322333333233333333232221333223225 0  011975230 20
1 7272 50  25334343532343323333323221235424111155422433434223334343431111111122325 0  011405100 15
1 6641 30  46334234452133323233322222235145343155322223332224333333311311333222225 0  011485100 35
1 2439 41  13333351442233323233332333323545315515322333333333333332333111333233325 0  011486100 15
1 3391 61  12223343342323323233222222214533232111433223332223433332334231333222225 0  012505100 35
1 7836 35 153332521552223323223322333354121411111333323332233333332333111333233225 0  011556100 15
1 7836 40  00000000000000000000000000000000000000000000000000000000000000000000000 0  000 00000  0
1 5016 60  22224555553043323233222232235415311511333323334334334333231111333212215 0  011404100  5
1 8182 30 245234551553044323233322222235141111111333323333223333232322211443223225 0  011406230  1
1 8182 40  00000000000000000000000000000000000000000000000000000000000000000000000 0  000 00000  0
1 5305 30  22335545553033323233222223243525121515332233333223333233311111223223225 0  011606100 10
1 2386 31 105334334553013333232322323334525111111333222233334433333322211333223225 0  011455100 45
1 2450 32 12633555555000332323322222225432432255532222223322233333332222133322322130 1550 00000  0
1 6582 30  22333555352233333233322233313543342515332323333223333333331111333222225 0  011606210 10
1 6582 40  00000000000000000000000000000000000000000000000000000000000000000000000 0  000 00000  0
1 4852 63  31334555553044323233322222214525311111338223333283333233321111323322225 0  011505100 20
1 6634 30  00000000000000000000000000000000000000000000000000000000000000000000000 0  000 00000  0
1 6634 41 104335555550003323233322222215343341551333333332323333233322122333222225 0  050 00000  0
1 6069 30  00000000000000000000000000000000000000000000000000000000000000000000000 0  000 00000  0
1 6069 40  05333333333042323233332223241534333115323223232223333233331111444233225 0  011363220 10
1 6151 50  55331455552143322233322222253141113155332234232223323332211211221112215 0  011202100 30
1 4074 30  00000000000000000000000000000000000000000000000000000000000000000000000 0  000 00000  0
1 4074 47  06334554353044413233211222214524445115434323333133323233222111443123215 0  011405100 60
1 6998 40  01233431442133323233333222351235322515323333333223333233331111333223325 0  050 00000  0
1 6323 40  00000000000000000000000000000000000000000000000000000000000000000000000 0  000 00000  0
1 6323 61  01124555352333333333322222235145332555333332233223333333311111338223321 3 1511605100 15
1  691 30  05331311443013323233322322215341111115334323333223333233322222333223225 0  011405230 60
1 5836 30  00000000000000000000000000000000000000000000000000000000000000000000000 0  000 00000  0
1 5836 50  01385558543034423133311233354321144515333383332323333243333131333233315 0  012957100 15
1  336 30  00000000000000000000000000000000000000000000000000000000000000000000000 0  000 00000  0
1  336 52  64224433333022333232123323341352355511221323234333433222343141111333335 0  050 00000  0
1 1797 30  05333344442123313244233333235145423111444234333333343342231111111111115 0  011405100 10
1 7542 30  00000000000000000000000000000000000000000000000000000000000000000000000 0  000 00000  0
1 7542 41  14224455551343323233232222234511111155333334232223333233311111333113225 0  011405100 10
1 3979 30  00000000000000000000000000000000000000000000000000000000000000000000000 0  000 00000  0
1 3979 40  23335442552334414233222223234155221111322233242324444342423122443213215 0  012505100 15
1 3588 40  15335552553033323333322233254125511111333333333333333333331211433223225 0  012405100 30
1 4424 30  00000000000000000000000000000000000000000000000000000000000000000000000 0  000 00000  0
1 4424 41 501333444553033324343322322335145353115333323333233344343324211232223225 0  050 00000  0
1 3576 41  25333535552233323233222323245235413115333233333333333233342111333223225 0  050 00000  0
1 3636 62  05223282231233322233332222245123311111232323333333333333333121333232335 0  050 00000  0
1 4972 30  00000000000000000000000000000000000000000000000000000000000000000000000 0  000 00000  0
1 4972 43 106233344332132323333333333331541111115333223233823333338311114383223221 2 2011586230 15
1 3967 30  04334555553044414144111111145131111155412233241224444141411111244114115 0  011606210 60
1 6581 35  05335555550003323233322222235414222115423232344214434333332431333122215 0  011536100998
1 6459 37  65335555550003323234322222213421111115422232342323333332311111443223225 0  012655100 30
1 1547 32  36333535553042323233322222231545445115332233333323333233333231433123325 0  011486100 60
1 6506 37  01334545553043323233222322252343231555432333232223333333321111333114225 0  011405100 60
1 6397 70  25332334132133323233312222141525113555333323333223333333331321333223225 0  050 00000  0
1 5689 34  56334535552144413244222122231452222115322223232333333233332111222212315 0  011105100 10
1 4799 22 155335555550001413143221222213453122155333822334134323238232321882223225 0  050 00000  0
1 6863 55 105335555550003414143222241453412111555823882383338324238223331338111125 0  011405100 15
1 2995 34  24334413552333414143311211153141111111411114142213434141322111333114225 0  011505230 10
1 6513 721004334532452334424244322333331544552111422224233233333232333331333233335 0  011405100  1
1 7530 44  22235555550003413144222222238882222111333234343223434342211111223223225 0  011406230 20
1 1124 33  33335555550003323242222222243521111551322233242424444348433111332232215 0  011455100 60
1 1136 27  52335551553024414244111231254315152115322243233222333232231112333123225 0  011455100 30
1 1555 37  53335555550003324133211222234511111151322233242223444232311111433113115 0  011576100 45
1 2040 30  5633343444123441414311111113512423111143323423233344444232222233222222112 1511243100 20
1  653 32  04334541552143314144222222231451151551322233233233333332333333333223225 0  011847271240
1  653 40  00000000000000000000000000000000000000000000000000000000000000000000000 0  000 00000  0
1  676 37  35334511551323313142212223231455123115344233232334434232333131343233335 0  011424271120
1  676 40  00000000000000000000000000000000000000000000000000000000000000000000000 0  000 00000  0
1  909 37 206333532553044414144111111114535122115412144142224344141412121443113215 0  011407271 15
1  909 40  00000000000000000000000000000000000000000000000000000000000000000000000 0  000 00000  0
1 1171 30  00000000000000000000000000000000000000000000000000000000000000000000000 0  000 00000  0
1 1171 50  03335511553044424144211121214355254151331134144228333332313111443223325 0  011406100 10
1 5783 47  35335444551134414134211332234153134511323234243233433242323221333112325 0  011455100 30
1 5783 50  00000000000000000000000000000000000000000000000000000000000000000000000 0  000 00000  0
1 6526 40  16335455553044414144111111154135253115422224344134344131443144332222335 0  011405100 60
1 1876 47  93315245253044324243443332412455555555444444444444443424411111333113225 0  050 00000  0
1 4511 30  00000000000000000000000000000000000000000000000000000000000000000000000 0  000 00000  0
1 4511 40  63334524442234414134211211134153142111313134143123444441332211343214411 4 4050 00000  0
1 5248 31 801335523333024432322332233335142111155321933242344433231341111333323325 0  011375220 15
1 7848 35 154234311252234414133332332345135254115422144242223444232223322334222435 0  011607230 25
1 7848 40  00000000000000000000000000000000000000000000000000000000000000000000000 0  000 00000  0
1 7276 37  45334535553044414143111132134153132115343244242128444242432111334223215 0  011556100 35
1 7853 44  26334544553034413143211111145313111111411144141114444341423221332222325 0  011485100 15
1 7639 30  01335555550003313144111211134512151151422133242324444241322221444114115 0  011405100 30
1 1093 37  54335551553044412444241111141353311115411144444414441141411111433223225 0  011405100  6
1 5545 22  02225555550003323233322222235215315115332223333223333332331134323322235 0  011405220 45
1 5545 30  00000000000000000000000000000000000000000000000000000000000000000000000 0  000 00000  0
1 4031 36  62331523452233323233232332343514112155422244232323333242334411244223221 2 1050 00000  0
1 2688 30  00000000000000000000000000000000000000000000000000000000000000000000000 0  000 00000  0
1 2688 40  62334544553044414144111312135412111515413233343224444242311221333223225 0  012506100 15
1 4898 37  82333421553023414233422322235142111111322333333233333232243111333331315 0  011436210 25
1 4898 40  00000000000000000000000000000000000000000000000000000000000000000000000 0  000 00000  0
1 4928 22 156334444443033323233222222251345555555333233232323333332333221333223225 0  050 00000  0
1 7295 31  21323444543043323233333331341355354511332333434334343423341111222223335 0  011407271998
1 6876 37  05335555550003413233222322241355253115422233332333333332233221443223225 0  011706100 20
1 1829 30  05333434353033323233432222314535541555333223333323333232233131324213115 0  011556100 20
1 2798 35 145334551553041414444411111115345151511444444244444444442422421443114445 0  011405100 30
1 2816 37  05334545552244414244222322231545333115233333333332233332313331133222225 0  050 00000  0
1 6938 47  56333243343023423233322222251425151551422444232224334332434333332223225 0  050 00000  0
1 4750 30 205334545432144414233322222243125131555444242244424444444422211333223225 0  011404100998
1 2087 31  23334544553033323233322323241533353515333333333323333332322221333223225 0  011403250120
1 7810 32  36335555550003323233222222251435111111433223233323333332321211434112325 0  011405100 20
1  797 33 131332533543013433333331133453425551111333233333333333333331111333223335 0  050 00000  0
1 5997 52  36331555452344314144111134143155333115411134141214343341424421444113215 0  011486100 18
1 6508 40  36335525353021422232222323253411111155444411444124444148232111444233225 0  050 00000  0
1 1994 32  91223535553044414144111111135415333511422233232223333332241111333332325 0  011406250 30
1 1143 44  13335551559043424244922222234523151111322244232394444443443111334223225 0  050 00000  0
1 6825 30  12835555550004424244222212235415423151333233232223333332311411121122215 0  011455100 25
1 7617 40  01113545553043323233222322234511242555222234232233342322311111444133215 0  050 00000  0
1 3104 37 15633555555000442424422222223542311111142443424421344312232442144411421140 2012533271 45
1 4644 43  36333333531223413232222233231542111515432223242223333332332332233222225 0  011455100 10
1 2942 37  35334444553044414144422121135412111551412144342222444242422111344213215 0  011705240 15
1 4482 37 405335555550003423244221221134513111515321223242324344242331111444223225 0  011404100  1
1 3969 30  00000000000000000000000000000000000000000000000000000000000000000000000 0  000 00000  0
1 3969 40  23332222331123333333332232341535155515333223333233333233344331332222325 0  011405100 35
1 5186 27  45335544552334424244222323313453155111322144443243444243241111431122425 0  011505230 20
1 3048 47  06334453541333323233222232213545151511333333333333333233311431233123335 0  011405100 35
1 2198 32  31335331433032313241231443445324342111333324212243443332433311333222225 0  050 00000  0
1 2524 67 125334443453022424243221333343154111111433233333333333332222221432212115 0  011466100 20
1 4462 36  56334432331213423233332232213453244155333233243324444332333221333223215 0  011457100 15
1 2605 43  61234522453034413144111222231453243115322333232334443332322111433232335 0  011355230 15
1 6627 37 155334555553044414144222222234511211155322243232324333232322111344222325 0  011505271 20
1 7348 57  35334534552234414144221111134151253111422214333233444242244443411332225 0  050 00000  0
1 3850 41 105333241453034413133422333331542134111322233232223333232333422332223225 0  011404210 15
1 5614 44  34334332432133423243232233313524222515423234242334443232321421433223225 0  050 00000  0
1  938 35 101333534553033412133233213243125322115312124333133333443234431333112215 0  050 00000  0
1 5969 34  12335553552234424232222222234524232111422233232223333332332321333112325 0  011485271 10
1  127 32  43333532552344414133422222245325111115322223232223343232334331333223325 0  011454100 10
1  127 50  00000000000000000000000000000000000000000000000000000000000000000000000 0  000 00000  0
1 4547 30  00000000000000000000000000000000000000000000000000000000000000000000000 0  000 00000  0
1 4547 43 206333321332123424144231232235141513111323232343324444242421111443233225 0  050 00000  0
1 2062 42  53334555452341414144222222235418888555144223234324333332333111122113325 0  011405100 15
1 5563 37  76334544453044414133111111145134113111411144141234444241411141322114315 0  011606100 15
1 5403 45  55334543553044414143111231135414113111422244242314444242432111443213115 0  011605220 30
1 4086 25  86335544551244323233111311134153123511322134232323433132321111333112215 0  050 00000  0
1 4696 47  16333541553044414143411111113455115115421234342413444341311111323113311 1 1811506100 45
1 6194 30  00000000000000000000000000000000000000000000000000000000000000000000000 0  000 00000  0
1 6194 47 522333541553044414143111111134511111115434134242234444232422221111112215 0  011656100 50
1 6975 67  02335552553043323233311222213541111155422224242323333232311111223223225 0  011405100 40
1 4608 30  00000000000000000000000000000000000000000000000000000000000000000000000 0  000 00000  0
1 4608 45  21335434543044414144411223134515121515411213142324444231422431442113215 0  011403230 25
1 7494 45  61334541452124414143111132243151135515412134232324142442422222423222325 0  011405100  7
1 5262 37 205333443453034412242232222234151212515422233242324344132343431444222225 0  050 00000  0
1 1087 30  33332555553041124222222222241531541555322233222233333322333311433223225 0  011355100 30
1 7697 30  25334531553023424144222221151433132115422233144224444242412111444113225 0  012806100 30
1 4960 30  15334533452144414144121321143152112115412244142444444242421111443113115 0  011605220 30
1 2067 31  03224555553044414144121222235142111515422233232323344231322111443413221 3  112563100 40
1   72 50  04333441443033322222422222245315554115433322342333333443111111222222225 0  050 00000  0
1 5775 30  46334555553044414144111111131544111111443233142224443231311111332113115 0  050 00000  0
1 2348 30  15333155553044413134211212143511111111422134343223333232422111233114215 0  011506250  1
1 6734 351502335544553044414144311131134524132511411144131323434242342111332232225 0  012656100  7
1 7224 30  14334452453034424444234442235121112515322333233323333332344234233223235 0  011607271  1
1 4958 32  05334443552233423242222233213545153111312233242344443242334321332213215 0  013556100 45
1 7816 45  35335544552344414142111222343514142515442244232333433322233211443231335 0  012704230 30
1 6168 35  65335555550004414144111111153411111115322233233233333232322111444113215 0  011455100  1
1 6168 50  00000000000000000000000000000000000000000000000000000000000000000000000 0  000 00000  0
1 4296 30  00000000000000000000000000000000000000000000000000000000000000000000000 0  000 00000  0
1 4296 42  1633454455214441414311111114351111111548222324323444433142111144311311148  811655100  6
1 4813 31 132234551553044424244422233234155111111421222232233332222334111334233335 0  011397100 50
1 4429 30 204223533551244414133221111145324212111412144242238433242432221333223225 0  011456210 20
1 7549 32 185335555550003423234211111135411111115433133243224444241421111333114115 0  011506271 15
1 5205 37 126335555550004414144111121235411111555134234414114344222411111231113345 0  012705100 10
1 1676 30  00000000000000000000000000000000000000000000000000000000000000000000000 0  000 00000  0
1 1676 44  15334544553034414144111211134153112111322144141324444242333211343213225 0  012505100 15
1 5327 43  45335555550003423233222221243155115111422233233823333332321111444223225 0  011375100 11
1 1268 30  00000000000000000000000000000000000000000000000000000000000000000000000 0  000 00000  0
1 1268 46  45335555550004424244222222234511111515333233232223333232314411333223335 0  011405100  5
1 1039 32  44334531452344413144111212131544111151132233242333444242231111223222315 0  050 00000  0
1  892 30  64334531553043323233222233235141111511444343333333333333333311222223325 0  050 00000  0
1  566 30  00000000000000000000000000000000000000000000000000000000000000000000000 0  000 00000  0
1  566 54  36315541353023414144111333115425354111414121144143444342433311233223335 0  011505100 40
1 5685 47  433345435530334231432112111354251231153122432413244432424322114432233114099812706100 50
1 7074 37  62225555550004414144111111141351111111411142141323434332333111333223225 0  012606100 20
1  856 47  54335555550001313133222222213451251555423233232323333232323211333223225 0  050 00000  0
1 3912 33  05331534351134414142111111134523111111422244232223343332333211343223225 0  011404100 75
1 4405 27  23333551553043323233222222235141111555333333333323333332231111232223215 0  050 00000  0
1 5195 31  22324532232343424243322111241354331151323233233223334332331111332223335 0  050 00000  0
1 5195 40  00000000000000000000000000000000000000000000000000000000000000000000000 0  000 00000  0
1 5566 32 155234433412233324233222222353245243111433333232323444332334131243223325 0  011507100 20
1 5388 57  06334554553043323233822223213424121115322232232333332222212111833113215 0  011305100 25
1 1052 30  34335555550003423334422222245315155115422232333334333333333211444113215 0  011405100 15
1 6082 42  01334553543043313133111221134521111515322133232323333242322421332222215 0  011405230 35
1 5147 27 104333433333033314243333333354135155111444334241444433333311144333423225 0  050 00000  0
1 2474 302003322453553044424244232111131455111115422233242224433232334311442113115 0  011807100100
1  235 20 523321221323022442422442433341525122555322124242334444242424131433113115 0  050 00000  0
1 8104 43  15334424512133313134331312312345155115333232333323433232324141333233225 0  012555220 15
1 3580 339984335555550001414144111131115431111555422223292383111232331221333223225 0  050 00000  0
1 1327 35 106334541552144413244211222234154112515332233243234443142422111434113115 0  011435100  8
1  320 60  02332425251132222233333322213521131555333238333223333332331431433223225 0  050 00000  0
1  502 21 103324311553034324244422121145325154155322224242323444232414411444133335 0  050 00000  0
1 1692 20  01333123531242383333333224315435118555323282223222333333331441433223225 0  050 00000  0
1 2170 37 204334321331133423232332212232455154115422234232233334222333331332223225 0  011446100 10
1 7687 50  00000000000000000000000000000000000000000000000000000000000000000000000 0  000 00000  0
1 7687 64  25335545553044323233322332214535121111433223343234443242233311333222235 0  050 00000  0
1 6114 20  00000000000000000000000000000000000000000000000000000000000000000000000 0  000 00000  0
1 6114 37 484335555550004413244221228135415131515443224232224444831311111444123225 0  050 00000  0
1 4032 47  15335553553044423233222222231423111515444243232223444232333323333223335 0  012655100 15
1 1160 81 206333532551143323233232222235145155515322223233233333342344421244114415 0  050 00000  0
1 1160 90  00000000000000000000000000000000000000000000000000000000000000000000000 0  000 00000  0
1 2923 31  43332551543044113134222222213525111555141223241333334442334111423223225 0  011405230 53
1 7368 41  05332343443033414344332332314355335155322233232323333442333321333223225 0  011405100 15
1 3980 30  02335554552343323233322233212454252115333432212233334431323431334143115 0  011405100 15
1 3980 40  00000000000000000000000000000000000000000000000000000000000000000000000 0  000 00000  0
1 3948 41  14333542351333323233222223215345112111333233232223333332322221443114115 0  011947271 60
1 3976 30 122334444452234414144412212242354333115422233232233333332333321343333325 0  011455250 25
1 5607 47  72333543451342414133211244131455115115322233232233444331312121223233331 4 3012605100 10
1  616 37  42331321153024414143411233131455143515422244242324441443422111483223225 0  011505100100
1 4685 40  00000000000000000000000000000000000000000000000000000000000000000000000 0  000 00000  0
1 4685 50  42183544441334313133831338234515323111322233242233333242334221333332335 0  011405100 40
1 3070 30 156333552553044413244212222214531112111234223232223433232323321433223225 0  012154271  7
1  551 24  06334333433013323232333333313545333515333223333233333338234331323222325 0  050 00000  0
1  551 30  00000000000000000000000000000000000000000000000000000000000000000000000 0  000 00000  0
1 3388 40  65335545553044413143111313135142111115322234232323433232223111433113215 0  050 00000  0
1 1315 37  24334533542144413343322232213451111111223223243323333332324111333223325 0  011506220 15
1 4540 35 126334551552334424244422222214355151115433223233323333232314421213113115 0  012706100 30
1 4246 47  76335558550004313143222222245133112111423124343223344341322111333223225 0  050 00000  0
1 6382 27  35335541553043323232322222234121151115323222233223333232311111444223225 0  011405100 15
1 3257 37  14335552553034414244311421135143112111343234343224444222333111243113315 0  011405100 20
1 4905 32 245334323452234424233322333234512213551433243232223433232333111233113321 3 1211405220 20
1 3893 31  56334534552343323233222222234515111515222223232333333232334431433122225 0  011405220 45
1 5505 40  34333531452334333333322233212351111551433333333333333232323111233223335 0  011405100 75
1 3608 31 401333533552343323233222222235414114515322232232223333342323111333223325 0  012605100 19
1 5172 41  02335541553044424243422111141351151515334323343433444344421111433213215 0  011605100 45
1 7615 32  13224553553044414144111111134514133111411144141324444141434421343223225 0  011556250  5
1 4991 32 106334531452134424243422222242314151115443234243323443232333331333223215 0  011405100  1
1 4088 30  00000000000000000000000000000000000000000000000000000000000000000000000 0  000 00000  0
1 4088 41  66334542552133323233222322231545111115333232333233333232321111423222225 0  011405250  5
1 3926 31 154333421352333413244332213251434143115423122344333444443323432333223325 0  012405100 20
1 3926 40  00000000000000000000000000000000000000000000000000000000000000000000000 0  000 00000  0
1 4198 21  6433455555304441414411111113452523215542214323223344434241111134311321120 2550 00000  0
1 6451 30  00000000000000000000000000000000000000000000000000000000000000000000000 0  000 00000  0
1 6451 47  24334545553034424243111222234511515511411144142323444231344211222212325 0  011605100  1
1 7681 46  02333432443044414233332332243153212111423442444434334342241331332232435 0  011405100 40
1 7991 23 126334131452333424233222232234515131115423233333324444443331212444233335 0  012806230 25
1 2730 33  04333541553034323234222232234511112115422223232223333232333131223123225 0  011707100 20
1 7990 37  26335555550004413143111111141532121155333223243224444232331131333212215 0  011405100 30
1 7954 37  05334545553044414144111111143515111151421133241114444242331111333222225 0  011405100 15
1 6629 31  14333432443032323332333332234513233155322244232243444232432133333232225 0  011162230 35
1 2112 37  46334433332132424243432333313454352111333223232333334443432111233223225 0  011976100 10
1 1267 23  55335545553044424244112222234513112511422233243324444232312211444112325 0  011325100 10
1 7181 47 106333442533034323133222322234513111115322223232233333232333331333223225 0  050 00000  0
1 2586 33  35334551553043323233222232253145133511433233333333333332332111333223325 0  011405100 45
1 2425 10  00000000000000000000000000000000000000000000000000000000000000000000000 0  000 00000  0
1 2425 20  32333553553043413233212222251435253515323233333223333332322111343134125 0  011505210 30
1 2406 30  21332522553044413233212322245315245115322333333223333242322111443223335 0  011506210 30
1 4257 24 103333442442133323233222222213545221555333232232233333232321111333222225 0  011405100 10
1 3911 339983334545551333323233222222213451111115322222232323323332331131133223225 0  011505100 28
1 4354 449985333442553032323232222232213455154111322223333229333232333131332223215 0  011405230 17
1 4613 35  04333554551133323233222222234513112555322232231223333232322211332113325 0  011405100 60
1 7795 30  00000000000000000000000000000000000000000000000000000000000000000000000 0  000 00000  0
1 7795 47  03323541553023323233221222243513452115333233333333333332344111333333325 0  011405220 17
1 7558 27 203322533553034424242322222251425255115332333232323333232314134343224221 6 3050 00000  0
1 4334 31  13335551553043313233222222245315111555322233232323333232311111333223325 0  011566210 40
1 1597 27  03235555550004323133131222213451111555334823338323333332311111333223335 0  050 00000  0
1 7819 40  02335553553044332332311323231451155155423123232333332332333123233124425 0  050 00000  0
