3    3 2 419 36   0  0 419176
3    3 3 419 37   0  0 419 30
3   24 2 419 35   0  0 419 31
3   24 3 419 34   0  0 419 31
3   29 3 644 31 644 21 644170
3   32 3 195 30 195171 195170
3   32 4 195 31 195171 195170
3   59 31060 32   0  01060 31
3   60 41692 38   0  01692 30
3   60 51692 39   0  01692 30
3   61 21692 401692  41692 31
3   65 5219118221911792191  7
3   76 32073 342073  12073 31
3   79 22073 33   0  02073  2
3   88 32613 3026131812613  4
3   88 42613 3126131812613  4
3   91 32086 3120861722086  4
3   91 42086 3320861722086  4
3   96 3   4 39   4  3   4173
3  105 422771832277  52277181
3  105 522771842277  52277181
3  114 32138 3321381782138 30
3  115 31971 331971  41971173
3  125 42050 322050  42050172
3  126 51258 331258  41258172
3  134 3 257 40 257175 257 30
3  136 3 302 36 302 22 302174
3  136 4 302 37 302 22 302174
3  138 4 473 35   0  0 473  4
3  139 52882 3228821722882  3
3  152 21129 3911292011129175
3  152 3112918911292011129175
3  154 42191 3821911732191  4
3  163 22311 3123111742311  6
3  171 31038 331038 301038173
3  178 32137 34   0  02137174
3  188 41813 3218131701813  3
3  190 3  14 32  14173  14  3
3  190 4  14 33  14173  14  3
3  216 32715 302715  32715176
3  218 3 593 30 593171 593  4
3  218 5 593 33 593171 593  4
3  226 32888 302888  32888171
3  235 3 250 32 250177 250  3
3  235 4 250 31 250177 250  3
3  243 3 114 33 114  3 114173
3  257 3  10 34   0  0  10  6
3  257 4  10 35   0  0  10  6
3  260 3  14 30  14  4  14172
3  260 4  14 31  14  4  14172
3  262 3  84 33  84172  84  1
3  277 3 350 30 350170 350  3
3  277 4 350 31 350170 350  3
3  283 4 624172 624174 624  3
3  283 5 624173 624174 624  3
3  285 3   4 41   0  0   4 31
3  285 4   4 42   0  0   4 31
3  288 32432 4124321912432 33
3  288 42432 4424321912432 33
3  301 52219 3322191702219  3
3  301 62219 3422191702219  3
3  303 33055  3   0  03055  2
3  303 43055  4   0  03055  2
3  309 3 122174 122  4 122173
3  309 4 122 36 122  4 122173
3  318 31149 301149  41149170
3  323 3  47 34  47170  47  4
3  323 4  47 36  47170  47  4
3  333 31043 35   0  01043  4
3  333 41043 36   0  01043  4
3  354 41184 401184  61184171
3  359 3  96 31  96170  96  3
3  359 4  96 32  96170  96  3
3  361 3 228 32 228174 228  5
3  366 3 145 30 145170 145  3
3  366 4 145 31 145170 145  3
3  368 41303 321303  41303173
3  368 51303 331303  41303173
3  370 4 414 39   0  0 414  3
3  378 31342 311342  31342170
3  385 22028 32   0  02028 30
3  387 31048 3410481981048  6
3  387 41048 3710481981048  6
3  391 52849 32   0  02849  3
3  392 32323 322323  32323174
3  395 32510 3425101712510  5
3  395 42510 3625101712510  5
3  409 32464 32   0  02464171
3  414 41522 4215221761522 10
3  414 51522 4315221761522 10
3  415 41522 381522  91522175
3  415 51522 411522  91522175
3  419 4 321 32 321170 321  4
3  421 22678 37   0  02678  7
3  430 32618 3426181712618  4
3  430 42618 3726181712618  4
3  446 3 980 30 980176 980  3
3  446 4 980 31 980176 980  3
3  447 31803 3118031751803  3
3  447 41803 3018031751803  3
3  460 3 602 34 602177 602178
3  466 3  53 36  53173  53  4
3  472 31663 4316631791663  7
3  475 3 625 30 625172 625  3
3  478 3 343 32 343 30 343171
3  478 4 343 33 343 30 343171
3  482 3 577 32 577174 577  4
3  484 31767 331767 301767180
3  488 33109  33109  13109  2
3  491 3 315 30 315  3 315170
3  494 3  90 31  90172  90  3
3  494 4  90 32  90172  90  3
3  497 22032 35   0  02032172
3  500 21498 32   0  01498  4
3  501 31498 351498 301498171
3  501 41498 371498 301498171
3  503 41687 311687  31687170
3  510 32707182   0  02707  3
3  520 5 428 32 428  4 428170
3  527 4 487 35 487  5 487170
3  533 42779 312779  32779170
3  538 2104818210481981048  6
3  543 41166 371166  91166180
3  547 4 548 39 548  7 548183
3  547 5 548 40 548  7 548183
3  549 52164 4121641762164 30
3  549 62164 4221641762164 30
3  558 42876 32   0  02876  3
3  572 31315 3613151741315 30
3  572 51315 3913151741315 30
3  580 32409 3124091732409  3
3  580 42409 3224091732409  3
3  586 32056 3420561712056  2
3  588 3  91 31  91170  91  3
3  588 4  91 32  91170  91  3
3  591 31154 3011541811154179
3  594 3 517 33 517172 517  5
3  594 4 517 34 517172 517  5
3  596 41786 451786  41786182
3  596 61786 491786  41786182
3  598 21236 31   0  01236170
3  601 3 172 36 172183 172 34
3  602 3 236 32 236172 236  3
3  603 41221 3112211731221  4
3  603 51221 3212211731221  4
3  604 4 819 32 819  4 819170
3  606 42196 3421961752196 30
3  606 52196 3521961752196 30
3  613 3 486 31 486  3 486170
3  615 21394 35   0  01394 33
3  615 31394 37   0  01394 33
3  616 22628 3426281742628  5
3  616 32628 3526281742628  5
3  620 42771 332771  62771173
3  620 52771 342771  62771173
3  621 42529 312529 302529175
3  631 3 121 32 121170 121  6
3  631 4 121 33 121170 121  6
3  632 23002  2   0  03002  1
3  657 62576 3325761702576  3
3  657 72576 3425761702576  3
3  658 21503170   0  01503901
3  659 4 544 32 544 21 544170
3  663 22707 3727071902707  5
3  664 22707 34   0  02707  6
3  672 32610 322610  42610173
3  673 31281 351281  41281173
3  673 41281 361281  41281173
3  676 3 707 30 707  3 707171
3  676 4 707 32 707  3 707171
3  680 3 374 30 374170 374  5
3  689 21315 34   0  01315  5
3  689 31315 35   0  01315  5
3  691 327741722774  62774  2
3  692 31784 3317841711784  5
3  692 51784 3517841711784  5
3  693 51663 3616631731663  5
3  693 71663 4116631731663  5
3  696 3257818025781792578 30
3  701 32607 3026071702607  3
3  704 3  60 36  60181  60 32
3  704 4  60 37  60181  60 32
3  705 32478 3224781752478  4
3  710 2 138 32   0  0 138 31
3  710 3 138 33   0  0 138 31
3  716 31121 331121 301121175
3  717 4 351 38 351170 351  3
3  726 32473 302473  42473170
3  726 52473 322473  42473170
3  727 3 174 33 174  5 174171
3  727 5 174 36 174  5 174171
3  731 32661 432661 212661171
3  731 42661 442661 212661171
3  733 42628 3226281702628  3
3  733 62628 3726281702628  3
3  734 32012 322012  32012170
3  734 42012 332012  32012170
3  741 51043 33   0  01043  3
3  741 61043 34   0  01043  3
3  742 31127 30   0  01127172
3  751 42441 34   0  02441  5
3  751 52441 35   0  02441  5
3  752 32441 372441  42441176
3  753 41407 321407  31407172
3  772 3 351 37   0  0 351  6
3  784 31236 321236  41236172
3  789 3 117 31 117171 117 30
3  789 4 117 32 117171 117 30
3  796 3 626 45 626184 626  3
3  801 3 582 32 582  3 582173
3  801 4 582 33 582  3 582173
3  802 32490 3424901732490 31
3  804 3 121 37 121  4 121173
3  805 22335 32   0  02335 30
3  815 23005  2   0  03005  1
3  818 3 593 31 593  3 593170
3  819 31315 3213151701315  4
3  819 41315 3313151701315  4
3  821 23033  2   0  03033  1
3  823 22432 48   0  02432176
3  824 42432 522432  32432 35
3  824 52432 552432  32432 35
3  828 33387  33387  13387  2
3  832 35287186   0  05287  4
3  833 56735 4167351716735  5
3  834 36735 42   0  06735  8
3  834 46735 44   0  06735  8
3  837 36316 31   0  06316  4
3  840 22409 33   0  02409171
3  840 42409175   0  02409171
3  841 31185 3211851771185  5
3  841 41185 3411851771185  5
3  842 21047 321047 211047  4
3  846 21426 34   0  01426  4
3  846 31426 38   0  01426  4
3  851 31775 3317751751775  4
3  851 51775 3517751751775  4
3  852 5 321176 321174 321  5
3  852 6 321177 321174 321  5
3  858 3 853 30 853174 853  3
3  859 42061 31   0  02061  2
3  861 21254 30   0  01254170
3  863 31911 34   0  01911 30
3  871 26365 51   0  06365 10
3  871 36365 53   0  06365 10
3  874 32902 322902  42902174
3  879 4 246 31 246170 246  3
3  883 3 582 34 582  4 582174
3  886 22330 31   0  02330171
3  886 32330 32   0  02330171
3  887 31897 3018971701897  3
3  891 4 134 30 134  3 134171
3  891 5 134 31 134  3 134171
3  892 3 319 31 319173 319171
3  893 3 121 30 121171 121  7
3  893 5 121 36 121171 121  7
3  894 32175 302175  32175170
3  894 42175 312175  32175170
3  896 42427 342427  42427171
3  896 52427 352427  42427171
3  898 21628 32   0  01628  4
3  898 31628 33   0  01628  4
3  907 22485 35   0  02485176
3  918 32436 36   0  02436170
3  919 51740 321740  31740170
3  927 22432 382432  32432 35
3  934 23073  2   0  03073  1
3  937 33140  33140  13140  2
3  937 43140  43140  13140  2
3  938 43141  53141  13141  2
3  943 21731 311731 301731  3
3  943 31731 331731 301731  3
3  946 33159  33159  13159  2
3  946 43159  43159  13159  2
3  955 42752 322752  42752170
3  957 36838 3368381706838  6
3  970 32656 332656  52656171
3  970 42656 352656  52656171
3  972 3  50 32  50  3  50171
3  972 4  50 33  50  3  50171
3  979 3 548 37 548  9 548182
3  979 4 548 38 548  9 548182
3  983 25299 40   0  05299  4
3  983 45299 47   0  05299  4
3  987 35180 3251801745180  4
3  989 25299 55   0  05299 10
3 1002 3 355 32 355  4 355171
3 1002 4 355 33 355  4 355171
3 1013 3 517 30 517170 517  4
3 1013 4 517 31 517170 517  4
3 1016 32752 332752  52752172
3 1018 52061 322061  82061181
3 1023 31221 35   0  01221172
3 1023 41221 36   0  01221172
3 1033 32656 342656  72656174
3 1033 42656 362656  72656174
3 1038 21043 37   0  01043  8
3 1038 31043 38   0  01043  8
3 1043 32485 3424851742485173
3 1043 42485 3624851742485173
3 1047 35299 56   0  05299 12
3 1047 45299 57   0  05299 12
3 1048 31036 311036  11036  2
3 1057 3 495 36 495170 495 30
3 1059 31126 3511261741126 30
3 1059 41126 3611261741126 30
3 1061 42277 3422771782277  8
3 1061 52277 3522771782277  8
3 1066 4 570 35 570171 570  8
3 1066 5 570 36 570171 570  8
3 1071 31397 341397  51397172
3 1071 51397 381397  51397172
3 1076 26233 36   0  06233  9
3 1076 36233 37   0  06233  9
3 1082 32545 3325451722545 30
3 1082 42545 3425451722545 30
3 1085 26187 386187  16187 12
3 1085 46187 406187  16187 12
3 1086 36187 366187  46187170
3 1093 36839 366839 346839  9
3 1093 46839 376839 346839  9
3 1096 3  53 35   0  0  53  6
3 1098 32469 3224691722469  4
3 1100 5 833181 833190 833176
3 1101 33289  33289  23289  1
3 1107 4 297 48 297176 297  7
3 1111 4 433 38 433 30 433175
3 1111 5 433 40 433 30 433175
3 1112 3 517 32 517  2 517  3
3 1113 35292 405292  75292 32
3 1113 45292 435292  75292 32
3 1117 5 173 38 173170 173  4
3 1117 6 173 40 173170 173  4
3 1122 41468 3314681761468  5
3 1122 51468 3414681761468  5
3 1135 4 774 31 774171 774  2
3 1135 5 774 32 774171 774  2
3 1136 3 361176 361  4 361175
3 1139 42117 3321171712117  6
3 1143 42603 3226031712603  5
3 1148 32323 3323231772323 31
3 1148 42323 3423231772323 31
3 1161 4  53 42   0  0  53 10
3 1164 42441 3224411732441  3
3 1169 23308  333081703308  2
3 1173 5 607 42 607183 607174
3 1177 26262 36   0  06262179
3 1178 3 284 30 284  4 284170
3 1178 4 284 31 284  4 284170
3 1180 32682 3226821752682  5
3 1180 42682 3326821752682  5
3 1182 31142 3111421701142  3
3 1182 41142 3211421701142  3
3 1184 355702045570 335570203
3 1188 41013 311013  51013170
3 1189 3  68 30  68  3  68175
3 1191 3 608186 608185 608  8
3 1195 31775 3817751821775  6
3 1195 41775 3917751821775  6
3 1200 31909 311909  21909  1
3 1200 41909 301909  21909  1
3 1204 51918 3319181731918  4
3 1212 4 999 31 999  3 999170
3 1212 5 999 32 999  3 999170
3 1218 51624 351624 211624174
3 1222 31867 3318671701867  3
3 1222 41867 3418671701867  3
3 1232 32012 3420121722012 31
3 1233 32525 302525  32525174
3 1234 35576 375576  35576172
3 1234 45576 415576  35576172
3 1239 3 263 38 263175 263 31
3 1240 25306 33   0  05306170
3 1242 25621 33   0  05621  9
3 1245 3 915 30 915171 915  4
3 1245 4 915 34 915171 915  4
3 1247 3 915 31 915170 915  5
3 1247 4 915 32 915170 915  5
3 1249 25145 34   0  05145  2
3 1249 35145 35   0  05145  2
3 1253 32566 3825661742566 30
3 1253 42566 3925661742566 30
3 1256 32486 3424861892486 31
3 1268 3 840191   0  0 840 21
3 1268 4 840 44   0  0 840190
3 1282 36735 3867351846735  3
3 1289 35570 445570  75570181
3 1293 43163  43163  33163  2
3 1303 21460 30   0  01460  8
3 1309 32354 3423541742354  5
3 1309 42354 3623541742354  5
3 1313 36680 3066801716680  4
3 1318 25170 42   0  05170  7
3 1329 31612 3016121711612170
3 1336 42164 3921641712164  3
3 1337 21376 32   0  01376170
3 1339 25449 34   0  05449 31
3 1344 32591 352591  62591178
3 1355 55925 415925  85925170
3 1355 659251765925  85925170
3 1356 25287 34   0  05287177
3 1363 32299 342299  52299171
3 1363 42299 352299  52299171
3 1364 31121 3111211761121  3
3 1372 32304 3223041712304  4
3 1372 42304 3323041712304  4
3 1378 21633174   0  01633170
3 1378 31633175   0  01633170
3 1383 3 819 33 819  3 819172
3 1383 4 819 34 819  3 819172
3 1385 32397 37   0  02397173
3 1385 42397 38   0  02397173
3 1388 41810 43   0  01810  3
3 1390 3 620 37 620173 620  6
3 1390 4 620 39 620173 620  6
3 1391 4 620 33 620171 620  4
3 1391 5 620 35 620171 620  4
3 1392 32530 3725301812530  4
3 1392 42530 3825301812530  4
3 1396 3 777 31 777  5 777173
3 1398 355691805569  35569171
3 1398 455691815569  35569171
3 1404 36051183   0  06051  3
3 1404 46051185   0  06051  3
3 1407 36541 316541  46541179
3 1408 25922 40   0  05922192
3 1409 35774 325774 305774170
3 1409 45774 335774 305774170
3 1413 31192 3311921711192  3
3 1413 41192 3511921711192  3
3 1421 32515 4025151892515 30
3 1422 42352 312352  32352170
3 1422 52352 322352  32352170
3 1423 3 534 32 534171 534 31
3 1425 32848 39   0  02848 10
3 1425 42848 40   0  02848 10
3 1428 4 452 37 452 31 452177
3 1436 3 893 31 893  3 893170
3 1436 4 893 32 893  3 893170
3 1448 4   5 32   5  3   5170
3 1449 3  45 32  45178  45179
3 1450 32509 3725091742509  6
3 1450 42509 4225091742509  6
3 1458 32880 3028801772880  5
3 1458 42880 3128801772880  5
3 1460 25995 33   0  05995170
3 1460 45995 40   0  05995170
3 1468 3  61 35  61  3  61172
3 1469 3  89 35  89179  89 31
3 1474 26822173   0  06822  4
3 1484 42244 312244 212244170
3 1486 22128 32   0  02128171
3 1486 32128 33   0  02128171
3 1487 4 173 36 173171 173  5
3 1487 5 173 39 173171 173  5
3 1490 22848 37   0  02848176
3 1490 32848179   0  02848176
3 1491 32847 4028471762847 31
3 1493 31397 331397  41397171
3 1493 51397 371397  41397171
3 1500 21960178   0  01960177
3 1500 31960179   0  01960177
3 1508 3 266 35 266173 266 30
3 1509 2 935 30   0  0 935  4
3 1509 3 935 34   0  0 935  4
3 1513 26381178   0  06381176
3 1513 36381 38   0  06381176
3 1515 2 722 35 722180 722 32
3 1522 25995 43   0  05995  5
3 1522 35995 34   0  05995  5
3 1523 31663 4616631761663  6
3 1525 31839 361839 301839174
3 1525 51839 381839 301839174
3 1530 35922206   0  05922  7
3 1534 33397  33397  13397  2
3 1543 32672 3126721702672  5
3 1543 42672 3226721702672  5
3 1548 53282  53282  13282  3
3 1548 73282  73282  13282  3
3 1556 3267317426731722673  3
3 1563 3241117124111702411  4
3 1563 4241117224111702411  4
3 1564 52143 3221431702143  3
3 1600 3 377 30 377170 377  4
3 1600 4 377 31 377170 377  4
3 1602 42526 3325261712526  4
3 1604 33348  633481723348  5
3 1605 43176  43176  13176  2
3 1605 53176  53176  13176  2
3 1615 61802 33   0  01802170
3 1617 2 664 32   0  0 664175
3 1617 3 664 34   0  0 664175
3 1621 36112 3661122006112173
3 1621 46112 3561122006112173
3 1622 35621 345621  65621177
3 1627 322011732201  32201172
3 1627 42201 302201  32201172
3 1633 21610 31   0  01610 30
3 1636 3289317728931762893  3
3 1636 42893 3128931762893  3
3 1637 46801 396801 326801  3
3 1640 5 898 35 898185 898  5
3 1645 31955 301955  31955170
3 1646 55613 485613  35613172
3 1653 43021  43021  23021  1
3 1654 31210 3112101731210171
3 1663 55534 3255341705534 30
3 1664 35969 345969  55969174
3 1667 36765 3767651726765  6
3 1670 26519 38   0  06519 30
3 1670 36519 40   0  06519 30
3 1680 41522 3615221741522  8
3 1680 51522 4015221741522  8
3 1684 26396 30   0  06396  3
3 1684 36396 31   0  06396  3
3 1686 46250 3462501746250  7
3 1687 36210 3562101796210  6
3 1687 46210 376210  66210179
3 1690 31233 3412331731233 30
3 1690 41233 3512331731233 30
3 1694 32848 38   0  02848  6
3 1694 42848 43   0  02848  6
3 1700 3557617655761775576 30
3 1704 31213 3112131771213  4
3 1709 3  45 34  45184  45 30
3 1711 31954 301954  31954170
3 1711 41954 311954  31954170
3 1713 31954171   0  01954172
3 1713 41954 33   0  01954172
3 1714 31947 3019471701947  3
3 1715 32047 3020471702047  5
3 1715 42047 3120471702047  5
3 1718 32022 302022  32022170
3 1718 42022 312022  32022170
3 1719 26335 37   0  06335 31
3 1723 4 706177 706175 706  5
3 1724 32238 312238  32238170
3 1724 42238 332238  32238170
3 1728 21823 3418231761823171
3 1730 3  89 34  89170  89  3
3 1737 42271 3222711702271  3
3 1737 52271 3522711702271  3
3 1738 31142 3411421741142171
3 1738 41142 3311421741142171
3 1747 31682 3316821741682  4
3 1752 41613 3916131751613  7
3 1752 51613 4216131751613  7
3 1756 32251 3522511712251  3
3 1761 31399 371399  41399175
3 1761 41399 401399  41399175
3 1762 2 691 30   0  0 691171
3 1762 3 691 32   0  0 691171
3 1764 31919 43   0  01919175
3 1764 41919 45   0  01919175
3 1767 52250 442250  42250170
3 1771 2 704 30 704907 704  3
3 1771 3 704 31 704907 704  3
3 1780 56335 356335 326335  4
3 1780 66335 366335 326335  4
3 1782 36839 356839  86839172
3 1793 26765 33   0  06765  4
3 1793 36765 35   0  06765  4
3 1796 31732 30   0  01732  8
3 1796 41732 31   0  01732  8
3 1799 36822177   0  06822176
3 1799 46822 32   0  06822176
3 1800 3  90 30  90  4  90171
3 1812 45379 3253791715379174
3 1812 55379 3353791715379174
3 1814 32831 322831  42831171
3 1814 42831 332831  42831171
3 1818 22195181   0  02195180
3 1819 21399 36   0  01399  6
3 1821 2 452 38 452190 452 30
3 1823 41919 4419191741919  9
3 1823 51919 4619191741919  9
3 1827 32297 342297 302297174
3 1836 45613 4956131745613  8
3 1840 3 935 31 935176 935  3
3 1840 4 935 32 935176 935  3
3 1843 2 840 42   0  0 840 38
3 1846 3 495 35 495175 495 33
3 1846 4 495 34 495175 495 33
3 1853 22516 32   0  02516  4
3 1853 32516 33   0  02516  4
3 1859 42661 402661  52661176
3 1866 32055 3120551742055  5
3 1866 42055 3320551742055  5
3 1867 32055 342055  42055181
3 1874 31571 40   0  01571 32
3 1876 31908 32   0  01908174
3 1876 41908 33   0  01908174
3 1878 3  53 38  53215  53  9
3 1878 4  53 40  53215  53  9
3 1883 31695 46   0  01695 11
3 1887 31107 341107  71107175
3 1887 41107 351107  71107175
3 1889 2 654 32   0  0 654 30
3 1889 3 654 33   0  0 654 30
3 1890 63147  6   0  03147  2
3 1892 3 508 31 508172 508  4
3 1892 4 508 32 508172 508  4
3 1893 33161  33161  13161  2
3 1894 36707 34   0  06707  3
3 1902 32516 31   0  02516170
3 1903 21038 32   0  01038  3
3 1906 3 818 30 818171 818  4
3 1906 5 818 32 818171 818  4
3 1907 4 414 38 414172 414  5
3 1912 4 308 37   0  0 308  3
3 1914 2 844 32   0  0 844170
3 1914 3 844 33   0  0 844170
3 1920 3 922 36 922172 922  5
3 1921 41399 3813991771399  7
3 1921 51399 3913991771399  7
3 1923 45714 3257141755714  2
3 1923 55714 3357141755714  2
3 1925 319011721901  11901  2
3 1926 25814 39   0  05814 31
3 1926 45814186   0  05814 31
3 1929 22526 34   0  02526 30
3 1930 33345  3   0  03345  1
3 1930 53345  5   0  03345  1
3 1948 42053 312053  32053172
3 1953 3 856 35 856175 856  5
3 1953 4 856 38 856175 856  5
3 1959 32509 3925091762509  3
3 1959 42509 4125091762509  3
3 1965 32621 3426211742621 30
3 1968 3 673 32 673  1 673172
3 1968 4 673174 673  1 673172
3 1969 23205  232051703205  1
3 1975 25570 47   0  05570 31
3 1979 26780174   0  06780  6
3 1989 26229 31   0  06229  5
3 1989 36229 32   0  06229  5
3 1992 3 126 30 126177 126  3
3 1994 32515 3825151912515 31
3 1994 42515 4125151912515 31
3 1998 32848 3628481862848174
3 1998 4284817528481862848174
3 2004 21634 32   0  01634172
3 2004 31634 33   0  01634172
3 2007 33309  33309  13309  2
3 2007 43309  43309  13309  2
3 2012 3 220 30 220  2 220170
3 2013 21866 32   0  01866171
3 2016 31947 311947  41947171
3 2016 41947 321947  41947171
3 2020 25065 39   0  05065 34
3 2020 55065 45   0  05065 34
3 2022 3 941 37 941185 941 31
3 2022 4 941 39 941185 941 31
3 2025 51663 3716631701663  3
3 2030 45922 395922 105922194
3 2050 31621 311621  31621171
3 2050 41621 321621  31621171
3 2054 22594 30   0  02594  3
3 2068 35315 34   0  05315173
3 2068 55315 36   0  05315173
3 2069 32509 382509  42509173
3 2069 42509 402509  42509173
3 2070 32660 312660  32660172
3 2070 42660 322660  32660172
3 2074 21571 38   0  01571 30
3 2074 31571 39   0  01571 30
3 2075 21571 37   0  01571176
3 2076 2 840 41   0  0 840 32
3 2076 3 840 43   0  0 840 32
3 2087 26485 39   0  06485 30
3 2091 22032 4020329142032177
3 2091 32032 4120329142032177
3 2092 36212 35   0  06212  2
3 2092 46212 36   0  06212  2
3 2094 31222 3512221991222  5
3 2098 31613 361613  61613172
3 2098 41613 381613  61613172
3 2105 36093 36   0  06093  6
3 2109 32261 332261  42261172
3 2109 42261 342261  42261172
3 2110 52717 3327171742717  5
3 2111 41394 3613941731394  3
3 2111 51394 3813941731394  3
3 2113 45826 365826 335826175
3 2114 21411 44   0  01411 31
3 2120 3  39 31  39 30  39174
3 2123 25569 38   0  05569172
3 2123 35569 39   0  05569172
3 2133 42680 3226801712680  3
3 2135 26820 36   0  06820173
3 2135 36820 35   0  06820173
3 2146 32848 4128481842848 30
3 2146 42848 4228481842848 30
3 2149 31345 3413451781345  6
3 2152 32902 3029021702902  3
3 2152 52902 3329021702902  3
3 2153 41411 43   0  01411  4
3 2153 51411 45   0  01411  4
3 2164 3 699 35 699  5 699174
3 2164 4 699 36 699  5 699174
3 2165 4 771 32   0  0 771 30
3 2166 3 939 33 939171 939 31
3 2183 55623 495623  55623172
3 2184 3 257 37   0  0 257174
3 2184 5 257 39   0  0 257174
3 2188 25995 42   0  05995 30
3 2188 35995 44   0  05995 30
3 2190 32860 3128601712860  6
3 2190 42860 3228601712860  6
3 2191 3 625 31 625175 625  5
3 2191 4 625 32 625175 625  5
3 2192 21839 3418391751839 31
3 2192 31839 3518391751839 31
3 2194 32816 3328161712816  4
3 2200 31695 4816952091695210
3 2202 25922204   0  05922 38
3 2202 35922205   0  05922 38
3 2204 33024  33024  13024  2
3 2206 3  61 32  61171  61  5
3 2206 5  61 34  61171  61  5
3 2210 32478 3124781702478  3
3 2211 35287 35   0  05287178
3 2211 45287 36   0  05287178
3 2213 25287 3252871975287173
3 2215 32727 352727 212727171
3 2215 42727 362727 212727171
3 2218 368221756822  66822174
3 2220 26845 41   0  06845  7
3 2222 46845 37   0  06845  5
3 2222 56845 39   0  06845  5
3 2227 22852 41   0  02852172
3 2227 42852 49   0  02852172
3 2228 33422  3   0  03422  1
3 2230 31131 32   0  01131173
3 2230 51131 34   0  01131173
3 2233 4 976 33 976180 976172
3 2237 32410 3124101702410  3
3 2237 42410 3224101702410  3
3 2238 32410 3324101712410 30
3 2241 2 728 33 728180 728 30
3 2242 36210 366210  36210 30
3 2246 25559 36   0  05559172
3 2248 25292 39   0  05292  9
3 2255 3 817 32 817  3 817170
3 2258 41822 341822  51822171
3 2267 26655 36   0  06655  3
3 2267 36655 37   0  06655  3
3 2269 25959 36   0  05959  7
3 2272 31901 3119011791901 30
3 2277 33349  33349  23349  1
3 2277 43349  43349  23349  1
3 2285 32590 4025901752590 32
3 2285 42590 4325901752590 32
3 2290 31898 3018981741898  3
3 2300 4556919755691955569177
3 2303 35813 34   0  05813  6
3 2303 45813 35   0  05813  6
3 2305 32509 432509  52509177
3 2309 32326 36   0  02326 35
3 2309 42326 37   0  02326 35
3 2314 3 899 32   0  0 899  2
3 2324 36571177   0  06571176
3 2324 46571 38   0  06571176
3 2329 2 961 36 961179 961 31
3 2337 36707 3367079086707909
3 2339 42311 3223111702311  3
3 2339 52311 3423111702311  3
3 2344 31959 321959  41959171
3 2345 4 114 34 114 21 114170
3 2350 36368 346368  16368  4
3 2354 21399 35   0  01399174
3 2355 31468 3514681751468  6
3 2369 317831701783  11783  2
3 2369 41783 301783  11783  2
3 2375 41914 3219141701914  3
3 2377 35613 435613 105613178
3 2378 56560181   0  06560170
3 2381 3 910 36 910  7 910174
3 2391 321081782108  42108177
3 2391 421081792108  42108177
3 2393 3270418527041842704  3
3 2393 4270418627041842704  3
3 2396 36765 3667651736765  5
3 2398 26485181   0  06485180
3 2399 46545178   0  06545  6
3 2401 43365  43365  13365  2
3 2401 53365  53365  13365  2
3 2408 25938 33   0  05938 31
3 2408 35938 34   0  05938 31
3 2420 4 998 32 998  3 998170
3 2420 5 998 33 998  3 998170
3 2430 3 915 33 915  3 915172
3 2430 4 915 35 915  3 915172
3 2434 4 856 34   0  0 856  4
3 2434 5 856 36   0  0 856  4
3 2438 32175 322175  42175171
3 2438 42175 332175  42175171
3 2444 25640 33   0  05640 32
3 2444 45640 35   0  05640 32
3 2455 2 838 30   0  0 838  3
3 2455 3 838 31   0  0 838  3
3 2458 32432 4724321812432 34
3 2458 42432 5424321812432 34
3 2463 35230 39   0  05230178
3 2465 46735 436735 396735  7
3 2465 56735 456735 396735  7
3 2471 32299 332299  42299172
3 2471 42299 362299  42299172
3 2472 3 344 33 344  4 344178
3 2472 4 344 34 344  4 344178
3 2473 3241117324111752411 30
3 2473 4241117424111752411 30
3 2476 42783 3127831702783  3
3 2477 35442178   0  05442 31
3 2479 25133 34   0  05133 31
3 2479 35133 35   0  05133 31
3 2482 25542 32   0  05542  2
3 2484 32717 3427171722717  6
3 2484 42717 3627171722717  6
3 2489 32199 352199 312199180
3 2489 42199 362199 312199180
3 2492 32197 3121971742197 30
3 2492 42197 3221971742197 30
3 2497 31985 301985  41985172
3 2498 3 655 30 655  3 655172
3 2498 4 655 31 655  3 655172
3 2501 3 673 33 673  2 673 30
3 2510 33332  33332  13332  2
3 2510 43332  43332  13332  2
3 2511 33333  33333  13333  2
3 2512 33416  33416  13416  2
3 2513 33336  33336  23336  1
3 2513 53336  53336  23336  1
3 2530 3 180 30 180  3 180171
3 2530 5 180 32 180  3 180171
3 2533 21679 30   0  01679  4
3 2534 36698 3366981736698  4
3 2536 31098 3210981751098 30
3 2536 41098 3310981751098 30
3 2537 3 931 32 931172 931 30
3 2537 4 931 33 931172 931 30
3 2540 3 634 32 634175 634  7
3 2540 5 634 31 634175 634  7
3 2543 31970 3219701821970  5
3 2549 33032  330321713032  1
3 2552 3 613 31 613174 613  5
3 2554 4 391 31 391172 391  3
3 2559 36577 406577  46577183
3 2560 35922208   0  05922210
3 2560 55922 43   0  05922210
3 2562 33397  733971703397  6
3 2565 36545 3765451776545  7
3 2565 46545 4065451776545  7
3 2571 35570 41   0  05570  5
3 2572 31731 3217311741731  4
3 2572 51731 3517311741731  4
3 2574 26845 35   0  06845  6
3 2574 36845 38   0  06845  6
3 2576 3  47 40  47176  47 32
3 2577 23056  330561703056  1
3 2579 32852 5028521832852 33
3 2581 22492 30   0  02492170
3 2585 31184 391184  71184174
3 2585 41184 411184  71184174
3 2587 31494 321494  41494175
3 2587 41494 311494  41494175
3 2590 41222 3412221741222  4
3 2590 5122218512221741222  4
3 2599 33127  3   0  03127  2
3 2599 43127  4   0  03127  2
3 2601 42601 3426011762601171
3 2601 52601 3626011762601171
3 2607 3 656 33 656173 656  5
3 2607 4 656 34 656173 656  5
3 2609 33204  33204  13204  2
3 2609 43204  43204  13204  2
3 2610 33360  233601703360  1
3 2610 43360  333601703360  1
3 2612 43331  6   0  03331  1
3 2612 63331  8   0  03331  1
3 2614 53111  431111703111  1
3 2614 63111  531111703111  1
3 2620 33144  33144  13144  2
3 2621 33121  43121  23121  1
3 2623 25684 395684  45684  1
3 2627 35576 3855761795576 31
3 2630 42250 412250  52250173
3 2631 41164 331164  31164173
3 2638 4 952 32 952170 952  3
3 2639 46790 356790  46790171
3 2639 56790 366790  46790171
3 2640 25306 32   0  05306  1
3 2644 361201966120  16120193
3 2645 51787 351787  31787171
3 2654 26335 38   0  06335  6
3 2674 31798 3917981901798 34
3 2678 31763 3517631791763  6
3 2678 41763 3617631791763  6
3 2679 32852 522852 302852184
3 2679 42852 542852 302852184
3 2680 31522 371522  31522171
3 2686 22701 43   0  02701  4
3 2686 32701 47   0  02701  4
3 2696 3 922 35 922173 922 30
3 2697 3 922 31 922171 922  4
3 2697 4 922 34 922171 922  4
3 2703 33302  33302  13302  2
3 2703 43302  43302  13302  2
3 2709 31169 3011691761169  3
3 2709 41169 3111691761169  3
3 2715 32657 3726571712657  7
3 2716 45281 3252811705281  3
3 2718 25290 34   0  05290  7
3 2722 3 319 32 319172 319  3
3 2724 4 856 33 856172 856  3
3 2728 41893 34   0  01893173
3 2728 51893 35   0  01893173
3 2734 31286 3212861711286  4
3 2744 2604117360411836041170
3 2744 36041174   0  06041  3
3 2745 36287 41   0  06287170
3 2754 31684 3616841761684  5
3 2754 41684 3716841761684  5
3 2757 53171  53171  13171  2
3 2758 31905 331905  41905173
3 2766 5219517821951742195  5
3 2769 31960 321960  11960171
3 2772 31516 311516  41516170
3 2772 41516 331516  41516170
3 2779 36191 306191  16191  2
3 2780 3 762 31 762170 762  4
3 2782 3 459 31 459  4 459170
3 2787 31695 5016951931695 10
3 2789 3521919352191955219 30
3 2789 55219 3552191955219 30
3 2790 26616 33   0  06616172
3 2790 36616 35   0  06616172
3 2791 31799 38   0  01799  6
3 2791 41799 39   0  01799  6
3 2793 55926 3659261715926  3
3 2794 33409  33409  13409  2
3 2794 43409  43409  13409  2
3 2795 35425 3354251715425  3
3 2795 45425 3454251715425  3
3 2796 33437  33437  13437  2
3 2796 73437  73437  13437  2
3 2801 3  18 38  18193  18170
3 2802 3  18 39  18183  18 31
3 2802 4  18 40  18183  18 31
3 2804 35635 39   0  05635  2
3 2804 45635180   0  05635  2
3 2809 322761712276  12276170
3 2811 3 649 32 649171 649 30
3 2811 4 649 33 649171 649 30
3 2812 33034  43034  13034  2
3 2813 31905 311905  51905172
3 2813 41905 321905  51905172
3 2814 4 823 33 823171 823  4
3 2815 33323  33323  13323  2
3 2815 43323  43323  13323  2
3 2819 31624 3616241771624  3
3 2819 41624 3716241771624  3
3 2820 21061 30   0  01061  4
3 2820 31061 32   0  01061  4
3 2823 2 209 30   0  0 209170
3 2826 41805175   0  01805  2
3 2827 36438 32   0  06438 30
3 2830 32655 332655 302655173
3 2832 25656 4556561845656171
3 2833 36217 34   0  06217  3
3 2837 33386  33386  13386  2
3 2837 43386  43386  13386  2
3 2839 31697 4616971901697 37
3 2839 41697 4716971901697 37
3 2844 36546 366546  56546182
3 2845 45926 3259261735926  5
3 2845 55926 3459261735926  5
3 2846 26231 406231  86231 31
3 2847 33367  33367  13367  2
3 2847 43367  43367  13367  2
3 2849 33221  332211703221  2
3 2849 53221  532211703221  2
3 2850 33232  43232  13232  2
3 2850 43232  53232  13232  2
3 2851 32722 3127221712722  3
3 2854 36030 38   0  06030178
3 2855 31290 3412901741290 21
3 2855 41290 3512901741290 21
3 2860 4 633 41 633183 633 30
3 2860 5 633 42 633183 633 30
3 2861 42897 3328971702897  4
3 2862 33124  33124  13124  2
3 2863 32645 302645  12645171
3 2864 31917 3019171731917  4
3 2866 3 656 31 656172 656  4
3 2866 5 656 35 656172 656  4
3 2869 4 750 34 750 30 750174
3 2870 26655 38   0  06655  2
3 2870 36655 39   0  06655  2
3 2875 3 699 33 699175 699  4
3 2875 4 699 34 699175 699  4
3 2877 25625 32   0  05625170
3 2878 35619 3756191715619  5
3 2882 3 814 32   0  0 814 30
3 2886 26436 4664361706436 31
3 2886 36436 4864361706436 31
3 2888 31663 4016631781663  9
3 2888 41663 4216631781663  9
3 2889 41823 331823  31823170
3 2893 45940 32   0  05940  3
3 2898 21697 4516971981697176
3 2900 36577 3865771746577  7
3 2901 35921 325921  45921172
3 2904 4 821 31 821 21 821170
3 2905 35230 4152301945230  6
3 2907 26161 31   0  06161  4
3 2908 353661935366 135366192
3 2908 553661955366 135366192
3 2909 26485178   0  06485177
3 2909 46485 41   0  06485177
3 2914 45446 3254461705446  3
3 2916 35573 43   0  05573  8
3 2917 36231 4162311836231 33
3 2918 26161 32   0  06161  7
3 2918 36161 33   0  06161  7
3 2923 25874179   0  05874 30
3 2925 22786 322786 312786  6
3 2925 32786 342786 312786  6
3 2926 36826 33   0  06826  7
3 2931 25314 375314  25314 30
3 2931 35314 385314  25314 30
3 2939 3 228 31 228  3 228172
3 2942 2 311 32   0  0 311  3
3 2942 3 311 33   0  0 311  3
3 2945 3   7 39   0  0   7171
3 2945 4   7 40   0  0   7171
3 2950 26635 536635  56635 32
3 2952 33123  33123  13123  2
3 2953 31917 311917  31917172
3 2953 41917 331917  31917172
3 2955 3521617152161725216  3
3 2956 3 725 31 725178 725177
3 2959 3 674 30 674170 674  5
3 2961 33061  33061  13061  2
3 2961 43061  43061  13061  2
3 2964 31700 3917009201700175
3 2965 36028180   0  06028  8
3 2965 46028181   0  06028  8
3 2968 41926 3119261701926  3
3 2968 51926 3319261701926  3
3 2969 25464183   0  05464184
3 2969 35464 43   0  05464184
3 2970 35464 4154641855464 32
3 2972 51920 3219201701920  3
3 2972 61920 3319201701920  3
3 2979 36200 39   0  06200 10
3 2980 35819 345819 315819  5
3 2981 25429 315429  65429  8
3 2981 35429 325429  65429  8
3 2982 25136 40   0  05136 11
3 2982 35136 41   0  05136 11
3 2992 32080 312080  32080170
3 2992 42080 322080  32080170
3 2993 22250 4222501872250  6
3 3000 36605 37   0  06605 12
3 3000 46605 38   0  06605 12
3 3011 23352  3   0  03352  2
3 3012 3 913 31 913  5 913173
3 3017 5 751 35 751184 751172
3 3018 3 751 39 751178 751 30
3 3021 3 880 30 880  3 880175
3 3021 4 880 31 880  3 880175
3 3024 3 796 33 796172 796  4
3 3024 4 796 34 796172 796  4
3 3029 3610318061031786103  5
3 3030 45825 3058251755825  2
3 3030 55825 3158251755825  2
3 3032 22509 36   0  02509170
3 3034 25990 37   0  05990  4
3 3036 35898 3458981705898  3
3 3036 45898 3758981705898  3
3 3038 65613 445613  45613170
3 3040 35623 46   0  05623  7
3 3042 32485 3224851712485  3
3 3046 42890 3128901742890  5
3 3049 26381 40   0  06381184
3 3051 26024 33   0  06024  2
3 3052 32432 42   0  02432190
3 3052 52432 53   0  02432190
3 3056 45017 325017  35017171
3 3059 56041 35   0  06041171
3 3059 66041 39   0  06041181
3 3060 26287 42   0  06287 33
3 3060 36287 43   0  06287 33
3 3061 32392 3323921722392  4
3 3061 42392 3523921722392  4
3 3063 36485 366485  46485172
3 3067 25635183   0  05635  3
3 3078 35849 43   0  05849  8
3 3086 3 922 32 922  3 922170
3 3086 4 922 33 922  3 922170
3 3089 46361 3363611736361  3
3 3089 56361 3463611736361  3
3 3091 3 783 31 783  4 783171
3 3092 31000 3410001721000  4
3 3092 41000 3510001721000  4
3 3097 45363 3353631715363  3
3 3100 32524 3125241752524171
3 3105 3 868 37 868  3 868181
3 3108 468011856801 356801172
3 3111 46103 3861031816103  7
3 3111 56103 4061031816103  7
3 3112 3 866 32   0  0 866  4
3 3112 4 866 33   0  0 866  4
3 3121 46765 3267651706765  7
3 3121 56765 3467651706765  7
3 3122 35451 305451  35451171
3 3123 33368  73368  33368  6
3 3123 43368  83368  33368  6
3 3124 33441  33441  13441  2
3 3124 53441  53441  13441  2
3 3126 26820 346820 306820  2
3 3132 35015 35   0  05015  3
3 3134 21701 34   0  01701  3
3 3138 3 775 31 775  5 775172
3 3139 51919 371919  41919172
3 3139 61919 381919  41919172
3 3145 3 713 37 713  6 713176
3 3146 23105  3   0  03105  2
3 3146 33105  4   0  03105  2
3 3157 26736 4067361906736184
3 3159 25539 36   0  05539  6
3 3159 35539 39   0  05539  6
3 3160 3553918455391925539  3
3 3160 4553918755391925539  3
3 3166 3 510 31 510170 510 30
3 3170 32117 3021171702117  3
3 3170 42117 3121171702117  3
3 3174 25990180   0  05990 31
3 3177 21572 41   0  01572  4
3 3180 31663 3816631801663  8
3 3181 31845 301845  31845170
3 3181 41845 3118451701845  3
3 3187 25366 49   0  05366 32
3 3188 33378  33378  13378  2
3 3188 43378  43378  13378  2
3 3190 25872 4158729215872 31
3 3194 25314 35   0  05314172
3 3194 35314 36   0  05314172
3 3202 3289718028971892897179
3 3208 36358 436358  46358170
3 3209 25849 47   0  05849 31
3 3212 45553 315553  45553171
3 3213 46093 38   0  06093 11
3 3213 56093 41   0  06093 11
3 3214 3618717861871736187 10
3 3214 4618717961871736187 10
3 3228 46365 4963651776365 11
3 3228 56365 5063651776365 11
3 3229 36853 3268531736853 30
3 3230 3 626 44   0  0 626 34
3 3230 4 626 47   0  0 626 34
3 3234 32109 3021091742109  2
3 3234 42109 3121091742109  2
3 3236 55048 39   0  05048  4
3 3237 46801 406801  46801170
3 3237 56801 336801  46801170
3 3239 32577 302577  32577173
3 3239 42577 312577  32577173
3 3240 35899 31   0  05899  3
3 3240 45899 32   0  05899  3
3 3244 45066 3950661785066  6
3 3244 55066 4050661785066  6
3 3246 4506618150661705066  3
3 3263 31298 3112981711298  5
3 3263 41298 3312981711298  5
3 3268 46358 3863581716358  6
3 3270 4 773 36 773172 773  4
3 3270 5 773 37 773172 773  4
3 3274 3 634 34 634173 634  6
3 3282 25706209   0  05706  3
3 3284 42461 322461 302461174
3 3284 52461 332461 302461174
3 3286 46217 3562171766217172
3 3286 56217 3662171766217172
3 3287 33045  33045  13045  2
3 3287 43045  43045  13045  2
3 3293 32898 31   0  02898  2
3 3294 22898 3228989172898170
3 3295 31542 331542  31542176
3 3295 41542 351542  31542176
3 3297 25885 33   0  05885174
3 3299 32726 3027261702726  3
3 3299 42726 3127261702726  3
3 3302 41697 481697  51697172
3 3303 51695 451695  31695181
3 3305 35612 3956129135612183
3 3305 45612 4056129135612183
3 3306 33373  33373  13373  2
3 3306 43373  43373  13373  2
3 3309 455702005570 305570198
3 3309 555702015570 305570198
3 3310 3  18189  18 21  18173
3 3312 26820 376820  26820 30
3 3313 4  18 41  18 35  18185
3 3316 22672 30   0  02672171
3 3318 46843 326843  26843173
3 3322 45314 3453141715314  5
3 3323 31335 531335 311335179
3 3323 41335 541335 311591171
3 3324 31335 561335 351335183
3 3328 31701 351701 301701178
3 3328 41701 361701 301701178
3 3338 23116  2   0  03116  1
3 3344 32642 3226421802642 30
3 3346 41932 351932  51932173
3 3350 42088 3120881732088  4
3 3352 43191  43191  13191  2
3 3353 35393 375393  55393 30
3 3357 45539 375539 345539  7
3 3357 55539 405539 345539  7
3 3358 45626 345626  75626170
3 3360 36553 3065531726553  4
3 3360 4655317165531726553  4
3 3363 31608 32   0  01608 30
3 3363 41608 33   0  01608 30
3 3364 3 751 37 751186 751 31
3 3364 4 751 38 751186 751 31
3 3367 26232 39   0  06232  7
3 3368 41866 331866  31866170
3 3375 36436 4764361926436 33
3 3376 46740 3467401726740  3
3 3378 32474 342474 302474171
3 3379 356141805614  35614177
3 3383 45299 4152991725299  9
3 3393 32210 3322101742210 30
3 3393 42210 3522101742210 30
3 3397 22272 33   0  02272  3
3 3398 31597 3015971701597  3
3 3398 41597 3115971701597  3
3 3399 31762 40   0  01762176
3 3399 41762 42   0  01762  6
3 3408526843 34   0  06843  6
3 3417 31014 3210141701014 30
3 3426 32017 322017  32017172
3 3429 360771766077  46077174
3 3430 26370 37   0  06370 33
3 3430 36370 39   0  06370 33
3 3434 36853 33   0  06853  3
3 3436 4235517623551792355174
3 3436 52355 3323551792355174
3 3437 32054 3020541702054  3
3 3437 42054 3120541702054  3
3 3438 32205 3222051722205  5
3 3442 42753 342753  52753172
3 3443 52753 3527531732753  4
3 3446 35991 3359911715991  2
3 3446 45991 3459911715991  2
3 3447 26740 33   0  06740  4
3 3447 36740 35   0  06740  4
3 3451 31572 3815721741572  5
3 3451 41572 4015721741572  5
3 3464 35397 3353971735397  5
3 3464 45397 3453971735397  5
3 3466 3 835 30 835  4 835173
3 3466 4 835 31 835  4 835173
3 3477 3 203 31 203172 203  5
3 3477 5 203 33 203172 203  5
3 3481 3 597 35 597  5 597176
3 3481 4 597 36 597  5 597176
3 3485 31930 3419301721930  5
3 3485 41930 3519301721930  5
3 3489 31915 301915  41915171
3 3489 41915 311915  41915171
3 3492 3 698 34 698172 698  7
3 3492 4 698 35 698172 698  7
3 3493 25683 42   0  05683 31
3 3498 25479 31   0  05479 30
3 3502 31697 441697 421697  6
3 3503 5 686 36 686171 686 33
3 3504 33091  33091  13091  2
3 3504 43091  43091  13091  2
3 3506 33196  33196  13196  2
3 3506 63196  63196  13196  2
3 3510 31541 36   0  01541171
3 3510 41541 38   0  01541171
3 3518 21568 3415681841568 32
3 3525 36361 3063611726361  6
3 3530 31879 3218791741879175
3 3530 41879 3318791741879175
3 3533 41805 331805  41805174
3 3533 51805 341805  41805174
3 3540 3505719650571945057  4
3 3540 45057 4750571945057  4
3 3541 3 664 30 664174 664  8
3 3541 4 664 35 664174 664  8
3 3542 26232 47   0  06232 32
3 3542 36232 48   0  06232 32
3 3543 3 221 32 221 31 221171
3 3545 3587117158711705871  6
3 3555 36522 32   0  06522  1
3 3565 3 178 33 178  4 178171
3 3565 4 178 34 178  4 178171
3 3567 43380  43380  13380  2
3 3567 53380  53380  13380  2
3 3568 25416 3554161745416  6
3 3570 25424 33   0  05424 30
3 3570 35424 34   0  05424 30
3 3572 3 946 30 946  1 946172
3 3575 43125  43125  13125  2
3 3575 53125  53125  13125  2
3 3577 36357 3563571836357 31
3 3581 322821782282  32282177
3 3583 31627 3216271701627 30
3 3585 55801 355801 325801  4
3 3586 31837 341837  61837172
3 3586 41837 351837  61837172
3 3589 45057 42   0  05057  8
3 3589 55057 45   0  05057  8
3 3597 3246117324611722461  4
3 3600 4 548 36 548  8 548175
3 3601 42731 35   0  02731  1
3 3604 42731 3627311762731  4
3 3604 527311752731  12731  4
3 3605 45990177   0  05990  3
3 3605 55990178   0  05990  3
3 3607 36414173   0  06414  1
3 3608 26867201   0  06867200
3 3608 36867 34   0  06867200
3 3611 55478 335478  35478170
3 3616 46872 316872  26872170
3 3620 31306 3113061701306  3
3 3621 32640 3026401712640  4
3 3628 3 711 30 711  2 711  3
3 3628 4 711 31 711  2 711  3
3 3629 42016 31   0  02016  4
3 3633 33025  33025  13025  2
3 3633 43025  43025  13025  2
3 3638 43371  43371  13371  2
3 3638 53371  53371  13371  2
3 3641 43197  53197  13197  2
3 3644 3 573 33 573171 573  4
3 3644 4 573 35 573171 573  4
3 3645 35872 375872 345872  6
3 3647 62907 38   0  02907  9
3 3649 36826 3268261786826  6
3 3652 35430 4654302025430 30
3 3652 45430 5354302025430 30
3 3653 35812 595812  55812171
3 3654 25447 32   0  05447 30
3 3654 35447 33   0  05447 30
3 3656 26053 34   0  06053175
3 3657 25082 30   0  05082  3
3 3659 56053 356053  66053177
3 3659 66053 376053  66053177
3 3660 35476 305476  25476171
3 3663 41335 481335  91335174
3 3665 41591 331591  31591171
3 3665 51591 341591  31591171
3 3668 42302 4723021842302 11
3 3668 52302 5123021842302 11
3 3671 45655 3556551975655171
3 3675 31568 331568  31568173
3 3679 26368 33   0  06368178
3 3679 36368180   0  06368178
3 3680 3 897 35 897170 897  4
3 3682 36357 3463571826357  3
3 3693 43115  43115  13115  2
3 3697 41000 3310001701000  3
3 3710 3 713184 713190 713183
3 3713 32639 3026391722639  3
3 3716 32125 3121251702125  6
3 3716 42125 3421251702125  6
3 3717 32125 3021251712125  4
3 3717 42125 3221251712125  4
3 3719 51274 3312741721274  3
3 3722 3539317953931825393171
3 3728 4 970 32 970170 970  3
3 3730 31072 311072  31072170
3 3730 41072 321072  31072170
3 3737 56499 34   0  06499170
3 3738 35299 4352991735299  8
3 3738 85299 5052991735299  8
3 3739 56624 34   0  06624  3
3 3740 35683183   0  05683  7
3 3741 46864 3568641736864  3
3 3742 35069 375069 355069  4
3 3742 45069 38   0  05069 31
3 3743 25055 37   0  05055 31
3 3743 35055 38   0  05055 31
3 3747 33019  33019  13019  2
3 3750 35643 3156431705643  6
3 3750 45643 3056431705643  6
3 3754 41292 3212921761292  4
3 3758 31928 301928  41928171
3 3760 51368 3213681741368172
3 3765 35403 305403  55403171
3 3765 454031745403  55403171
3 3769 46724 40   0  06724  8
3 3770 5122218912221861222  3
3 3772 3 327 33 327 31 327172
3 3775 26152 30   0  06152  2
3 3776 35678 375678  45678172
3 3776 55678 395678  45678172
3 3777 36626 3466261736626  3
3 3784 32506178   0  02506  3
3 3800 3  50 34  50170  50  5
3 3800 4  50 35  50170  50  5
3 3809 36216 306216  26216  3
3 3811 45706 3957061995706  9
3 3812 35259 39   0  05259 10
3 3814 32461 31   0  02461  3
3 3821 56103 3961031716103  3
3 3821 66103 4161031716103  3
3 3825 35683 41   0  05683  8
3 3825 45683 4356839485683  8
3 3828 46024 34   0  06024  3
3 3828 56024 35   0  06024  3
3 3832 2136817513681821368  1
3 3834 63376  63376  13376  2
3 3834 73376  73376  13376  2
3 3837 35635 4356351895635190
3 3840 31547 3115471701547  3
3 3840 41547 3315471701547  3
3 3841 46375 3363751726375 30
3 3841 56375 3463751726375 30
3 3843 21682 34   0  01682175
3 3843 31682 35   0  01682175
3 3846 31591 351591  51591172
3 3846 41591 361591  51591172
3 3848 5230219423021742302  8
3 3849 3 674 31 674  3 674171
3 3855 23320  233209013320900
3 3856 31045 3110451711045 30
3 3857 26370 386370  56370 31
3 3857 36370 426370  56370 31
3 3861 33178  33178  63178  2
3 3861 53178  53178  63178  2
3 3865 45057 41   0  05057 15
3 3865 55057 44   0  05057 15
3 3868 25539 38   0  05539  4
3 3869 36549 3065491736549  4
3 3869 46549 3165491736549  4
3 3871 32237 322237  32237172
3 3877 45994 3259941715994  6
3 3879 36738 34   0  06738  3
3 3882 32060 3020601702060  3
3 3891 45570 4255701805570 11
3 3891 55570 4355701805570 11
3 3892 42434 3224341832434  3
3 3893 22207 3022071742207 21
3 3893 32207 3122071742207 21
3 3894 41092 3210921701092  3
3 3894 51092 3410921701092  3
3 3896 26086 30   0  06086  1
3 3897 36626 3766261806626  7
3 3898 26086 31   0  06086  3
3 3899 42302 432302  62302189
3 3902 31559 301559  31559170
3 3903 321381762138  52138175
3 3908 32717 382717  42717173
3 3909 51919 401919  31919170
3 3916 25350178   0  05350 30
3 3916 35350 37   0  05350 30
3 3921 32176 312176  42176175
3 3921 42176 322176  42176175
3 3922 4 677 34 677  5 677172
3 3923 36154 3361541746154  3
3 3925 3 863 34 863173 863  6
3 3925 4 863 35 863173 863  6
3 3927 31285 3012851711285  5
3 3927 41285 3212851711285  5
3 3934 33229  33229  13229  2
3 3934 43229  43229  13229  2
3 3936 46724 34   0  06724170
3 3936 56724 35   0  06724170
3 3939 31298 3212981771298172
3 3941 52801 352801  42801171
3 3942 32707 432707  72707179
3 3942 42707 442707  72707179
3 3944 31485 3314851711485  3
3 3944 41485 3414851711485  3
3 3951 32615 46   0  02615174
3 3952 31434 3514341701434 32
3 3954 45264 3152641705264  4
3 3954 55264 3252641705264  4
3 3955 25350 3953501815350 31
3 3958 22198 31   0  02198171
3 3963 3284617628461752846  6
3 3963 4284617728461752846  6
3 3965 3 677 37 677187 677182
3 3969 25676 34   0  05676176
3 3980 31762 4117621781762 32
3 3980 41762 4317621781762 32
3 3982 43085  430851703085  2
3 3986 6 687171 687170 687  3
3 3989 3 280 32 280  4 280172
3 3989 4 280 33 280  4 280172
3 3991 33094  33094  13094  2
3 3991 43094  43094  13094  2
3 3992 33238  33238  13238  2
3 3992 43238  43238  13238  2
3 3993 33242  33242  13242  2
3 3993 43242  43242  13242  2
3 4004 35499 3654991835499182
3 4005 41684 3416841731684  6
3 4005 51684 3516841731684  6
3 4007 35274 31   0  05274  4
3 4007 45274 32   0  05274  4
3 4008 42852 4628521902852  6
3 4008 62852 5328521902852  6
3 4009 42643 3226431722643  3
3 4014 3672420467241856724 31
3 4028 32302 5323022022302 32
3 4029 22302 4823022162302201
3 4031 3 564 34 564  3 564 32
3 4040 31221 331221  31221170
3 4040 41221 341221  31221170
3 4041 3 691 36 691  5 691176
3 4046 32822 322822 302822175
3 4050 41925 3119251701925  1
3 4051 41445 351445  71445173
3 4051 51445 371445  71445173
3 4053 31096 33   0  01096174
3 4060 3104819410482081048191
3 4060 4104819510482081048191
3 4061 41048185   0  01048  4
3 4066 31915 3219151751915  5
3 4071 26436 49   0  06436 36
3 4073 45488 3154881735488  7
3 4075 326031792603  72603177
3 4075 42603 332603  72603177
3 4092 31762 4417621811762 30
3 4093 25034 42   0  05034170
3 4093 35034 43   0  05034170
3 4096 32108 3321081732108  5
3 4096 42108 3421081732108  5
3 4097 42680 332680  52680174
3 4097 52680 342680  52680174
3 4106 31807 351807  51807170
3 4113 25126 35   0  05126  1
3 4121 2 897 34   0  0 897  6
3 4128 4 630 33 630 21 630171
3 4130 32030 412030  52030175
3 4132 35335 355335  55335  4
3 4132 45335 365335  55335  4
3 4136 3 713 39 713185 713 33
3 4139 32285 362285  42285175
3 4139 42285 372285  42285175
3 4140 42532 3125321702532  3
3 4140 52532 3225321702532  3
3 4141 3 782171 782170 782  3
3 4145 32353 302353  32353171
3 4145 52353 352353  32353171
3 4150 3 749 35 749181 749173
3 4151 32198 3321981742198  5
3 4155 72443 332443  22443175
3 4160 41150172   0  01150170
3 4161 45916 3859161765916  8
3 4162 31695 641695  11695  2
3 4163 31762 451762 311762180
3 4166 42225 3322251732225170
3 4169 3 368 32 368  3 368170
3 4170 36157 3161571736157  3
3 4179 25771 305771  35771170
3 4182 45814184   0  05814  5
3 4182 55814185   0  05814  5
3 4183 22004 35   0  02004177
3 4183 32004 36   0  02004177
3 4184 32435 322435  52435172
3 4184 42435 342435  52435172
3 4186 46170 336170  66170171
3 4186 56170 346170  66170171
3 4187 25308 32   0  05308  4
3 4191 4 909 32 909170 909  3
3 4192 3 908 36 908177 908  6
3 4192 4 908 37 908177 908  6
3 4194 3275617327561722756  3
3 4194 42756 3427561722756  3
3 4203 3 354 31   0  0 354171
3 4206 36625 336625 216625170
3 4210 31260 4312601711260 39
3 4211 33291  3   0  03291  2
3 4212 2 106 31   0  0 106173
3 4212 3 106 32   0  0 106173
3 4214 3 355 31 355174 355  3
3 4216 35012 38   0  05012183
3 4216 45012 39   0  05012183
3 4220 32569 37   0  02569 31
3 4220 42569 38   0  02569 31
3 4221 42302 50   0  02302173
3 4226 31786 4817861851786  3
3 4227 32240175   0  02240 30
3 4230 3 323 34 323  5 323173
3 4231 2 783 32   0  0 783  3
3 4237 35610 3156101735610  3
3 4237 45610 3256101735610  3
3 4242 32055 3020551752055  3
3 4242 42055 3220551752055  3
3 4247 41859 331859  41859171
3 4251 2 846 30   0  0 846  6
3 4251 3 846 45   0  0 846  6
3 4257 3 639 32 639186 639175
3 4258 2 702 32   0  0 702 30
3 4259 25495 325495  25495 30
3 4259 35495 345495  25495 30
3 4262 31695 5416952081695 34
3 4265 45034 4050341745034  5
3 4268 33070  33070  13070  2
3 4271 31965 3119651711965  5
3 4274 25366 48   0  05366 33
3 4278 26546 34   0  06546  9
3 4278 36546 37   0  06546  9
3 4279 56041 36   0  06041181
3 4280 33375  5   0  03375170
3 4283 22271 34   0  02271  5
3 4285 3  47 35  47174  47 31
3 4285 4  47 39  47174  47 31
3 4289 56064 37   0  06064  4
3 4289 66064 38   0  06064  4
3 4291 21505 30   0  01505  4
3 4292 26434 30   0  06434170
3 4305 32897 3228971712897  3
3 4305 42897 3428971712897  3
3 4307 32129 352129  32129183
3 4310 31917 3219171741917  5
3 4310 41917 3419171741917  5
3 4318 26607180   0  06607  8
3 4319 46635 526635  66635176
3 4321 5 729 41 729188 729  6
3 4321 6 729 43 729188 729  6
3 4327 42615 4726151762615  7
3 4327 52615 4926151762615  7
3 4330 3 691 34 691  6 691172
3 4330 4 691 35 691  6 691172
3 4332 36370 4063701866370 32
3 4334 35900 3559001735900  5
3 4335 32807 302807  32807170
3 4335 42807 312807  32807170
3 4338 45562 3255621715562  5
3 4339 456842015684 325684205
3 4343 25440 32   0  05440  3
3 4343 35440 33   0  05440  3
3 4345 35136 3951361885136187
3 4348 414111861411 131411184
3 4355 4 833 35 833  6 833178
3 4360 35393 38   0  05393 33
3 4361 25305 34   0  05305  6
3 4361 35305 35   0  05305  6
3 4362 26110 4461101716110 32
3 4362 36110 4761101716110 32
3 4363 25547 35   0  05547170
3 4370 3 880 33 880180 880174
3 4378 31480 3314801791480 31
3 4378 41480 3414801791480 31
3 4385 65623 475623 455623  8
3 4385 75623 485623 455623  8
3 4394 31168 37   0  01168  8
3 4395 32177 3421771852177178
3 4401 32468 30   0  02468171
3 4401 42468 31   0  02468171
3 4407 32225 342225  42225172
3 4409 53375  63375  13375  2
3 4410 43369  43369  13369  2
3 4410 73369  73369  13369  2
3 4416 21547 32   0  01547  5
3 4417 26724 36   0  06724 30
3 4417 36724 39   0  06724 30
3 4428 4632717163271706327  4
3 4428 5632717263271706327  4
3 4433 31411 39   0  01411  7
3 4439 45527 31   0  05527172
3 4440 46110 40   0  06110179
3 4441 25537180   0  05537  3
3 4442 46736 3567361736736  3
3 4446 36125 3661251836125  5
3 4446 56125 3161251836125  5
3 4450 32151 3921511742151  3
3 4452 3 181 31 181  3 181171
3 4452 4 181 32 181  3 181171
3 4453 36073 3760731786073 31
3 4454 35613 4156131885613  6
3 4456 35613 4556131825613 12
3 4456 45613 4656131825613 12
3 4457 35615 3756151815615 11
3 4461 26073 34   0  06073  2
3 4463 26664 31   0  06664172
3 4464 26664173   0  06664172
3 4472 22019 31   0  02019  4
3 4475 2169519916952251695 37
3 4480 31013 3210131711013  7
3 4480 51013 3310131711013  7
3 4482 36575 31   0  06575171
3 4482 46575 32   0  06575171
3 4484 31121 34   0  01121174
3 4490 31351 351351  31351174
3 4490 41351 361351  31351174
3 4493 25901 38   0  05901175
3 4494 36789 3267891766789  7
3 4495 46377 3663771736377  5
3 4495 56377 3763771736377  5
3 4496 32240 31   0  02240170
3 4498 25820 34   0  05820  7
3 4498 35820 35   0  05820  7
3 4499 22867 32   0  02867  3
3 4502 32280 3922801712280  2
3 4503 52280 382280  32280172
3 4503 62280 412280  32280172
3 4505 3 760172 760  4 760171
3 4505 4 760173 760  4 760171
3 4511 41893 361893  31893174
3 4511 51893 371893  31893174
3 4513 3 605 31 605170 605  3
3 4518 25052 48   0  05052  4
3 4523 25995 32   0  05995  6
3 4523 55995 38   0  05995  6
3 4536 51975 3219751701975  4
3 4536 61975 3319751701975  4
3 4537 3 465 33 465179 465 30
3 4537 4 465 34 465179 465 30
3 4540 36615 3366151736615  4
3 4545 4 717 33 717176 717  4
3 4546 32618 3526181722618 31
3 4557 35628 37   0  05628  6
3 4557 55628 41   0  05628  6
3 4562 26127 38   0  06127178
3 4563 22875 34   0  02875  7
3 4563 32875 35   0  02875  7
3 4567 35960 4859601895960 38
3 4568 32629 3026291702629  3
3 4568 42629 3126291702629  3
3 4573 35526 4955261715526 10
3 4577 3 706171 706  7 706170
3 4577 4 706 30 706  7 706170
3 4580 43408  43408  13408  2
3 4581 31807 37   0  01807 30
3 4583 41302 3713021781302  3
3 4584 76785 3767851786785  7
3 4584 86785 3867851786785  7
3 4585 3501217750121865012187
3 4592 26635 44   0  06635  9
3 4592 56635 42   0  06635  9
3 4596 32067 362067  52067188
3 4596 42067 372067  52067188
3 4600 32524 3025241742524172
3 4604 22181 3821811872181 30
3 4607 35909 37   0  05909184
3 4608 36111 33   0  06111  4
3 4608 46111 34   0  06111  4
3 4613 32198 32   0  02198  3
3 4613 42198 34   0  02198  3
3 4614 3 779 38 779175 779173
3 4616 5 151 37 151  3 151171
3 4616 6 151 38 151  3 151171
3 4617 35834 34   0  05834  7
3 4622 3 602 35   0  0 602184
3 4623 32177 3521771792177  5
3 4623 42177 3621771792177  5
3 4626 32750 312750  32750172
3 4626 42750 322750  32750172
3 4627 32851 34   0  02851  5
3 4627 42851 35   0  02851  5
3 4628 32851 3228511712851  3
3 4628 42851 3328511712851  3
3 4629 2 916 36 916198 916 31
3 4632 35392 3953921895392 30
3 4632 45392 4053921895392 30
3 4643 32412 3324121702412 30
3 4644 53063  53063  13063  2
3 4644 63063  63063  13063  2
3 4646 31230 3112301711230 30
3 4649 31862 3218621711862 30
3 4649 41862 3318621711862 30
3 4651 36545 3965451766545  5
3 4651 46545 4165451766545  5
3 4655 42907 352907  62907174
3 4655 52907 362907  62907174
3 4656 32593 3325931722593170
3 4658 32786 332786 302786171
3 4659 35548 36   0  05548  9
3 4661 26107 47   0  06107 30
3 4663 26107 43   0  06107  6
3 4665 36800 38   0  06800 37
3 4673 2 964 35   0  0 964173
3 4677 35199 355199  45199178
3 4681 26368 35   0  06368  5
3 4682 31583 31   0  01583  3
3 4684 25863 44   0  05863 33
3 4687 3 490 32 490174 490172
3 4690 3 999 33 999172 999  4
3 4690 4 999 34 999172 999  4
3 4692 3 610 33 610175 610173
3 4695 4 165 32 165174 165  4
3 4699 32869 3128691702869 30
3 4701 35987 355987  65987188
3 4701 45987 365987  65987188
3 4706 5 672174 672171 672  3
3 4711 36854173   0  06854172
3 4712 35491 34   0  05491177
3 4714 25491 33   0  05491  4
3 4715 25332187   0  05332 31
3 4715 35332 41   0  05332 31
3 4716 3  51 31  51171  51 30
3 4716 4  51 32  51171  51 30
3 4718 25031 38   0  05031  6
3 4718 35031 40   0  05031  6
3 4721 35332 4353321915332 32
3 4723 55458 365458  45458170
3 4724 31051 4210511851051 38
3 4724 41051 4510511851051 38
3 4733 55990 355990  25990172
3 4733 75990 365990  25990172
3 4738 25646 35   0  05646  6
3 4738 45646 38   0  05646  6
3 4750 3 636 31   0  0 636  2
3 4750 5 636 33 636  3 636170
3 4753 32393 3023931712393  4
3 4753 42393 3123931712393  4
3 4755 35462 315462  45462170
3 4755 45462 335462  45462170
3 4756 35592 32   0  05592  7
3 4756 45592 31   0  05592  7
3 4758 22016 32   0  02016  6
3 4758 32016 33   0  02016  6
3 4767 2 432 32 432174 432 31
3 4771 45464 40   0  05464  7
3 4773 3  96 33  96173  96  5
3 4775 56150 33   0  06150  4
3 4775 66150 34   0  06150  4
3 4779 32618 3226181702618  3
3 4779 42618 3326181702618  3
3 4780 3 700 32   0  0 700176
3 4780 4 700 34   0  0 700176
3 4782 36203182   0  06203  2
3 4782 46203183   0  06203  2
3 4785 36605 336605 116605190
3 4785 56605 356605 116605190
3 4788 35057197   0  05057190
3 4793 3 796 32 796177 796173
3 4794 32237 312237  42237171
3 4799 35660 31   0  05660  5
3 4800 41542 341542  51542174
3 4800 51542 361542  51542174
3 4802 35462 325462  55462174
3 4802 45462 355462  55462174
3 4806 31945 321945 301945179
3 4808 33404  33404  13404  2
3 4808 43404  43404  13404  2
3 4809 33233  33233  13233  2
3 4809 43233  43233  13233  2
3 4810 33090  33090  13090  2
3 4810 43090  43090  13090  2
3 4812 46030 3460301776030  7
3 4812 66030 3760301776030  7
3 4814 25549 3455491805549  6
3 4814 35549 3655491805549  6
3 4817 46107 4561071876107922
3 4819 35464 42   0  05464  2
3 4821 35154 455154 365154  8
3 4822 45142 345142  45142174
3 4822 55142 355142  45142174
3 4826 32799 3127991772799  5
3 4826 42799 3227991772799  5
3 4828 41152 381152 351152176
3 4830 3 729 40 729 30 729183
3 4830 4 729 42 729 30 729183
3 4832 4 769 38 769174 769  4
3 4837 5504617650461735046  2
3 4837 6504617750461735046  2
3 4838 42502 362502  52502172
3 4838 52502 372502  52502172
3 4841 3 857 30 857  3 857174
3 4841 4 857 31 857  3 857174
3 4842 35061 3550611785061177
3 4843 31284 311284  31284170
3 4843 41284 321284  31284170
3 4848 32198 352198  42198173
3 4848 42198 362198  42198173
3 4849 25458173 173  15458  3
3 4850 35458 35   0  05458  2
3 4850 45458 37   0  05458 32
3 4859 25526 44   0  05526 14
3 4859 35526 46   0  05526 14
3 4860 22083 3020831802083171
3 4861 36166 596166  46166 40
3 4863 25501 41   0  05501 32
3 4863 35501 44   0  05501 32
3 4868 33156  33156  13156  2
3 4868 43156  43156  13156  2
3 4870 33217  33217  13217  2
3 4873 26179174   0  06179173
3 4873 36179 40   0  06179173
3 4874 33417  33417  13417  2
3 4875 25154 39   0  05154 32
3 4875 35154 41   0  05154 32
3 4879 36840 3368401736840 30
3 4882 3 557176 557175 557 30
3 4882 4 557177 557175 557 30
3 4888 35170 4151701865170 30
3 4893 3 129197 129196 129 35
3 4893 4 129 41 129196 129 35
3 4895 3 970 33 970  4 970171
3 4896 21962 30   0  01962176
3 4896 31962 31   0  01962176
3 4897 31144 361144 321144174
3 4905 35968 33   0  05968  5
3 4905 45968 34   0  05968  5
3 4908 31066 3310661721066 30
3 4908 41066 3510661721066 30
3 4913 31750 3117501781750  3
3 4915 31878 331878  11878172
3 4915 41878 341878  11878172
3 4918 43237  63237  13237  2
3 4918 53237  73237  13237  2
3 4922 2618317061839056183  3
3 4923 31775 3617751791775  5
3 4923 41775 3717751791775  5
3 4924 3 356 31 356173 356  3
3 4930 26203185   0  06203184
3 4930 36203186   0  06203184
3 4934 35960 4259601885960 34
3 4934 45960 4559601885960 34
3 4935 25960 4459601955960 33
3 4939 25055 4250559245055178
3 4940 3507017550701745070  4
3 4941 35052 50   0  05052174
3 4945 35302 3753021765302  7
3 4946 31285 3112851721285  4
3 4946 41285 3312851721285  4
3 4952 45035 315035  35035171
3 4956 53374  53374  43374  2
3 4957 21782 3399999991782 30
3 4957 31782 3599999991782 30
3 4961 36862 4568621816862  8
3 4963 41227 351227  21227193
3 4965 3 563 47 563194 563 40
3 4967 2 628 34   0  0 628 30
3 4968 36626 3866261766626  8
3 4969 45678 34   0  05678  2
3 4969 55678 36   0  05678  2
3 4970 36660 31   0  06660  3
3 4970 46660 32   0  06660  3
3 4972 35655 375655 345655174
3 4972 45655 405655 345655174
3 4973 32678 382678  52678175
3 4973 52678 402678  52678175
3 4974 36418 36   0  06418  3
3 4974 46418176   0  06418  3
3 4977 4 729 31 729  3 729171
3 4977 5 729 32 729  3 729171
3 4978 315401781540  51540177
3 4983 41850 331850  41850172
3 4983 51850 341850  41850172
3 5001 25663 4756631995663 34
3 5001 35663 5256631995663 34
3 5008 32151 402151  72151177
3 5008 42151 412151  72151177
3 5010 31893 3818931771893  5
3 5012 33023  33023  13023  2
3 5012 43023  43023  13023  2
3 5015 36073 336073  36073173
3 5015 46073 366073  36073173
3 5022 36498 3364981876498  6
3 5024 46583 46   0  06583  6
3 5026 45299177   0  05299  5
3 5026 55299178   0  05299  5
3 5031 36736 3667361816736  5
3 5031 46736 3967361816736  5
3 5034 21824176   0  01824  2
3 5040 36577 416577  96577185
3 5047 25858 375858  75858 33
3 5047 35858 395858  75858 33
3 5048 45680 3156801715680  4
3 5048 55680 3356801715680  4
3 5056 22240 34   0  02240  3
3 5060 31258 3012581701258  3
3 5060 41258 3112581701258  3
3 5062 31383 3713831741383 31
3 5062 41383 4013831741383 31
3 5071 35693 4956939355693 32
3 5077 36583 49   0  06583 30
3 5077 46583 52   0  06583 30
3 5078 75052 49   0  05052  8
3 5078 85052192   0  05052  8
3 5080 31168 35   0  01168  3
3 5080 41168 36   0  01168  3
3 5084 26684 34   0  06684  4
3 5084 36684 41   0  06684  4
3 5085 26588 40   0  06588  3
3 5090 3 473 36 473172 473177
3 5092 5 652 33 652  5 652171
3 5092 6 652 35 652  5 652171
3 5096 25499 3354991955499  8
3 5097 42354 35   0  02354  3
3 5099 368021746802  36802171
3 5100 31430 3014301701430  4
3 5100 41430 3114301701430  4
3 5102 35154 44   0  05154 33
3 5102 45154 46   0  05154 33
3 5107 3 727 30 727171 727  3
3 5117 25693196   0  05693  2
3 5118 36706 34   0  06706  1
3 5119 35120 3251201835120177
3 5120 35031 39   0  05031  5
3 5120 55031 50   0  05031 32
3 5122 3 749 33 749  1 749171
3 5122 4 749 34 749  1 749171
3 5126 31051 4410511831051 36
3 5128 32341 312341  52341172
3 5128 42341 322341  52341172
3 5129 3 891 31 891178 891177
3 5129 4 891 32 891178 891177
3 5131 21432 31   0  01432170
3 5140 66179 386179  36179170
3 5140 76179 416179  36179170
3 5143 32701 48   0  02701 41
3 5143 42701 52   0  02701 41
3 5146 25784 32   0  05784  5
3 5146 45784 37   0  05784  5
3 5147 46377 356377  26377170
3 5150 46589 34   0  06589  6
3 5154 23131  2   0  03131  1
3 5154 33131  3   0  03131  1
3 5155 41919 411919  61919173
3 5157 26370 41   0  06370172
3 5160 41579 421579  61579172
3 5169 365832006583  76583199
3 5169 46583 486583  76583199
3 5170 36583 50   0  06583 37
3 5176 43207  43207  13207  2
3 5176 53207  53207  13207  2
3 5177 3 652 37 652  6 652173
3 5180 36376 346376  46376172
3 5183 35493 39   0  05493  7
3 5183 55493 42   0  05493  7
3 5186 25677 435677 405677 36
3 5188 25678 38   0  05678 30
3 5188 35678 41   0  05678 30
3 5190 26145 37   0  06145 32
3 5191 36088 3460881766088 31
3 5192 65234 305234  35234171
3 5192 75234 315234  35234171
3 5193 562051826205  46205175
3 519410620519362051836205  5
3 5194116205 4262051836205  5
3 5195 36205 4162051956205177
3 5196 25872 38   0  05872175
3 5196 35872 40   0  05872175
3 5199 43312  53312  13312  2
3 5204 25332 42   0  05332188
3 5207 56583 4565831776583  8
3 5209 36588 4265881776588 35
3 5210 26793 36   0  06793170
3 5211 26793 37   0  06793 31
3 5211 36793 38   0  06793 31
3 5212 26110 41   0  06110 30
3 5212 46110 46   0  06110 30
3 5218 32224 4522241902224 33
3 5220 35462 36   0  05462  6
3 5221 25016 33   0  05016170
3 5221 35016 34   0  05016170
3 5227 411781771178  51178175
3 5232 26832 35   0  06832  3
3 5232 36832 42   0  06832  3
3 5233 46444 346444  36444171
3 5233 56444 356444  36444171
3 5238 25430 5254301735430200
3 5239 4543019554301905430  3
3 5241 26066 3060661746066  5
3 5241 36066 3160661746066  5
3 5242 35142 33   0  05142171
3 5244 41700 38   0  01700  5
3 5247 3 174 37 174174 174  6
3 5247 4 174 40 174174 174  6
3 5249 42302198   0  02302195
3 5249 52302199   0  02302195
3 5256 2 982 32   0  0 982  3
3 5261 31258 3212581751258171
3 5261 41258 3412581751258171
3 5263 35900 36   0  05900  7
3 5263 45900 39   0  05900  7
3 5273 25814 40   0  05814 30
3 5277 32435 312435  42435175
3 5277 52435 362435  42435175
3 5283 25031 425031 335031  3
3 5283 35031 465031 335031  3
3 5290 21048 3810482071048206
3 5290 31048 3910482071048206
3 5294 358211735821  55821176
3 5294 458211745821  55821176
3 5295 3 455 34 455180 455 30
3 5304 21571181   0  01571171
3 5306 25459 32   0  05459176
3 5311 4 652 34 652170 652  3
3 5315 35897 3158971705897  5
3 5315 45897 3258971705897  5
3 5317 2 105 35 105181 105  4
3 5320 22518 33   0  02518  9
3 5320 32518176   0  02518  9
3 5323 4 173 35 173172 173  3
3 5323 5 173 37 173172 173  3
3 5328 42030 382030  72030174
3 5329 25136180   0  05136 10
3 5329 35136181   0  05136 10
3 5332 2  10 33   0  0  10177
3 5348 22895 32   0  02895  2
3 5349 31167 44   0  01167 30
3 5349 41167 45   0  01167 30
3 5351 31168174   0  01168 31
3 5351 41168175   0  01168 31
3 5352 42011 332011  42011174
3 5355 4 941 34 941189 941  4
3 5356 42238 352238  52238171
3 5356 52238 362238  52238171
3 5360 82224 422224  72224184
3 5360 92224 442224  72224184
3 5362 32224 3922241792224  6
3 5362 42224 3022241792224  6
3 5369 51426 3614261801426  2
3 5369 71426 4014261801426  2
3 5370 32416 3524161722416  6
3 5370 42416 3624161722416  6
3 5373 36537 36   0  06537 31
3 5376 26840 32   0  06840  3
3 5380 319941771994  71994176
3 5380 419941781994  71994176
3 5384 31100 3411001701100  3
3 5386 62280 422280  42280173
3 5386 72280 432280  42280173
3 5387 35656 4456561955656 11
3 5388 25348 33   0  05348  5
3 5390 25503176   0  05503  3
3 5390 35503185   0  05503  3
3 5394 32177 312177  42177177
3 5394 42177 332177  42177177
3 5395 36583 5165832056583 36
3 5395 56583 4765832056583 36
3 5398 36803 33   0  06803170
3 5399 36793 406793 326793 33
3 5406 36053 3960531906053 31
3 5409 36646179   0  06646  4
3 5411 3 563 43 563  6 563183
3 5411 4 563 45 563  6 563183
3 5414 31345 3513451751345  4
3 5417 3 769 36 769  1 769173
3 5417 5 769 37 769  1 769173
3 5423 33059  33059  13059  2
3 5423 43059  43059  13059  2
3 5428 35429 3354291815429  7
3 5428 45429 3554291815429  7
3 5432 41415 3114151701415  4
3 5436 36706195   0  06706179
3 5438 35621 3156211705621  7
3 5440 5 846 44 846 38 846170
3 5441 45560 40   0  05560 30
3 5441 55560 41   0  05560 30
3 5447 23027  2   0  03027  1
3 5458 42801180   0  02801  8
3 5459 32897 362897  52897176
3 5466 36649 34   0  06649  3
3 5467 35182 4351821855182 30
3 5467 45182 4551821855182 30
3 5468 35182 425182 105182176
3 5472 21670 35   0  01670 30
3 5472 31670 36   0  01670 30
3 5474 3 971 30 971  4 971171
3 5478 3  53205  53 30  53202
3 5483 42224 402224  32224174
3 5484 361661776166  86166 44
3 5490 32422 3524221792422171
3 5490 42422 3624221792422171
3 5491 45045 3350451765045  3
3 5492 25036 3150361735036  2
3 5497 33250  33250  13250  2
3 5497 43250  43250  13250  2
3 5498 32916 312916 302916177
3 5498 42916 322916 302916177
3 5506 35015 3650151845015 30
3 5506 4501517750151845015 30
3 5511 32800 352800  42800171
3 5515 3 323 32 323172 323  4
3 5515 4 323 33 323172 323  4
3 5518 25841 35   0  05841 32
3 5518 35841 38   0  05841 32
3 5522 25375 305375  35375170
3 5525 3 486 30 486  4 486171
3 5526 35170 4351701885170 32
3 5528 26649 35   0  06649 30
3 5529 31431 301431  31431170
3 5532 41281 3412811721281  5
3 5533 3161117716111751611  4
3 5535 22921 31   0  02921  4
3 5535 32921 33   0  02921  4
3 5541 35061 3450611765061  4
3 5543 45621 325621  55621171
3 5545 3 631 35   0  0 631171
3 5550 35960 435960  85960181
3 5550 55960 475960  85960181
3 5554 26475 42   0  06475170
3 5559 35395 37   0  05395  7
3 5562 26166 546166 456166  6
3 5562 46166 576166 456166  6
3 5563 26166 58   0  06166 38
3 5564 36166 6261661786166 33
3 5572 31227 341227 221227180
3 5574 33133  33133  13133  2
3 5575 33135  33135  13135  2
3 5575 43135  43135  13135  2
3 5576 35904 445904  25904177
3 5581 35170 3851701805170  9
3 5581 45170 4051701805170  9
3 5585 36779 3767791866779  8
3 5588 35663 46   0  05663181
3 5588 45663 50   0  05663181
3 5596 36736 37   0  06736182
3 5596 46736 38   0  06736 30
3 5600 31841 3718411721841  3
3 5600 41841 3918411721841  3
3 5602 25501 39   0  05501  6
3 5606 53162  53162  13162  2
3 5606 63162  63162  13162  2
3 5611 26413 39   0  06413 35
3 5611 36413 42   0  06413 35
3 5614 25684 38   0  05684  3
3 5617 31225 31   0  01225170
3 5619 45619 3856191705619  3
3 5623 35964 305964  35964170
3 5623 45964 325964  35964170
3 5624 26615 36   0  06615 31
3 5626 36828 3168281716828  3
3 5626 46828 3268281716828  3
3 5630 31533 3215331721533  3
3 5636 32248 332248 312248172
3 5636 42248 342248 312248172
3 5637 46478 486478  66478179
3 5639 45600 32   0  05600  5
3 5639 55600 30   0  05600  5
3 5641 3207517720751852075186
3 5642 3 750 31 750  4 750170
3 5642 4 750 32 750  4 750170
3 5645 36365 46   0  06365  9
3 5647 35182 4651821905182 33
3 5647 45182 4751821905182 33
3 5653 26366 316366  46366  2
3 5653 36366 326366  46366  2
3 5655 45539191   0  05539188
3 5661 25241172   0  05241 30
3 5663 4  53 41  53216  53217
3 5671 26832 36   0  06832  4
3 5671 36832 39   0  06832  4
3 5672 36832 38   0  06832 32
3 5672 46832 41   0  06832 32
3 5673 42716 3227161702716  3
3 5675 26862 4768621826862 35
3 5679 26635 50   0  06635171
3 5681 25780 315780  15780  4
3 5699 32501 3225011772501  5
3 5699 42501 3425011772501  5
3 5704 56103 4361031796103  8
3 5705 2 581173   0  0 581171
3 5705 3 581172   0  0 581171
3 5708 31167 4211671781167 33
3 5708 41167 4611671781167 33
3 5709 22688 36   0  02688 31
3 5711 41473 321473  31473170
3 5712 31533 331533  51533173
3 5712 41533 341533  51533173
3 5713 31475 3114751701475  3
3 5713 41475 3214751701475  3
3 5715 31220 301220  11220171
3 5715 41220 311220  11220171
3 5716 26694 3266949056694 30
3 5722 33078  33078  13078  2
3 5724 35417182   0  05417  4
3 5724 45417183   0  05417  4
3 5726 25926 31   0  05926  6
3 5729 33041  33041  13041  2
3 5729 43041  43041  13041  2
3 5732 41192 3411921721192  5
3 5733 23012  2   0  03012  1
3 5737 43200  43200  13200  2
3 5737 63200  63200  13200  2
3 5739 3 508 33 508  3 508175
3 5744 3  47 37  47177  47173
3 5744 4  47 38  47177  47173
3 5749 66210 40   0  06210171
3 5752 25863 40   0  05863 31
3 5752 45863 38   0  05863 31
3 5756 36093 396093 106093170
3 5760 41000 321000  51000171
3 5762 35336 3053361795336  7
3 5763 32435 3524351762435  7
3 5766 31242 341242  41242176
3 5766 41242 361242  41242176
3 5768 22881 33   0  02881 32
3 5768 32881 36   0  02881 32
3 5774 42895 3328951762895 30
3 5774 52895 3428951762895 30
3 5776 36165 3761651766165  4
3 5779 56684 4066841736684  3
3 5779 66684 4266841736684  3
3 5783 25984 34   0  05984 30
3 5783 35984 35   0  05984 30
3 5793 26485 42   0  06485  5
3 5796 4 496 32 496179 496185
3 5822 45916 375916  45916171
3 5822 55916 395916  45916171
3 5823 25177 33   0  05177  7
3 5823 35177 35   0  05177  7
3 5826 22108 31   0  02108  3
3 5826 32108 32   0  02108  3
3 5830 23198  2   0  03198  1
3 5832 43356  63356  13356  3
3 5833 36849 3268491966849  5
3 5838 36589 35   0  06589  7
3 5839 53155  53155  13155  2
3 5839 63155  63155  13155  2
3 5840 25904 50   0  05904 37
3 5845 35977 355977  65977173
3 5847 31093 3110931701093  3
3 5847 41093 3410931701093  3
3 5848 26127 39   0  06127 33
3 5850 32418 342418  52418173
3 5854 41542 3115421791542  6
3 5854 51542 3915421791542  6
3 5857 21722 37   0  01722 31
3 5859 31722 38   0  01722 33
3 5860 31033 31   0  01033171
3 5862 26591 36   0  06591175
3 5871 66682 336682  36682174
3 5873 3193517219351701935  4
3 5873 4193517319351701935  4
3 5875 35182 445182 345182182
3 5875 45182 485182 345182182
3 5878 35503 325503 305503174
3 5882 26475 41   0  06475 30
3 5884 25065 435065  25065 36
3 5885 35052 51   0  05052 33
3 5885 45052 52   0  05052 33
3 5888 26054 32   0  06054  5
3 5890 21906 31   0  01906 30
3 5891 32882 332882  42882171
3 5891 42882 342882  42882171
3 5903 36591 38   0  06591  6
3 5904 33275  33275  13275  2
3 5904 43275  43275  13275  2
3 5914 26832 40   0  06832 33
3 5914 36832 44   0  06832 33
3 5916 46350 3363501706350  3
3 5917 36350 346350  66350171
3 5919 36121 50   0  06121 35
3 5919 46121 52   0  06121 35
3 5920 35858188   0  05858179
3 5920 45858 38   0  05858179
3 5921 36275 3162751736275  3
3 5921 46275 3362751736275  3
3 5926 26633 36   0  06633  4
3 5926 36633 37   0  06633  4
3 5931 36093 40   0  06093  7
3 5932 33310  33310  13310  2
3 5934 35904 4959041965904 33
3 5934 45904 5259041965904 33
3 5938 26287 44   0  06287 32
3 5940 35182 4051821755182  9
3 5940 45182 4151821755182  9
3 5942 33179  43179  23179  3
3 5942 53179  63179  23179  3
3 5947 35393 36   0  05393 34
3 5956 26864 34   0  06864  2
3 5957 25623 53   0  05623 37
3 5958 25623 5556231895623 40
3 5963 4 245 34 245 21 245170
3 5970 36040 3560401776040  8
3 5970 46040 3660401776040  8
3 5975 2  40 35   0  0  40178
3 5980 33177  33177  13177  2
3 5983 35560 4255601865560 35
3 5986 41542 3715421771542  7
3 5986 51542 4015421771542  7
3 5988 45396 3453961735396170
3 5992 25501182   0  05501 12
3 5996 62151 3821511732151  5
3 6004 36721 32   0  06721  6
3 6008 2 961 34   0  0 961  5
3 6008 3 961 35   0  0 961  5
3 6016 22177 32   0  02177174
3 6017 35526 4755262015526 16
3 6017 45526 4855262015526 16
3 6022 4557018955701865570  3
3 6025 25430 44   0  05430183
3 6025 35430184   0  05430183
3 6030 3   7 45   7 31   7175
3 6032 26602194   0  06602195
3 6039 35693 42   0  05693  5
3 6043 21066 3210661711066  3
3 6043 31066 3410661711066  3
3 6044 35926 335926  45926174
3 6046 26121 60   0  06121 30
3 6047 26121 61   0  06121 34
3 6048 35548 4255481735548 30
3 6049 36121 47   0  06121180
3 6049 46121 57   0  06121180
3 6051 25463 44   0  05463  5
3 6052 3680217568021776802176
3 6055 3 709 40 709181 709 34
3 6067 36054 3360541866054 30
3 6068 35067 3550671725067  2
3 6068 45067 3650671725067  2
3 6069 325991742599  42599173
3 6069 425991752599  42599173
3 6076 3 632176   0  0 632  3
3 6076 4 632177   0  0 632173
3 6079 45230 4252301815230  8
3 6088 33110  33110  13110  2
3 6089 43258  43258  13258  2
3 6089 53258  53258  13258  2
3 6091 43108  43108  13108  2
3 6096 25900175   0  05900174
3 6096 35900 40   0  05900174
3 6097 35463 4154631835463  9
3 6101 46646 386646 336646  3
3 6101 56646 406646  36646 33
3 6109 22292 36   0  02292  7
3 6111 36657 3166571706657  5
3 6111 46657 3266571706657  5
3 6112 36750 34   0  06750 30
3 6112 46750 35   0  06750 30
3 6120 4 760176 760  3 760174
3 6120 5 760 30 760  3 760174
3 6122 25871 30   0  05871172
3 6126 46398 3163981736398  2
3 6130 46159 3361591706159  3
3 6157 35821 305821  85821172
3 6161 46516 33   0  06516176
3 6165 26738181   0  06738180
3 6165 36738182   0  06738180
3 6166 52586 322586  62586173
3 6166 62586 342586  62586173
3 6170 33294  43294  53294  3
3 6171 4 166 33 166 21 166170
3 6173 35215 32   0  05215  3
3 6174 26413 366413  26413  9
3 6174 36413 376413  26413  9
3 6176 33149  33149  13149  2
3 6181 35308 3353081745308173
3 6183 25462 34   0  05462  3
3 6186 33239  33239  13239  2
3 6186 43239  43239  13239  2
3 6187 33257  33257  13257  2
3 6187 43257  43257  13257  2
3 6188 33223  33223  13223  2
3 6188 43223  43223  13223  2
3 6189 23225  3   0  03225  2
3 6189 53225  6   0  03225  2
3 6190 33240  33240  13240  2
3 6190 63240  63240  13240  2
3 6191 33231  33231  13231  2
3 6193 36849 316849  26849188
3 6193 46849 336849  26849188
3 6194 26114 48   0  06114183
3 6195 32835 3028351702835  4
3 6195 42835 3128351702835  4
3 6196 3 709 38 709177 709  7
3 6196 4 709 39 709177 709  7
3 6200 33136  33136  13136  2
3 6201 25942174   0  05942  8
3 6201 35942 38   0  05942  8
3 6203 36699 32   0  06699  2
3 6208 36200 3462001706200  9
3 6208 56200 3862001706200  9
3 6209 46200 4062001756200 11
3 6209 56200 4162001756200 11
3 6211 4 846 40   0  0 846  7
3 6211 5 846 43   0  0 846  7
3 6217 43427  43427  13427  2
3 6217 53427  53427  13427  2
3 6218 45537 445537  45537170
3 6224 32392 3623921732392  5
3 6224 42392 3723921732392  5
3 6228 666021926602  76602188
3 6228 86602 406602  76602188
3 6229 36413 3864131906413 10
3 6229 46413 4064131906413 10
3 6230 36830 3068301716830  2
3 6230 46830 3168301716830  2
3 6232 31100 32   0  01100  4
3 6237 25864178   0  05864  3
3 6237 35864179   0  05864  3
3 6240 45071 355071  35071 32
3 6240 55071 365071  35071 32
3 6242 32586 352586  52586172
3 6245 33228  33228  13228  2
3 6245 63228  63228  13228  2
3 6246 33227  33227  13227  2
3 6246 43227  43227  13227  2
3 6247 33095  3   0  03095  1
3 6247 43095  4   0  03095  1
3 6251 46121 486121  86121176
3 6254 35549 3355491755549  3
3 6257 25430198   0  05430171
3 6257 35430197   0  05430930
3 6259 25463 40   0  05463  6
3 6260 26114193   0  06114182
3 6263 366161776616  66616176
3 6268 26370 36   0  06370181
3 6273 42011 3420111732011  5
3 6273 52011 3520111732011  5
3 6278 32526 352526 312526173
3 6280 45614 345614  45614170
3 6280 65614 375614  45614170
3 6282 55619 39   0  05619  4
3 6287 25363 32   0  05363  4
3 6287 35363 35   0  05363  4
3 6291 3 122 37 122  3 122171
3 6295 41522 351522  51522170
3 6307 31611 3216111721611  5
3 6311 3559217755921765592  2
3 6311 5559217955921765592  2
3 6312 33010  33010  13010  2
3 6312 43010  43010  13010  2
3 6317 25610 33   0  05610  5
3 6317 35610 34   0  05610  5
3 6318 46114189   0  06114170
3 6318 66114 53   0  06114170
3 6319 21355174   0  01355  5
3 6323 32590 4125901782590 30
3 6323 42590 4225901782590 30
3 6327 4 692 33 692171 692  5
3 6334 31887 3718871791887  5
3 6339 35537 3855371775537 10
3 6339 45537 4255371775537 10
3 6342 33189  33189  13189  2
3 6346 32302 49   0  02302200
3 6346 42302 52   0  02302200
3 6349 36657 33   0  06657 30
3 6359 3583518158351855835184
3 6360 45495 3354951775495178
3 6361 32238 3722381742238172
3 6365 26166 60   0  06166 50
3 6365 36166 63   0  06166 50
3 6372 55037 3450371725037  5
3 6372 6503718550371725037  5
3 6375 3  22 30  22  2  22  3
3 6376 2  22 31   0  0  22173
3 6377 45363 34   0  05363 30
3 6380 43099  43099  13099  2
3 6380 53099  53099  13099  2
3 6384 46845 406845 326845  3
3 6384 56845 426845 326845  3
3 6389 43420  43420  13420  2
3 6389 53420  53420  13420  2
3 6392 3  79 32  79171  79  3
3 6395 26602 36   0  06602179
3 6395 36602181   0  06602179
3 6396 32129 332129  42129181
3 6396 42129 362129  42129181
3 6400 55749 475749  65749 36
3 6406 32278 412278 372278182
3 6406 42278 432278 372278182
3 6420 45055 44   0  05055  2
3 6422 26108 3261081806108175
3 6425 31161 301161  41161171
3 6433 55770 31   0  05770  3
3 6435 31978 311978  31978171
3 6440 26801 3868011896801187
3 6443 33249  43249  13249  2
3 6443 63249  73249  13249  2
3 6444 46275 34   0  06275  7
3 6444 56275 35   0  06275  7
3 6446 45876 33   0  05876  4
3 6455 31644 3016441711644  4
3 6455 51644 3216441711644  4
3 6459 25397 36   0  05397 30
3 6460 3 844 34 844  3 844172
3 6461 35463 4554631785463 30
3 6463 42030 3920301722030  6
3 6463 52030 4020301722030  6
3 6465 36478 3164781836478  5
3 6471 25381 32   0  05381  6
3 6473 32510 332510  32510172
3 6473 42510 352510  32510172
3 6476 42126 322126 212126170
3 6477 36172180   0  06172  6
3 6481 3653917465391756539170
3 6483 32712 322712  32712170
3 6486 3 409 33 409178 409 30
3 6489 2 941184   0  0 941  3
3 6493 25612 37   0  05612  9
3 6493 35612 41   0  05612  9
3 6496 33096  33096  13096  2
3 6499 3 556 37 556 33 556177
3 6502 36602 4166022046602  9
3 6504 31068 3210681771068 30
3 6512 55748 355748 335748  6
3 6512 65748 365748 335748  6
3 6517 35521171   0  05521  3
3 6519 46159 3861591766159 30
3 6519 56159 3561591766159 30
3 6523 22653 302653  22653  4
3 6526 25430 5054302085430192
3 6527 25430196   0  05430191
3 6529 35430 4554302035430 31
3 6530 43224  63224  13224  2
3 6530 53224  73224  13224  2
3 6532 45047 31   0  05047  3
3 6532 55047 32   0  05047  3
3 6540 45430 4354301785430  4
3 6542 26156182   0  06156181
3 6543 56350 3563501746350  7
3 6544 26411 33   0  06411170
3 6545 45548 38   0  05548  9
3 6553 46494 356494  36494185
3 6553 56494 366494  36494185
3 6554 25749 46   0  05749 30
3 6554 35749 48   0  05749 30
3 6555 41163 391163  51163173
3 6555 51163 431163  51163173
3 6557 31163 401163  71163174
3 6557 41163 411163  71163174
3 6560 31798 4017981911798  9
3 6561 36281 3962811986281179
3 6565 22019 32   0  02019175
3 6567 35537 37   0  05537  6
3 6572 35612 425612 315612184
3 6577 32059 3320591782059176
3 6579 23018  230181723018  1
3 6579 33018  330181723018  1
3 6589 46560 33   0  06560  3
3 6590 3 941 38 941  5 941186
3 6594 3 391 32 391174 391  5
3 6598 2 478 38   0  0 478 30
3 6598 3 478 39 478177 478 30
3 6600 25573 415573 405573  9
3 6602 53117  53117  13117  3
3 6602 63117  63117  13117  3
3 6604 3 351 39 351  5 351173
3 6605 41266 3112661731266  2
3 6609 26590 41   0  06590 10
3 6609 36590 45   0  06590 10
3 6613 32053 3220531742053  4
3 6613 42053 3320531742053  4
3 6619 3 404 33 404  4 404174
3 6619 5 404 35 404  4 404174
3 6622 36625 3466251766625  7
3 6622 46625 3566251766625  7
3 6624 311411791141 301141  2
3 6624 41141 3711419131141912
3 6629 2685718468571906857  6
3 6629 36857 3068571996857200
3 6630 36212 37   0  06212  3
3 6634 63303  73303  23303  3
3 6636 31077 3110771701077  3
3 6636 41077 3210771701077  3
3 6641 31151 371151  41151173
3 6641 41151 391151  41151173
3 6644 33066  33066  13066  2
3 6646 3  88 35  88  5  88174
3 6646 4  88 36  88  5  88174
3 6658 46060 306060  16060  3
3 6658 56060 316060  16060  3
3 6666 25305 3653051905305183
3 6666 35305 3753051905305183
3 6672 22662 32   0  02662172
3 6676 36588 41   0  06588 36
3 6689 41830 331830  31830173
3 6692 32920 342920  62920174
3 6692 42920 352920  62920174
3 6695 36478 5264781976478 30
3 6699 25812 53   0  05812 34
3 6699 45812 60   0  05812 34
3 6705 32034 3420341772034 30
3 6709 3 565 32 565173 565  4
3 6709 4 565 34 565173 565  4
3 6712 21167 41   0  01167 32
3 6712 31167 43   0  01167 32
3 6719 25018 345018  25018  4
3 6720 2  99 32   0  0  99171
3 6720 3  99 33   0  0  99171
3 6721 46590 396590  86590175
3 6721 56590 406590  86590175
3 6728 46476 356476  66476174
3 6735 41141 35   0  01141171
3 6736 22436 37   0  02436174
3 6742 33353  33353  13353  2
3 6742 43353  43353  13353  2
3 6744 36851 31   0  06851  3
3 6747 32278 392278 302278178
3 6757 33202  33202  13202  2
3 6757 53202  53202  13202  2
3 6765 31055 3010551781055  4
3 6766 33082  33082  13082  2
3 6766 43082  43082  13082  2
3 6769 3  22176  22  4  22175
3 6774 46626 3266261716626  4
3 6774 56626 3666261716626  4
3 6777 41654 311654  41654170
3 6778 2 834 34 834179 834174
3 6778 3 834 35 834179 834174
3 6781 32657 3626571772657  8
3 6781 42657 3826571772657  8
3 6789 23098  3   0  03098  2
3 6789 33098  4   0  03098  2
3 6792 33113  33113  13113  2
3 6797 35608 30   0  05608171
3 6797 45608 31   0  05608171
3 6798 35987192   0  05987  1
3 6802 25706208   0  05706  6
3 6802 35706 40   0  05706  6
3 6803 3 961 37 961175 961  3
3 6803 4 961 38 961175 961  3
3 6806 25299 42   0  05299170
3 6810 26710 35   0  06710 31
3 6812 26232 466232  76232 37
3 6815 32034 31   0  02034  4
3 6815 52034 33   0  02034  4
3 6820 26706 37   0  06706176
3 6820 36706 38   0  06706176
3 6821 26228 36   0  06228 30
3 6821 36228 37   0  06228 30
3 6827 35663 5356631985663 32
3 6829 46205 386205  16205  2
3 6829 66205 406205  16205  2
3 6830 26590 47   0  06590 31
3 6835 36171 33   0  06171  1
3 6836 36358 37   0  06358  3
3 6842 3 899 33 899180 899177
3 6843 25584 33   0  05584 30
3 6853 26475 38   0  06475 32
3 6859 25834184   0  05834173
3 6860 21088 37   0  01088178
3 6860 31088 38   0  01088178
3 6861 42260 332260  42260173
3 6861 52260 362260  42260173
3 6865 25057 38   0  05057 30
3 6866 4 728 32 728172 728  3
3 6869 32443 31   0  02443170
3 6869 42443 30   0  02443170
3 6872 3   4187   4186   4  5
3 6879 22083173   0  02083174
3 6879 32083 31   0  02083174
3 6880 21516172   0  01516171
3 6880 31516 30   0  01516171
3 6882 31242 331242  51242177
3 6882 51242 391242  51242177
3 6886 36499 396499 306499185
3 6889 26115 49   0  06115 15
3 6889 36115 53   0  06115 15
3 6896 36478 456478  26478181
3 6907 3 128 30 128  4 128172
3 6907 4 128 31 128  4 128172
3 6913 33389  33389  13389  2
3 6918 26153 31   0  06153178
3 6919 25299 58   0  05299 32
3 6923 32095 322095  42095177
3 6923 42095 332095  42095177
3 6931 21782 3417821761782174
3 6934 56187 3561871726187 11
3 6934 66187 3761871726187 11
3 6938 21242 35   0  01242  6
3 6938 31242 38   0  01242  6
3 6941 2  84 34   0  0  84177
3 6941 3  84 35   0  0  84177
3 6958 26646 37   0  06646 30
3 6958 36646 39   0  06646 30
3 6960 32260 3122601722260  6
3 6960 52260 3522601722260  6
3 6963 35812 51   0  05812  9
3 6966 35323 3053231705323  3
3 6967 31242 321242  31242171
3 6971 25133 33   0  05133  3
3 6974 35287193   0  05287  5
3 6985 35443 3754431715443  7
3 6987 21690 3516901751690174
3 6987 31690 3616901751690174
3 6988 26750184   0  06750183
3 6988 36750185   0  06750183
3 6991 23143  431431703143  1
3 6996 31332 33   0  01332180
3 7000 51841 351841  41841171
3 7000 61841 361841  41841171
3 7005 21852 32   0  01852 30
3 7011 32067 382067 302067189
3 7014 46664 32   0  06664177
3 7014 56664 33   0  06664177
3 7023 35014 40   0  05014 32
3 7026 41163 421163  31163172
3 7036 32251 402251  62251174
3 7038 31163 3611631701163  4
3 7044 55904 455904  55904176
3 7044 75904 485904  55904176
3 7047 31055 3210551811055172
3 7055 22006177   0  02006174
3 7055 32006178   0  02006174
3 7059 26616181   0  06616179
3 7059 46616183   0  06616179
3 7061 32341 3323411742341  4
3 7061 42341 3423411742341  4
3 7063 2 712 34   0  0 712  4
3 7065 23347  533471713347  4
3 7070 35663 4956631975663  7
3 7086 33057  53057  13057  2
3 7087 3 626189 626 31 626188
3 7087 4 626 48 626 31 626188
3 7090 25664 32   0  05664  3
3 7090 35664 33   0  05664  3
3 7093 21363 311363  31363170
3 7098 31028 3910281801028  6
3 7098 41028 4010281801028  6
3 7113 4 344 31 344187 344  6
3 7113 5 344 32 344187 344  6
3 7114 63047  63047  33047  2
3 7117 43151  43151  13151  2
3 7117 53151  53151  13151  2
3 7125 25120 3051201905120  5
3 7133 3 722 34 722 30 722178
3 7136 4 769 35 769172 769  3
3 7136 5 769 39 769172 769  3
3 7141 55018 335018 305018  3
3 7142 35120 31   0  05120173
3 7144 26590 46   0  06590 34
3 7149 43206  43206  13206  2
3 7154 35835 365835  55835 35
3 7155 21722184   0  01722183
3 7155 31722185   0  01722183
3 7158 41670 341670  71670172
3 7162 26867 3668672046867203
3 7163 51541 3715411721541  5
3 7164 3505517650551885055171
3 7164 75055 4350551885055171
3 7166 25853 4458532025853 33
3 7174 33088  43088  23088  3
3 7174 43088  53088  23088  3
3 7184 36115 52   0  06115 37
3 7184 46115 54   0  06115176
3 7185 23130  2   0  03130  1
3 7192 33043  33043  13043  2
3 7193 32558 312558 302558170
3 7203 46262 3462621726262  4
3 7211 365471726547  66547171
3 7211 46547 326547  66547171
3 7214 31163 451163 301163175
3 7218 22642 34   0  02642179
3 7218 32642 35   0  02642179
3 7220 46484 4464841756484  5
3 7221 21722 40   0  01722 35
3 7222 35040 3350401835040 30
3 7222 4504018150401835040 30
3 7226 31701 3217011721701  4
3 7226 41701 3317011721701  4
3 7232 33211  33211  13211  2
3 7232 43211  43211  13211  2
3 7235 32288 3322881722288  4
3 7235 42288 3422881722288  4
3 7239 36342170   0  06342  2
3 7250 21695 5116951741695 33
3 7250 31695 5216951741695 33
3 7260 43248  43248  23248  1
3 7260 53248  53248  23248  1
3 7261 36598 34   0  06598  4
3 7261 46598 36   0  06598  4
3 7270 21332 3013321831332174
3 7270 31332 3213321831332174
3 7276 3662517566251746625 30
3 7279 3 496 31   0  0 496180
3 7283 2 826 32 826174 826173
3 7286 316481731648  31648172
3 7286 41648 321648  31648172
3 7295 25449 33   0  05449 30
3 7300 3 478 40 478179 478 36
3 7301 25406 33   0  05406173
3 7301 35406176   0  05406173
3 7304 31690173   0  01690 30
3 7306 25120 3351201885120178
3 7307 26227 306227  26227  5
3 7307 362271786227  26227  5
3 7309 35164 32   0  05164  3
3 7312 26545180   0  06545179
3 7324 4 356 32 356 30 356177
3 7331 23390  3   0  03390  2
3 7335 3149817814981741498175
3 7335 41498 3414981741498175
3 7337 31654 321654  31654172
3 7338 3596518559651895965182
3 7338 45965 3759651895965182
3 7360 31163 371163  61163171
3 7360 41163 381163  61163171
3 7364 26722 31   0  06722  5
3 7370 22714183   0  02714191
3 7377 35812 5058122055812 33
3 7377 45812 5258122055812 33
3 7378 45614 36   0  05614  5
3 7378 55614 38   0  05614 31
3 7384 3 868 34 868182 868  6
3 7384 4 868 36 868182 868  6
3 7396 35942 37   0  05942  9
3 7397 21613 411613  81613176
3 7404 15689198   0  05689  6
3 7411 21084 32   0  01084  4
3 7415 25559 37   0  05559176
3 7423 45861 34   0  05861  3
3 7423 55861 35   0  05861  3
3 7424 36845 43   0  06845186
3 7424 46845 44   0  06845186
3 7429 3 479 30 479  3 479170
3 7429 4 479 31 479  3 479170
3 7438 22278 4222789162278184
3 7443 26475 37   0  06475195
