    3 2    0 019781 419176
    3 3    3 1   11 419 30
   24 2   24 1   21 419 31
   24 3   24 1   21 419 31
   29 3   29 2   31 644170
   32 3   32 2   41 195170
   32 4   32 2   41 195170
   59 3   59 2   511060 31
   60 4   60 2   611692 30
   60 5   60 2   611692 30
   61 2   61 1   711692 31
   65 5   65 2   812191  7
   76 3   76 2   912073 31
   79 2   79 1  1012073  2
   88 3   88 2  1112613  4
   88 4   88 2  1112613  4
   91 3   91 2  1212086  4
   91 4   91 2  1212086  4
   96 3   96 2  131   4173
  105 4  105 2  1412277181
  105 5  105 2  1412277181
  114 3  114 2  1512138 30
  115 3  115 2  1611971173
  125 4  125 2  1712050172
  126 5  126 2  1811258172
  134 3  134 2  191 257 30
  136 3  136 2  201 302174
  136 4  136 2  201 302174
  138 4  138 2  211 473  4
  139 5  139 2  2212882  3
  152 2  152 1  2311129175
  152 3  152 1  2311129175
  154 4  154 2  2412191  4
  163 2 5365 2143212311  6
  171 3  171 2  2511038173
  178 3  178 2  2612137174
  188 4  188 2  2711813  3
  190 3  190 2  281  14  3
  190 4  190 2  281  14  3
  216 3  216 2  2912715176
  218 3  218 2  301 593  4
  218 5  218 2  301 593  4
  226 3  226 2  3112888171
  235 3  235 2  321 250  3
  235 4  235 2  321 250  3
  243 3  243 2  331 114173
  257 3  257 1  341  10  6
  257 4  257 1  341  10  6
  260 3  260 2  351  14172
  260 4  260 2  351  14172
  262 3  262 1  361  84  1
  277 3  277 2  371 350  3
  277 4  277 2  371 350  3
  283 4  283 2  381 624  3
  283 5  283 2  381 624  3
  285 3  285 2  391   4 31
  285 4  285 2  391   4 31
  288 3  288 2  4012432 33
  288 4  288 2  4012432 33
  301 5  301 1  4112219  3
  301 6  301 1  4112219  3
  303 3  303 2  4213055  2
  303 4  303 2  4213055  2
  309 3  309 2  431 122173
  309 4  309 2  431 122173
  318 3  318 2  4411149170
  323 3  323 2  451  47  4
  323 4  323 2  451  47  4
  333 3  333 1  4611043  4
  333 4  333 1  4611043  4
  354 4  354 2  4711184171
  359 3  359 2  481  96  3
  359 4  359 2  481  96  3
  361 3  361 2  491 228  5
  366 3  366 2  501 145  3
  366 4  366 2  501 145  3
  368 4  368 2  5111303173
  368 5  368 2  5111303173
  370 4  370 1  521 414  3
  378 3  378 2  5311342170
  385 2  385 1  5412028 30
  387 3  387 2  5511048  6
  387 4  387 2  5511048  6
  391 5  391 2  5612849  3
  392 3  392 2  5712323174
  395 3  395 1  5812510  5
  395 4  395 1  5812510  5
  409 3  409 2  5912464171
  414 4  414 2  6011522 10
  414 5  414 2  6011522 10
  415 4  415 2  6111522175
  415 5  415 2  6111522175
  419 4  419 2  621 321  4
  421 2  421 1  6312678  7
  430 3  430 2  6412618  4
  430 4  430 2  6412618  4
  446 3  446 2  651 980  3
  446 4  446 2  651 980  3
  447 3  447 2  6611803  3
  447 4  447 2  6611803  3
  460 3  460 2  671 602178
  466 3  466 2  681  53  4
  472 3  472 2  6911663  7
  475 3  475 1  701 625  3
  478 3  478 2  711 343171
  478 4  478 2  711 343171
  482 3  482 2  721 577  4
  484 3  484 2  7311767180
  488 3  488 2  7413109  2
  491 3  491 2  751 315170
  494 3  494 2  761  90  3
  494 4  494 2  761  90  3
  497 2  497 1  7712032172
  500 2  500 1  7811498  4
  501 3  501 2  7911498171
  501 4  501 2  7911498171
  503 4  503 2  8011687170
  510 3  510 1  8112707  3
  520 5  520 2  821 428170
  527 4  527 2  831 487170
  533 4  533 2  8412779170
  538 2  387 2  5511048  6
  543 4  543 2  8511166180
  547 4  547 2  861 548183
  547 5  547 2  861 548183
  549 5  549 2  8712164 30
  549 6  549 2  8712164 30
  558 4  558 1  8812876  3
  572 3  572 2  8911315 30
  572 5  572 2  8911315 30
  580 3  580 2  9012409  3
  580 4  580 2  9012409  3
  586 3  586 2  9112056  2
  588 3  588 2  921  91  3
  588 4  588 2  921  91  3
  591 3  591 1  9311154179
  594 3  594 2  941 517  5
  594 4  594 2  941 517  5
  596 4  596 2  9511786182
  596 6  596 2  9511786182
  598 2  598 1  9611236170
  601 3  601 2  971 172 34
  602 3  602 2  981 236  3
  603 4  603 1  9911221  4
  603 5  603 1  9911221  4
  604 4  604 2 1001 819170
  606 4  606 2 10112196 30
  606 5  606 2 10112196 30
  613 3  613 2 1021 486170
  615 2  615 1 10311394 33
  615 3  615 1 10311394 33
  616 2  616 1 10412628  5
  616 3  616 1 10412628  5
  620 4  620 2 10512771173
  620 5  620 2 10512771173
  621 4  621 2 10612529175
  631 3  631 1 1071 121  6
  631 4  631 1 1071 121  6
  632 2  632 1 10813002  1
  657 6  657 2 10912576  3
  657 7  657 2 10912576  3
  658 2    0 0197911503901
  659 4  659 2 1101 544170
  663 2  663 1 11212707  5
  664 2 3421 1 83812707  6
  672 3  672 2 11312610173
  673 3  673 2 11411281173
  673 4  673 2 11411281173
  676 3  676 2 1151 707171
  676 4  676 2 1151 707171
  680 3  680 2 1161 374  5
  689 2  689 1 11711315  5
  689 3  689 1 11711315  5
  691 3  691 1 11812774  2
  692 3  692 2 11911784  5
  692 5  692 2 11911784  5
  693 5  693 2 12011663  5
  693 7  693 2 12011663  5
  696 3  696 1 12112578 30
  701 3  701 2 12212607  3
  704 3  704 2 1231  60 32
  704 4  704 2 1231  60 32
  705 3  705 2 12412478  4
  710 2  710 1 1251 138 31
  710 3  710 1 1251 138 31
  716 3  716 2 12611121175
  717 4  717 2 1271 351  3
  726 3  726 2 12812473170
  726 5  726 2 12812473170
  727 3  727 2 1291 174171
  727 5  727 2 1291 174171
  731 3  731 2 13012661171
  731 4  731 2 13012661171
  733 4  733 2 13112628  3
  733 6  733 2 13112628  3
  734 3  734 1 13212012170
  734 4  734 1 13212012170
  741 5  741 2 13311043  3
  741 6  741 2 13311043  3
  742 3  742 2 13411127172
  751 4  751 2 13512441  5
  751 5  751 2 13512441  5
  752 3  752 2 13612441176
  753 4  753 2 13711407172
  772 3  772 1 1381 351  6
  784 3  784 2 14011236172
  789 3  789 2 1411 117 30
  789 4  789 2 1411 117 30
  796 3  796 2 1421 626  3
  801 3  801 2 1431 582173
  801 4  801 2 1431 582173
  802 3  802 2 14412490 31
  804 3  804 2 1451 121173
  805 2  805 1 14612335 30
  815 2  815 1 14713005  1
  818 3  818 2 1481 593170
  819 3  819 2 14911315  4
  819 4  819 2 14911315  4
  821 2  821 1 15013033  1
  823 2  823 1 15112432176
  824 4  824 1 15212432 35
  824 5  824 1 15212432 35
  828 3  828 2 15313387  2
  832 3  832 1 15415287  4
  833 5  833 2 15516735  5
  834 3  834 2 15616735  8
  834 4  834 2 15616735  8
  837 3  837 1 15716316  4
  840 2  840 1 15812409171
  840 4  840 1 15812409171
  841 3  841 1 15911185  5
  841 4  841 1 15911185  5
  842 2  842 1 16011047  4
  846 2  846 1 16111426  4
  846 3  846 1 16111426  4
  851 3  851 2 16211775  4
  851 5  851 2 16211775  4
  852 5  852 2 1631 321  5
  852 6  852 2 1631 321  5
  858 3  858 2 1641 853  3
  859 4 4678 1121512061  2
  861 2  861 1 16511254170
  863 3  863 2 16611911 30
  871 2  871 1 16716365 10
  871 3  871 1 16716365 10
  874 3  874 2 16812902174
  879 4  879 2 1691 246  3
  883 3  883 2 1701 582174
  886 2  886 1 17212330171
  886 3  886 1 17212330171
  887 3  887 2 17311897  3
  891 4  891 2 1741 134171
  891 5  891 2 1741 134171
  892 3  892 1 1751 319171
  893 3  893 2 1761 121  7
  893 5  893 2 1761 121  7
  894 3  894 2 17712175170
  894 4  894 2 17712175170
  896 4  896 2 17812427171
  896 5  896 2 17812427171
  898 2  898 1 17911628  4
  898 3  898 1 17911628  4
  907 2  907 1 18012485176
  918 3  918 1 18112436170
  919 5  919 2 18211740170
  927 2  824 1 15212432 35
  934 2  934 1 18313073  1
  937 3  937 2 18413140  2
  937 4  937 2 18413140  2
  938 4  938 2 18513141  2
  943 2  943 1 18611731  3
  943 3  943 1 18611731  3
  946 3  946 2 18713159  2
  946 4  946 2 18713159  2
  955 4  955 2 18812752170
  957 3  957 2 18916838  6
  970 3  970 2 19012656171
  970 4  970 2 19012656171
  972 3  972 2 1911  50171
  972 4  972 2 1911  50171
  979 3  979 2 1921 548182
  979 4  979 2 1921 548182
  983 2  983 1 19315299  4
  983 4  983 1 19315299  4
  987 3  987 2 19415180  4
  989 2  989 1 19515299 10
 1002 3 1002 2 1961 355171
 1002 4 1002 2 1961 355171
 1013 3 1013 2 1971 517  4
 1013 4 1013 2 1971 517  4
 1016 3 1016 2 19812752172
 1018 5 1018 2 19912061181
 1023 3 1023 2 20011221172
 1023 4 1023 2 20011221172
 1033 3 1033 2 20112656174
 1033 4 1033 2 20112656174
 1038 2 1038 1 20211043  8
 1038 3 1038 1 20211043  8
 1043 3 1043 1 20312485173
 1043 4 1043 1 20312485173
 1047 3 1047 1 20415299 12
 1047 4 1047 1 20415299 12
 1048 3 1048 2 20511036  2
 1057 3 1057 2 2061 495 30
 1059 3 1059 2 20711126 30
 1059 4 1059 2 20711126 30
 1061 4 1061 2 20812277  8
 1061 5 1061 2 20812277  8
 1066 4 1066 2 2091 570  8
 1066 5 1066 2 2091 570  8
 1071 3 1071 2 21011397172
 1071 5 1071 2 21011397172
 1076 2 1076 1 21116233  9
 1076 3 1076 1 21116233  9
 1082 3 1082 2 21212545 30
 1082 4 1082 2 21212545 30
 1085 2 1085 1 21316187 12
 1085 4 1085 1 21316187 12
 1086 3 1086 2 21416187170
 1093 3 1093 1 21516839  9
 1093 4 1093 1 21516839  9
 1096 3 1096 2 2161  53  6
 1098 3 1098 2 21712469  4
 1100 5 1100 2 2181 833176
 1101 3 1101 1 21913289  1
 1107 4 1107 2 2201 297  7
 1111 4 1111 2 2211 433175
 1111 5 1111 2 2211 433175
 1112 3  775 1 1391 517  3
 1113 3 1113 2 22215292 32
 1113 4 1113 2 22215292 32
 1117 5 1117 2 2231 173  4
 1117 6 1117 2 2231 173  4
 1122 4 1122 2 22411468  5
 1122 5 1122 2 22411468  5
 1135 4 1135 2 2251 774  2
 1135 5 1135 2 2251 774  2
 1136 3 1136 2 2261 361175
 1139 4 1139 2 22712117  6
 1143 4 1143 2 22812603  5
 1148 3 1148 2 22912323 31
 1148 4 1148 2 22912323 31
 1161 4 1161 1 2301  53 10
 1164 4 1164 2 23112441  3
 1169 2 1169 1 23213308  2
 1173 5 1173 2 2331 607174
 1177 2 1177 1 23416262179
 1178 3 1178 2 2351 284170
 1178 4 1178 2 2351 284170
 1180 3 1180 2 23612682  5
 1180 4 1180 2 23612682  5
 1182 3 1182 2 23711142  3
 1182 4 1182 2 23711142  3
 1184 3 1184 2 23815570203
 1188 4 1188 2 23911013170
 1189 3 1189 2 2401  68175
 1191 3 1191 2 2411 608  8
 1195 3 1195 2 24211775  6
 1195 4 1195 2 24211775  6
 1200 3 1200 1 24311909  1
 1200 4 1200 1 24311909  1
 1204 5 1204 2 24411918  4
 1212 4 1212 2 2451 999170
 1212 5 1212 2 2451 999170
 1218 5 1218 2 24611624174
 1222 3 1222 2 24711867  3
 1222 4 1222 2 24711867  3
 1232 3 1232 2 24812012 31
 1233 3 1233 2 24912525174
 1234 3 1234 2 25015576172
 1234 4 1234 2 25015576172
 1239 3 1239 2 2511 263 31
 1240 2 1240 1 25215306170
 1242 2 1242 1 25315621  9
 1245 3 1245 2 2541 915  4
 1245 4 1245 2 2541 915  4
 1247 3 1247 2 2551 915  5
 1247 4 1247 2 2551 915  5
 1249 2 1249 1 25615145  2
 1249 3 1249 1 25615145  2
 1253 3 1253 2 25712566 30
 1253 4 1253 2 25712566 30
 1256 3 1256 2 25812486 31
 1268 3 1268 1 2591 840 21
 1268 4 1268 2 2592 840190
 1282 3 1282 2 26016735  3
 1289 3 1289 2 26115570181
 1293 4 1293 2 26213163  2
 1303 2 1303 1 26311460  8
 1309 3 1309 2 26412354  5
 1309 4 1309 2 26412354  5
 1313 3 1313 2 26516680  4
 1318 2 1318 1 26615170  7
 1329 3 1329 2 26711612170
 1336 4 1336 2 26812164  3
 1337 2 1337 1 26911376170
 1339 2 1339 1 27015449 31
 1344 3 1344 2 27112591178
 1355 5 1355 2 27215925170
 1355 6 1355 2 27215925170
 1356 2 1356 1 27315287177
 1363 3 1363 2 27412299171
 1363 4 1363 2 27412299171
 1364 3 1364 1 27511121  3
 1372 3 1372 2 27612304  4
 1372 4 1372 2 27612304  4
 1378 2 1378 1 27711633170
 1378 3 1378 1 27711633170
 1383 3 1383 2 2781 819172
 1383 4 1383 2 2781 819172
 1385 3 1385 1 27912397173
 1385 4 1385 1 27912397173
 1388 4 1388 1 28011810  3
 1390 3 1390 2 2811 620  6
 1390 4 1390 2 2811 620  6
 1391 4 1391 2 2821 620  4
 1391 5 1391 2 2821 620  4
 1392 3 1392 2 28312530  4
 1392 4 1392 2 28312530  4
 1396 3 1396 2 2841 777173
 1398 3 1398 2 28515569171
 1398 4 1398 2 28515569171
 1404 3 1404 1 28616051  3
 1404 4 1404 1 28616051  3
 1407 3 1407 2 28716541179
 1408 2 1408 1 28815922192
 1409 3 1409 2 28915774170
 1409 4 1409 2 28915774170
 1413 3 1413 2 29011192  3
 1413 4 1413 2 29011192  3
 1422 4 1422 2 29112352170
 1422 5 1422 2 29112352170
 1423 3 1423 2 2921 534 31
 1425 3 1425 1 29312848 10
 1425 4 1425 1 29312848 10
 1428 4 1428 2 2941 452177
 1436 3 1436 2 2951 893170
 1436 4 1436 2 2951 893170
 1448 4 1448 2 2961   5170
 1449 3 1449 2 2971  45179
 1450 3 1450 2 29812509  6
 1450 4 1450 2 29812509  6
 1458 3 1458 2 29912880  5
 1458 4 1458 2 29912880  5
 1460 2 1460 1 30015995170
 1460 4 1460 1 30015995170
 1468 3 1468 2 3011  61172
 1469 3 1469 2 3021  89 31
 1474 2 1474 1 30316822  4
 1484 4 1484 2 30412244170
 1486 2 1486 1 30512128171
 1486 3 1486 1 30512128171
 1487 4 1487 2 3061 173  5
 1487 5 1487 2 3061 173  5
 1490 2 1490 1 30712848176
 1490 3 1490 1 30712848176
 1491 3 1491 2 30812847 31
 1493 3 1493 2 30911397171
 1493 5 1493 2 30911397171
 1500 2 1500 1 31011960177
 1500 3 1500 1 31011960177
 1508 3 1508 2 3111 266 30
 1509 2 1509 1 3121 935  4
 1509 3 1509 1 3121 935  4
 1513 2 1513 1 31316381176
 1513 3 1513 1 31316381176
 1515 2 1515 1 3141 722 32
 1522 2 1522 1 31515995  5
 1522 3 1522 1 31515995  5
 1523 3 1523 2 31611663  6
 1525 3 1525 2 31711839174
 1525 5 1525 2 31711839174
 1530 3 1530 2 31815922  7
 1534 3 1534 2 31913397  2
 1543 3 1543 2 32012672  5
 1543 4 1543 2 32012672  5
 1548 5 1548 3 32113282  3
 1548 7 1548 3 32113282  3
 1556 3 1556 2 32212673  3
 1563 3 1563 2 32312411  4
 1563 4 1563 2 32312411  4
 1564 5 1564 2 32412143  3
 1600 3 1600 2 3251 377  4
 1600 4 1600 2 3251 377  4
 1602 4 1602 2 32612526  4
 1604 3 1604 2 32713348  5
 1605 4 1605 2 32813176  2
 1605 5 1605 2 32813176  2
 1615 6 1615 2 32911802170
 1617 2 1617 1 3301 664175
 1617 3 1617 1 3301 664175
 1621 3 1621 2 33116112173
 1621 4 1621 2 33116112173
 1622 3 1622 2 33215621177
 1627 3 1627 2 33312201172
 1627 4 1627 2 33312201172
 1633 2 1633 1 33411610 30
 1636 3 1636 2 33512893  3
 1636 4 1636 2 33512893  3
 1637 4 1637 1 33616801  3
 1640 5 1640 2 3371 898  5
 1645 3 1645 2 33811955170
 1646 5 1646 4 33915613172
 1653 4 1653 1 34013021  1
 1654 3 1654 2 34111210171
 1663 5 1663 3 34215534 30
 1664 3 1664 1 34315969174
 1667 3 1667 2 34416765  6
 1670 2 1670 1 34516519 30
 1670 3 1670 1 34516519 30
 1680 4 1680 2 34611522  8
 1680 5 1680 2 34611522  8
 1684 2 1684 1 34716396  3
 1684 3 1684 1 34716396  3
 1686 4 1686 2 34816250  7
 1687 3 1687 1 34916210  6
 1687 4 1687 2 34926210179
 1690 3 1690 2 35011233 30
 1690 4 1690 2 35011233 30
 1694 3 1694 1 35112848  6
 1694 4 1694 1 35112848  6
 1700 3 1700 1 35215576 30
 1704 3 1704 2 35311213  4
 1709 3 1709 2 3541  45 30
 1711 3 1711 2 35511954170
 1711 4 1711 2 35511954170
 1713 3 1713 2 35611954172
 1713 4 1713 2 35611954172
 1714 3 1714 2 35711947  3
 1715 3 1715 2 35812047  5
 1715 4 1715 2 35812047  5
 1718 3 1718 2 35912022170
 1718 4 1718 2 35912022170
 1719 2 1719 1 36016335 31
 1723 4 1723 2 3611 706  5
 1724 3 1724 2 36212238170
 1724 4 1724 2 36212238170
 1728 2 1728 3 36311823171
 1730 3 1730 2 3641  89  3
 1737 4 1737 2 36512271  3
 1737 5 1737 2 36512271  3
 1738 3 1738 2 36611142171
 1738 4 1738 2 36611142171
 1747 3 1747 2 36711682  4
 1752 4 1752 2 36811613  7
 1752 5 1752 2 36811613  7
 1761 3 1761 2 36911399175
 1761 4 1761 2 36911399175
 1762 2 1762 1 3701 691171
 1762 3 1762 1 3701 691171
 1764 3 1764 1 37111919175
 1764 4 1764 1 37111919175
 1767 5 1767 2 37212250170
 1771 2 1771 1 3731 704  3
 1771 3 1771 1 3731 704  3
 1780 5 1780 1 37416335  4
 1780 6 1780 1 37416335  4
 1782 3 1782 2 37516839172
 1793 2 1793 1 37616765  4
 1793 3 1793 1 37616765  4
 1796 3 1796 2 37711732  8
 1796 4 1796 2 37711732  8
 1799 3 1799 2 37816822176
 1799 4 1799 2 37816822176
 1800 3 1800 2 3791  90171
 1812 4 1812 2 38015379174
 1812 5 1812 2 38015379174
 1814 3 1814 1 38112831171
 1814 4 1814 1 38112831171
 1818 2 1818 1 38212195180
 1819 2 1819 1 38311399  6
 1821 2 1821 1 3841 452 30
 1823 4 1823 2 38511919  9
 1823 5 1823 2 38511919  9
 1827 3 1827 2 38612297174
 1836 4 1836 2 38715613  8
 1840 3 1840 2 3881 935  3
 1840 4 1840 2 3881 935  3
 1843 2 1843 1 3891 840 38
 1846 3 1846 2 3901 495 33
 1846 4 1846 2 3901 495 33
 1853 2 1853 1 39112516  4
 1853 3 1853 1 39112516  4
 1859 4 1859 2 39212661176
 1866 3 1866 2 39312055  5
 1866 4 1866 2 39312055  5
 1867 3 1867 2 39412055181
 1874 3 1874 2 39511571 32
 1876 3 1876 1 39611908174
 1876 4 1876 1 39611908174
 1878 3 1878 1 3971  53  9
 1878 4 1878 1 3971  53  9
 1883 3 1883 2 39811695 11
 1887 3 1887 2 39911107175
 1887 4 1887 2 39911107175
 1889 2 1889 1 4001 654 30
 1889 3 1889 1 4001 654 30
 1890 6 1890 2 40113147  2
 1892 3 1892 2 4021 508  4
 1892 4 1892 2 4021 508  4
 1893 3 1893 2 40313161  2
 1894 3 1894 1 40416707  3
 1902 3    0 0198012516170
 1903 2 1903 1 40511038  3
 1906 3 1906 2 4061 818  4
 1906 5 1906 2 4061 818  4
 1907 4 1907 2 4071 414  5
 1912 4 1912 2 4081 308  3
 1914 2 1914 1 4091 844170
 1914 3 1914 1 4091 844170
 1920 3 1920 2 4101 922  5
 1921 4 1921 2 41111399  7
 1921 5 1921 2 41111399  7
 1923 4 1923 2 41215714  2
 1923 5 1923 2 41215714  2
 1925 3 1925 2 41311901  2
 1926 2 1926 1 41415814 31
 1926 4 1926 1 41415814 31
 1929 2 1929 1 41512526 30
 1930 3 1930 1 41613345  1
 1930 5 1930 1 41613345  1
 1948 4 1948 2 41712053172
 1953 3 1953 2 4181 856  5
 1953 4 1953 2 4181 856  5
 1959 3 1959 2 41912509  3
 1959 4 1959 2 41912509  3
 1965 3 1965 2 42012621 30
 1968 3 1968 2 4211 673172
 1968 4 1968 2 4211 673172
 1969 2 1969 1 42213205  1
 1975 2 1975 1 42315570 31
 1979 2 1979 1 42416780  6
 1989 2 1989 1 42516229  5
 1989 3 1989 1 42516229  5
 1992 3 1992 2 4261 126  3
 1994 3 1994 2 42712515 31
 1994 4 1994 2 42712515 31
 1998 3 1998 2 42812848174
 1998 4 1998 2 42812848174
 2004 2 2004 1 42911634172
 2004 3 2004 1 42911634172
 2007 3 2007 2 43013309  2
 2007 4 2007 2 43013309  2
 2012 3 2012 2 4311 220170
 2013 2 2013 1 43211866171
 2016 3 2016 2 43311947171
 2016 4 2016 2 43311947171
 2020 2 2020 1 43415065 34
 2020 5 2020 1 43415065 34
 2022 3 2022 2 4351 941 31
 2022 4 2022 2 4351 941 31
 2025 5 2025 2 43611663  3
 2030 4 2030 2 43715922194
 2050 3 2050 1 43811621171
 2050 4 2050 1 43811621171
 2054 2 2054 1 43912594  3
 2068 3 2068 2 44015315173
 2068 5 2068 2 44015315173
 2069 3 2069 2 44112509173
 2069 4 2069 2 44112509173
 2070 3 2070 2 44212660172
 2070 4 2070 2 44212660172
 2074 2 2074 1 44311571 30
 2074 3 2074 1 44311571 30
 2075 2 2075 1 44411571176
 2076 2 2076 1 4451 840 32
 2076 3 2076 1 4451 840 32
 2087 2 2087 1 44616485 30
 2091 2 2091 1 44712032177
 2091 3 2091 1 44712032177
 2092 3 2092 1 44816212  2
 2092 4 2092 1 44816212  2
 2094 3 2094 2 44911222  5
 2098 3 2098 2 45011613172
 2098 4 2098 2 45011613172
 2105 3 2105 1 45116093  6
 2109 3 2109 2 45212261172
 2109 4 2109 2 45212261172
 2110 5 2110 2 45312717  5
 2111 4 2111 2 45411394  3
 2111 5 2111 2 45411394  3
 2113 4 2113 1 45515826175
 2114 2 2114 1 45611411 31
 2120 3 2120 2 4571  39174
 2123 2    0 0198115569172
 2123 3    0 0198115569172
 2133 4 2133 2 45812680  3
 2135 2 2135 1 45916820173
 2135 3 2135 1 45916820173
 2146 3 2146 2 46012848 30
 2146 4 2146 2 46012848 30
 2149 3 2149 2 46111345  6
 2152 3 2152 2 46212902  3
 2152 5 2152 2 46212902  3
 2153 4 2153 1 46311411  4
 2153 5 2153 1 46311411  4
 2164 3 2164 2 4641 699174
 2164 4 2164 2 4641 699174
 2165 4 2165 2 4651 771 30
 2166 3 2166 2 4661 939 31
 2183 5 2183 2 46715623172
 2184 3 2184 2 4681 257174
 2184 5 2184 2 4681 257174
 2188 2 2188 1 46915995 30
 2188 3 2188 1 46915995 30
 2190 3 2190 2 47012860  6
 2190 4 2190 2 47012860  6
 2191 3 2191 2 4711 625  5
 2191 4 2191 2 4711 625  5
 2192 2 2192 1 47211839 31
 2192 3 2192 1 47211839 31
 2194 3 2194 2 47312816  4
 2200 3 2200 2 47411695210
 2202 2 2202 1 47515922 38
 2202 3 2202 1 47515922 38
 2204 3 2204 2 47613024  2
 2206 3 2206 2 4771  61  5
 2206 5 2206 2 4771  61  5
 2210 3 2210 2 47812478  3
 2211 3 2211 1 47915287178
 2211 4 2211 1 47915287178
 2213 2 2213 1 48015287173
 2215 3 2215 2 48112727171
 2215 4 2215 2 48112727171
 2218 3 2218 2 48216822174
 2220 2 2220 1 48316845  7
 2222 4 2222 1 48416845  5
 2222 5 2222 1 48416845  5
 2227 2 2227 1 48512852172
 2227 4 2227 1 48512852172
 2228 3 2228 1 48613422  1
 2230 3 2230 2 48711131173
 2230 5 2230 2 48711131173
 2233 4 2233 2 4881 976172
 2237 3 2237 2 48912410  3
 2237 4 2237 2 48912410  3
 2238 3 2238 2 49012410 30
 2241 2 2241 1 4911 728 30
 2242 3 2242 2 49216210 30
 2246 2 2246 1 49315559172
 2248 2 2248 1 49415292  9
 2255 3 2255 2 4951 817170
 2258 4 2258 2 49611822171
 2267 2 2267 1 49716655  3
 2267 3 2267 1 49716655  3
 2269 2 2269 1 49815959  7
 2272 3 2272 2 49911901 30
 2277 3 2277 1 50013349  1
 2277 4 2277 1 50013349  1
 2285 3 2285 2 50112590 32
 2285 4 2285 2 50112590 32
 2290 3 2290 2 50211898  3
 2300 4 2300 2 50315569177
 2303 3 2303 1 50415813  6
 2303 4 2303 1 50415813  6
 2305 3 2305 2 50512509177
 2309 3 2309 2 50612326 35
 2309 4 2309 2 50612326 35
 2314 3 7122 219131 899  2
 2324 3 2324 2 50716571176
 2324 4 2324 2 50716571176
 2329 2 2329 1 5091 961 31
 2337 3    0 0198216707909
 2339 4 2339 2 51012311  3
 2339 5 2339 2 51012311  3
 2344 3 2344 2 51111959171
 2345 4 2345 2 5121 114170
 2350 3 2350 4 51316368  4
 2354 2 2354 1 51411399174
 2355 3 2355 2 51511468  6
 2369 3 2369 2 51711783  2
 2369 4 2369 2 51711783  2
 2377 3 2377 1 51815613178
 2378 5 2378 2 51916560170
 2381 3 2381 2 5201 910174
 2391 3 2391 2 52112108177
 2391 4 2391 2 52112108177
 2393 3 2393 2 52212704  3
 2393 4 2393 2 52212704  3
 2396 3 2396 2 52316765  5
 2398 2 2398 1 52416485180
 2399 4 2399 1 52516545  6
 2401 4 2401 2 52613365  2
 2401 5 2401 2 52613365  2
 2408 2 2408 1 52715938 31
 2408 3 2408 1 52715938 31
 2420 4 2420 2 5281 998170
 2420 5 2420 2 5281 998170
 2430 3 2430 2 5291 915172
 2430 4 2430 2 5291 915172
 2434 4 2434 2 5301 856  4
 2434 5 2434 2 5301 856  4
 2438 3 2438 2 53112175171
 2438 4 2438 2 53112175171
 2444 2 2444 1 53215640 32
 2444 4 2444 1 53215640 32
 2455 2 2455 1 5331 838  3
 2455 3 2455 1 5331 838  3
 2458 3 2458 2 53412432 34
 2458 4 2458 2 53412432 34
 2463 3 2463 2 53515230178
 2465 4 2465 1 53616735  7
 2465 5 2465 1 53616735  7
 2471 3 2471 2 53712299172
 2471 4 2471 2 53712299172
 2472 3 2472 2 5381 344178
 2472 4 2472 2 5381 344178
 2473 3 2473 2 53912411 30
 2473 4 2473 2 53912411 30
 2476 4 2476 2 54012783  3
 2477 3 2477 1 54115442 31
 2479 2 2479 1 54215133 31
 2479 3 2479 1 54215133 31
 2482 2 2482 1 54315542  2
 2484 3 2484 2 54412717  6
 2484 4 2484 2 54412717  6
 2489 3 2489 2 54512199180
 2489 4 2489 2 54512199180
 2492 3 2492 2 54612197 30
 2492 4 2492 2 54612197 30
 2497 3 2497 2 54711985172
 2498 3 2498 2 5481 655172
 2498 4 2498 2 5481 655172
 2501 3 2501 2 5491 673 30
 2510 3 2510 2 55013332  2
 2510 4 2510 2 55013332  2
 2511 3 2511 2 55113333  2
 2512 3 2512 2 55213416  2
 2513 3 2513 1 55313336  1
 2513 5 2513 1 55313336  1
 2530 3 2530 2 5541 180171
 2530 5 2530 2 5541 180171
 2533 2 2533 1 55511679  4
 2534 3 2534 2 55616698  4
 2536 3 2536 2 55711098 30
 2536 4 2536 2 55711098 30
 2537 3 2537 2 5581 931 30
 2537 4 2537 2 5581 931 30
 2540 3 2540 2 5591 634  7
 2540 5 2540 2 5591 634  7
 2543 3 2543 2 56011970  5
 2549 3 2549 1 56113032  1
 2552 3 2552 2 5621 613  5
 2554 4 2554 2 5631 391  3
 2559 3 2559 2 56416577183
 2560 3 2560 2 56515922210
 2560 5 2560 2 56515922210
 2562 3 2562 2 56613397  6
 2565 3 2565 2 56716545  7
 2565 4 2565 2 56716545  7
 2571 3 2571 1 56815570  5
 2572 3 2572 2 56911731  4
 2572 5 2572 2 56911731  4
 2574 2 2574 1 57016845  6
 2574 3 2574 1 57016845  6
 2576 3 2576 2 5711  47 32
 2577 2 2577 1 57213056  1
 2579 3 2579 2 57312852 33
 2581 2 2581 1 57412492170
 2585 3 2585 2 57511184174
 2585 4 2585 2 57511184174
 2587 3 2587 2 57611494175
 2587 4 2587 2 57611494175
 2590 4 2590 2 57711222  4
 2590 5 2590 2 57711222  4
 2599 3 2599 2 57813127  2
 2599 4 2599 2 57813127  2
 2601 4 2601 2 57912601171
 2601 5 2601 2 57912601171
 2607 3 2607 2 5801 656  5
 2607 4 2607 2 5801 656  5
 2609 3 2609 2 58113204  2
 2609 4 2609 2 58113204  2
 2610 3 2610 1 58213360  1
 2610 4 2610 1 58213360  1
 2612 4 2612 1 58313331  1
 2612 6 2612 1 58313331  1
 2614 5 2614 2 58413111  1
 2614 6 2614 2 58413111  1
 2620 3 2620 2 58513144  2
 2621 3 2621 1 58613121  1
 2623 2 2623 1 58715684  1
 2627 3 2627 2 58815576 31
 2630 4 2630 2 58912250173
 2631 4 2631 2 59011164173
 2638 4 2638 2 5911 952  3
 2639 4 2639 2 59216790171
 2639 5 2639 2 59216790171
 2640 2  885 1 17115306  1
 2644 3 2367 2 51616120193
 2645 5 2645 2 59311787171
 2654 2 2654 1 59416335  6
 2674 3 2674 2 59511798 34
 2678 3 2678 2 59611763  6
 2678 4 2678 2 59611763  6
 2679 3 2679 2 59712852184
 2679 4 2679 2 59712852184
 2680 3 2680 2 59811522171
 2686 2 2686 1 59912701  4
 2686 3 2686 1 59912701  4
 2696 3 2696 2 6001 922 30
 2697 3 2697 2 6011 922  4
 2697 4 2697 2 6011 922  4
 2703 3 2703 2 60213302  2
 2703 4 2703 2 60213302  2
 2709 3 2709 2 60311169  3
 2709 4 2709 2 60311169  3
 2715 3 2715 2 60412657  7
 2716 4 2716 2 60515281  3
 2718 2 2718 1 60615290  7
 2722 3 2722 2 6071 319  3
 2724 4 2724 2 6081 856  3
 2728 4 2728 2 60911893173
 2728 5 2728 2 60911893173
 2734 3 2734 2 61011286  4
 2744 2    0 0198316041170
 2744 3 2744 1 61116041  3
 2745 3 2745 1 61216287170
 2754 3 2754 2 61311684  5
 2754 4 2754 2 61311684  5
 2757 5 2757 2 61413171  2
 2758 3 2758 2 61511905173
 2766 5 2766 2 61612195  5
 2769 3 2769 2 61711960171
 2772 3 2772 2 61811516170
 2772 4 2772 2 61811516170
 2779 3 2779 2 61916191  2
 2780 3 2780 2 6201 762  4
 2782 3 2782 2 6211 459170
 2787 3 2787 2 62211695 10
 2789 3 2789 1 62315219 30
 2789 5 2789 1 62315219 30
 2790 2 2790 1 62416616172
 2790 3 2790 1 62416616172
 2791 3 2791 1 62511799  6
 2791 4 2791 1 62511799  6
 2793 5 2793 1 62615926  3
 2794 3 2794 2 62713409  2
 2794 4 2794 2 62713409  2
 2795 3 2795 2 62815425  3
 2795 4 2795 2 62815425  3
 2796 3 2796 2 62913437  2
 2796 7 2796 2 62913437  2
 2801 3 2801 2 6301  18170
 2802 3 2802 2 6311  18 31
 2802 4 2802 2 6311  18 31
 2804 3 2804 1 63215635  2
 2804 4 2804 1 63215635  2
 2809 3 2809 2 63312276170
 2811 3 2811 2 6341 649 30
 2811 4 2811 2 6341 649 30
 2812 3 2812 2 63513034  2
 2813 3 2813 2 63611905172
 2813 4 2813 2 63611905172
 2814 4 2814 2 6371 823  4
 2815 3 2815 2 63813323  2
 2815 4 2815 2 63813323  2
 2819 3 2819 2 63911624  3
 2819 4 2819 2 63911624  3
 2820 2 2820 1 64011061  4
 2820 3 2820 1 64011061  4
 2823 2 2823 1 6411 209170
 2826 4 2826 1 64211805  2
 2827 3 2827 2 64316438 30
 2830 3 2830 2 64412655173
 2832 2 2832 1 64515656171
 2833 3 2833 1 64616217  3
 2837 3 2837 2 64713386  2
 2837 4 2837 2 64713386  2
 2839 3 2839 2 64811697 37
 2839 4 2839 2 64811697 37
 2844 3 2844 2 64916546182
 2845 4 2845 2 65015926  5
 2845 5 2845 2 65015926  5
 2846 2 2846 1 65116231 31
 2847 3 2847 2 65213367  2
 2847 4 2847 2 65213367  2
 2849 3 2849 2 65313221  2
 2849 5 2849 2 65313221  2
 2850 3 2850 2 65413232  2
 2850 4 2850 2 65413232  2
 2851 3 2851 2 65512722  3
 2854 3 2854 2 65616030178
 2855 3 2855 1 65711290 21
 2855 4 2855 1 65711290 21
 2860 4 2860 2 6581 633 30
 2860 5 2860 2 6581 633 30
 2861 4 2861 2 65912897  4
 2862 3 2862 2 66013124  2
 2863 3 2863 2 66112645171
 2864 3 2864 2 66211917  4
 2866 3 2866 2 6631 656  4
 2866 5 2866 2 6631 656  4
 2869 4 2869 2 6641 750174
 2870 2 2870 1 66516655  2
 2870 3 2870 1 66516655  2
 2875 3 2875 2 6661 699  4
 2875 4 2875 2 6661 699  4
 2877 2 2877 1 66715625170
 2878 3 2878 2 66815619  5
 2882 3 2882 2 6691 814 30
 2886 2 2886 1 67016436 31
 2886 3 2886 1 67016436 31
 2888 3 2888 2 67111663  9
 2888 4 2888 2 67111663  9
 2889 4 2889 2 67211823170
 2893 4 2893 2 67315940  3
 2898 2 2898 1 67411697176
 2900 3 2900 2 67516577  7
 2901 3 2901 2 67615921172
 2904 4 2904 2 6771 821170
 2905 3 2905 2 67815230  6
 2907 2 2907 1 67916161  4
 2908 3 2908 2 68015366192
 2908 5 2908 2 68015366192
 2909 2 2909 1 68116485177
 2909 4 2909 1 68116485177
 2914 4 2914 2 68215446  3
 2916 3 2916 1 68315573  8
 2917 3 2917 2 68416231 33
 2918 2 2918 1 68516161  7
 2918 3 2918 1 68516161  7
 2923 2 2923 3 68615874 30
 2925 2 2925 1 68712786  6
 2925 3 2925 1 68712786  6
 2926 3 2926 1 68816826  7
 2931 2 2931 1 68915314 30
 2931 3 2931 1 68915314 30
 2939 3 2939 2 6901 228172
 2942 2 2942 1 6911 311  3
 2942 3 2942 1 6911 311  3
 2945 3 2945 1 6921   7171
 2945 4 2945 1 6921   7171
 2950 2 2950 1 69316635 32
 2952 3 2952 2 69413123  2
 2953 3 2953 2 69511917172
 2953 4 2953 2 69511917172
 2955 3 2955 1 69615216  3
 2956 3 2956 2 6971 725177
 2959 3 2959 2 6981 674  5
 2961 3 2961 2 69913061  2
 2961 4 2961 2 69913061  2
 2964 3 2964 2 70011700175
 2965 3 2965 1 70116028  8
 2965 4 2965 1 70116028  8
 2968 4 2968 2 70211926  3
 2968 5 2968 2 70211926  3
 2969 2 2969 1 70315464184
 2969 3 2969 1 70315464184
 2970 3 2970 2 70415464 32
 2972 5 2972 2 70511920  3
 2972 6 2972 2 70511920  3
 2979 3 2979 2 70616200 10
 2980 3 2980 1 70715819  5
 2981 2 2981 1 70815429  8
 2981 3 2981 1 70815429  8
 2982 2 2982 1 70915136 11
 2982 3 2982 1 70915136 11
 2992 3 2992 2 71012080170
 2992 4 2992 2 71012080170
 2993 2 2993 1 71112250  6
 3000 3 3000 1 71216605 12
 3000 4 3000 1 71216605 12
 3011 2 3011 1 71313352  2
 3012 3 3012 2 7141 913173
 3017 5 3017 2 7151 751172
 3018 3 3018 2 7161 751 30
 3021 3 3021 2 7171 880175
 3021 4 3021 2 7171 880175
 3024 3 3024 2 7181 796  4
 3024 4 3024 2 7181 796  4
 3029 3 3029 1 71916103  5
 3030 4 3030 1 72015825  2
 3030 5 3030 1 72015825  2
 3032 2 3032 1 72112509170
 3034 2 3034 1 72215990  4
 3036 3 3036 2 72315898  3
 3036 4 3036 2 72315898  3
 3038 6 3038 2 72415613170
 3040 3 3040 2 72515623  7
 3042 3 3042 2 72612485  3
 3046 4 3046 2 72712890  5
 3049 2 3049 1 72816381184
 3051 2 3051 1 72916024  2
 3052 3 3052 2 73012432190
 3052 5 3052 2 73012432190
 3056 4 3056 3 73115017171
 3059 5    0 0198416041171
 3059 6    0 0198516041181
 3060 2 3060 1 73216287 33
 3060 3 3060 1 73216287 33
 3061 3 3061 2 73312392  4
 3061 4 3061 2 73312392  4
 3063 3 3063 2 73416485172
 3067 2 3067 1 73515635  3
 3078 3 3078 1 73615849  8
 3086 3 3086 2 7371 922170
 3086 4 3086 2 7371 922170
 3089 4 3089 2 73816361  3
 3089 5 3089 2 73816361  3
 3091 3 3091 2 7391 783171
 3092 3 3092 2 74011000  4
 3092 4 3092 2 74011000  4
 3097 4 3097 2 74115363  3
 3100 3 3100 2 74212524171
 3105 3 3105 2 7431 868181
 3108 4 3108 1 74416801172
 3111 4 3111 2 74516103  7
 3111 5 3111 2 74516103  7
 3112 3 3112 2 7461 866  4
 3112 4 3112 2 7461 866  4
 3121 4 3121 2 74716765  7
 3121 5 3121 2 74716765  7
 3122 3 3122 2 74815451171
 3123 3 3123 2 74913368  6
 3123 4 3123 2 74913368  6
 3124 3 3124 2 75013441  2
 3124 5 3124 2 75013441  2
 3126 2 3126 1 75116820  2
 3132 3 3132 1 75215015  3
 3134 2 3134 1 75311701  3
 3138 3 3138 2 7541 775172
 3139 5 3139 2 75511919172
 3139 6 3139 2 75511919172
 3145 3 3145 2 7561 713176
 3146 2 3146 1 75713105  2
 3146 3 3146 1 75713105  2
 3157 2 3157 1 75816736184
 3159 2 3159 1 75915539  6
 3159 3 3159 1 75915539  6
 3160 3 3160 2 76015539  3
 3160 4 3160 2 76015539  3
 3166 3 3166 2 7611 510 30
 3170 3 3170 2 76212117  3
 3170 4 3170 2 76212117  3
 3174 2 3174 1 76315990 31
 3177 2 3606 2 89111572  4
 3180 3 3180 1 76411663  8
 3181 3 3181 1 76511845170
 3181 4 3181 2 76521845  3
 3187 2 3187 1 76615366 32
 3188 3 3188 2 76713378  2
 3188 4 3188 2 76713378  2
 3190 2 3190 1 76815872 31
 3194 2 3194 1 76915314172
 3194 3 3194 1 76915314172
 3202 3 3202 1 77012897179
 3208 3 3208 2 77116358170
 3209 2 3209 1 77215849 31
 3212 4 3212 2 77315553171
 3213 4 3213 1 77416093 11
 3213 5 3213 1 77416093 11
 3214 3 3214 2 77516187 10
 3214 4 3214 2 77516187 10
 3228 4 3228 2 77616365 11
 3228 5 3228 2 77616365 11
 3229 3 3229 2 77716853 30
 3230 3 3230 2 7781 626 34
 3230 4 3230 2 7781 626 34
 3234 3 3234 2 77912109  2
 3234 4 3234 2 77912109  2
 3236 5 3236 1 78015048  4
 3237 4 3237 2 78116801170
 3237 5 3237 2 78116801170
 3239 3 3239 2 78212577173
 3239 4 3239 2 78212577173
 3240 3 3240 1 78315899  3
 3240 4 3240 1 78315899  3
 3244 4 3244 2 78415066  6
 3244 5 3244 2 78415066  6
 3246 4 3246 2 78515066  3
 3263 3 3263 2 78611298  5
 3263 4 3263 2 78611298  5
 3268 4 3268 2 78716358  6
 3270 4 3270 2 7881 773  4
 3270 5 3270 2 7881 773  4
 3274 3 3274 2 7901 634  6
 3282 2 3282 1 79115706  3
 3284 4 3284 2 79212461174
 3284 5 3284 2 79212461174
 3286 4 3286 2 79316217172
 3286 5 3286 2 79316217172
 3287 3 3287 2 79413045  2
 3287 4 3287 2 79413045  2
 3293 3 3293 2 79512898  2
 3294 2 3294 1 79612898170
 3295 3 3295 2 79711542176
 3295 4 3295 2 79711542176
 3297 2 3297 1 79815885174
 3299 3 3299 2 79912726  3
 3299 4 3299 2 79912726  3
 3302 4 3302 1 80011697172
 3303 5 3303 2 80111695181
 3305 3 3305 1 80215612183
 3305 4 3305 1 80215612183
 3306 3 3306 2 80313373  2
 3306 4 3306 2 80313373  2
 3309 4 3309 2 80415570198
 3309 5 3309 2 80415570198
 3310 3 3310 2 8051  18173
 3312 2 3312 1 80616820 30
 3313 4 3313 2 8071  18185
 3316 2 3316 1 80812672171
 3318 4 3318 2 80916843173
 3322 4 3322 2 81015314  5
 3323 3 3323 2 81111335179
 3323 4 3665 2 91411591171
 3324 3 3324 2 81211335183
 3328 3 3328 2 81311701178
 3328 4 3328 2 81311701178
 3338 2 3338 1 81413116  1
 3344 3 3344 2 81512642 30
 3346 4 3346 2 81611932173
 3350 4 3350 2 81712088  4
 3352 4 3352 2 81813191  2
 3353 3 3353 2 81915393 30
 3357 4 3357 1 82015539  7
 3357 5 3357 1 82015539  7
 3358 4 3358 2 82115626170
 3360 3 3360 2 82216553  4
 3360 4 3360 2 82216553  4
 3363 3 3363 2 82311608 30
 3363 4 3363 2 82311608 30
 3364 3 3364 2 8241 751 31
 3364 4 3364 2 8241 751 31
 3367 2 3367 1 82516232  7
 3368 4 3368 2 82611866170
 3375 3 3375 2 82716436 33
 3376 4 3376 2 82816740  3
 3378 3 3378 2 82912474171
 3379 3 3379 2 83015614177
 3383 4 3383 2 83115299  9
 3393 3 3393 2 83212210 30
 3393 4 3393 2 83212210 30
 3397 2 3397 1 83312272  3
 3398 3 3398 2 83411597  3
 3398 4 3398 2 83411597  3
 3399 3 3399 1 83511762176
 3399 4 3399 2 83521762  6
 340852 3408 2 83616843  6
 3417 3 3417 2 83711014 30
 3426 3 3426 2 83912017172
 3429 3 3429 2 84016077174
 3430 2 3430 1 84116370 33
 3430 3 3430 1 84116370 33
 3434 3 3434 1 84216853  3
 3436 4 3436 2 84312355174
 3436 5 3436 2 84312355174
 3437 3 3437 2 84412054  3
 3437 4 3437 2 84412054  3
 3438 3 3438 2 84512205  5
 3442 4 3442 2 84612753172
 3443 5 3443 2 84712753  4
 3446 3 3446 2 84815991  2
 3446 4 3446 2 84815991  2
 3447 2 3447 1 84916740  4
 3447 3 3447 1 84916740  4
 3451 3 3451 2 85011572  5
 3451 4 3451 2 85011572  5
 3464 3 3464 2 85115397  5
 3464 4 3464 2 85115397  5
 3466 3 3466 2 8521 835173
 3466 4 3466 2 8521 835173
 3477 3 3477 2 8531 203  5
 3477 5 3477 2 8531 203  5
 3481 3 3481 2 8541 597176
 3481 4 3481 2 8541 597176
 3485 3 3485 2 85511930  5
 3485 4 3485 2 85511930  5
 3489 3 3489 2 85611915171
 3489 4 3489 2 85611915171
 3492 3 3492 2 8571 698  7
 3492 4 3492 2 8571 698  7
 3493 2 3493 1 85815683 31
 3498 2 3498 1 85915479 30
 3502 3 3502 1 86011697  6
 3503 5 3503 3 8611 686 33
 3504 3 3504 2 86213091  2
 3504 4 3504 2 86213091  2
 3506 3 3506 2 86313196  2
 3506 6 3506 2 86313196  2
 3510 3 3510 1 86411541171
 3510 4 3510 1 86411541171
 3518 2 3518 1 86511568 32
 3525 3 3525 2 86616361  6
 3530 3 3530 2 86711879175
 3530 4 3530 2 86711879175
 3533 4 3533 2 86811805174
 3533 5 3533 2 86811805174
 3540 3 3540 2 86915057  4
 3540 4 3540 2 86915057  4
 3541 3 3541 2 8701 664  8
 3541 4 3541 2 8701 664  8
 3542 2 3542 1 87116232 32
 3542 3 3542 1 87116232 32
 3543 3 3543 2 8721 221171
 3545 3 3545 1 87315871  6
 3555 3 3555 5 87416522  1
 3565 3 3565 2 8751 178171
 3565 4 3565 2 8751 178171
 3567 4 3567 2 87613380  2
 3567 5 3567 2 87613380  2
 3568 2 3568 1 87715416  6
 3570 2 3570 1 87815424 30
 3570 3 3570 1 87815424 30
 3572 3 3572 2 8791 946172
 3575 4 3575 2 88013125  2
 3575 5 3575 2 88013125  2
 3577 3 3577 2 88116357 31
 3581 3 3581 2 88212282177
 3583 3 3583 2 88311627 30
 3585 5 3585 1 88415801  4
 3586 3 3586 2 88511837172
 3586 4 3586 2 88511837172
 3589 4 3589 1 88615057  8
 3589 5 3589 1 88615057  8
 3597 3 3597 2 88712461  4
 3600 4 3600 2 8881 548175
 3601 4 3601 2 88912731  1
 3605 4 3605 1 89015990  3
 3605 5 3605 1 89015990  3
 3607 3 3607 2 89216414  1
 3608 2 3608 1 89316867200
 3608 3 3608 1 89316867200
 3611 5 3611 2 89415478170
 3616 4 3616 2 89516872170
 3620 3 3620 1 89611306  3
 3621 3 3621 2 89712640  4
 3628 3 3628 2 8981 711  3
 3628 4 3628 2 8981 711  3
 3629 4 3629 2 89912016  4
 3633 3 3633 2 90013025  2
 3633 4 3633 2 90013025  2
 3638 4 3638 2 90113371  2
 3638 5 3638 2 90113371  2
 3641 4 3641 2 90213197  2
 3644 3 3644 2 9031 573  4
 3644 4 3644 2 9031 573  4
 3645 3 3645 1 90415872  6
 3647 6 5670 1152412907  9
 3649 3 3649 1 90516826  6
 3652 3 3652 2 90615430 30
 3652 4 3652 2 90615430 30
 3653 3 3653 2 90715812171
 3654 2 3654 1 90815447 30
 3654 3 3654 1 90815447 30
 3656 2 3656 1 90916053175
 3657 2 3657 1 91015082  3
 3659 5 3659 2 91116053177
 3659 6 3659 2 91116053177
 3660 3 3660 2 91215476171
 3663 4 3663 2 91311335174
 3665 4 3665 2 91411591171
 3665 5 3665 2 91411591171
 3668 4 3668 2 91512302 11
 3668 5 3668 2 91512302 11
 3671 4 3671 2 91615655171
 3675 3 3675 2 91711568173
 3679 2 3679 1 91816368178
 3679 3 3679 1 91816368178
 3680 3 3680 2 9191 897  4
 3682 3 3682 2 92016357  3
 3693 4 3693 2 92113115  2
 3697 4 3697 2 92211000  3
 3710 3 3710 2 9231 713183
 3713 3 3713 2 92412639  3
 3716 3 3716 2 92512125  6
 3716 4 3716 2 92512125  6
 3717 3 3717 2 92612125  4
 3717 4 3717 2 92612125  4
 3719 5 3719 2 92711274  3
 3722 3 3722 2 92815393171
 3728 4 3728 2 9291 970  3
 3730 3 3730 2 93011072170
 3730 4 3730 2 93011072170
 3737 5 3737 1 93116499170
 3738 3 3738 2 93215299  8
 3738 8 3738 2 93215299  8
 3739 5 3739 2 93316624  3
 3740 3 3740 1 93415683  7
 3741 4 3741 2 93516864  3
 3742 3 3742 1 93615069  4
 3742 4 3884 1 97815069 31
 3743 2 3743 1 93715055 31
 3743 3 3743 1 93715055 31
 3747 3 3747 2 93813019  2
 3750 3 3750 2 93915643  6
 3750 4 3750 2 93915643  6
 3754 4 3754 2 94011292  4
 3758 3 3758 2 94111928171
 3760 5 3760 1 94211368172
 3765 3 3765 2 94315403171
 3765 4 3765 2 94315403171
 3769 4 3769 2 94416724  8
 3770 5 3770 2 94511222  3
 3772 3 3772 2 9461 327172
 3775 2 3775 1 94716152  2
 3776 3 3776 2 94815678172
 3776 5 3776 2 94815678172
 3777 3 3777 2 94916626  3
 3784 3 3784 1 95012506  3
 3800 3 3800 2 9511  50  5
 3800 4 3800 2 9511  50  5
 3809 3 3809 2 95216216  3
 3811 4 3811 2 95315706  9
 3812 3 3812 1 95415259 10
 3814 3 3814 2 95512461  3
 3821 5 3821 2 95616103  3
 3821 6 3821 2 95616103  3
 3825 3 3825 1 95715683  8
 3825 4 3825 1 95715683  8
 3828 4 3828 1 95816024  3
 3828 5 3828 1 95816024  3
 3832 2 3832 1 95911368  1
 3834 6 3834 2 96013376  2
 3834 7 3834 2 96013376  2
 3837 3 3837 2 96115635190
 3840 3 3840 2 96211547  3
 3840 4 3840 2 96211547  3
 3841 4 3841 2 96316375 30
 3841 5 3841 2 96316375 30
 3843 2 3843 1 96411682175
 3843 3 3843 1 96411682175
 3846 3 3846 2 96511591172
 3846 4 3846 2 96511591172
 3848 5 3848 2 96612302  8
 3849 3 3849 2 9671 674171
 3855 2    0 0198613320900
 3856 3 3856 2 96811045 30
 3857 2 3857 1 96916370 31
 3857 3 3857 1 96916370 31
 3861 3 3861 2 97013178  2
 3861 5 3861 2 97013178  2
 3865 4 3865 1 97115057 15
 3865 5 3865 1 97115057 15
 3868 2 3868 1 97215539  4
 3869 3 3869 2 97316549  4
 3869 4 3869 2 97316549  4
 3871 3 3871 2 97412237172
 3877 4 3877 2 97515994  6
 3879 3 3879 1 97616738  3
 3882 3 3882 2 97712060  3
 3891 4 3891 2 97915570 11
 3891 5 3891 2 97915570 11
 3892 4 3892 2 98012434  3
 3893 2 3893 1 98112207 21
 3893 3 3893 1 98112207 21
 3894 4 3894 2 98211092  3
 3894 5 3894 2 98211092  3
 3896 2 3896 1 98316086  1
 3897 3 3897 2 98416626  7
 3898 2 3898 1 98516086  3
 3899 4 3899 2 98612302189
 3902 3 3902 2 98711559170
 3903 3 3903 2 98812138175
 3908 3 3908 2 98912717173
 3909 5 3909 2 99011919170
 3916 2 3916 1 99115350 30
 3916 3 3916 1 99115350 30
 3921 3 3921 2 99212176175
 3921 4 3921 2 99212176175
 3922 4 3922 2 9931 677172
 3923 3 3923 2 99416154  3
 3925 3 3925 2 9951 863  6
 3925 4 3925 2 9951 863  6
 3927 3 3927 2 99611285  5
 3927 4 3927 2 99611285  5
 3934 3 3934 2 99713229  2
 3934 4 3934 2 99713229  2
 3936 4 3936 2 99816724170
 3936 5 3936 2 99816724170
 3939 3 3939 2 99911298172
 3941 5 3941 2100012801171
 3942 3 3942 1100112707179
 3942 4 3942 1100112707179
 3944 3 3944 2100211485  3
 3944 4 3944 2100211485  3
 3951 3 3951 1100312615174
 3952 3 3952 2100411434 32
 3954 4 3954 2100515264  4
 3954 5 3954 2100515264  4
 3955 2 3955 1100615350 31
 3958 2 3958 1100712198171
 3963 3 3963 2100812846  6
 3963 4 3963 2100812846  6
 3965 3 3965 210091 677182
 3969 2 3969 1101015676176
 3980 3 3980 2101211762 32
 3980 4 3980 2101211762 32
 3982 4 3982 2101313085  2
 3986 6 3986 410141 687  3
 3989 3 3989 210151 280172
 3989 4 3989 210151 280172
 3991 3 3991 2101613094  2
 3991 4 3991 2101613094  2
 3992 3 3992 2101713238  2
 3992 4 3992 2101713238  2
 3993 3 3993 2101813242  2
 3993 4 3993 2101813242  2
 4004 3 4004 1101915499182
 4005 4 4005 2102011684  6
 4005 5 4005 2102011684  6
 4007 3 4007 1102115274  4
 4007 4 4007 1102115274  4
 4008 4 4008 2102212852  6
 4008 6 4008 2102212852  6
 4009 4 4009 2102312643  3
 4014 3 4014 1102416724 31
 4028 3 4028 2102512302 32
 4029 2 4029 1102612302201
 4031 3 4031 210271 564 32
 4040 3 4040 2102811221170
 4040 4 4040 2102811221170
 4041 3 4041 210291 691176
 4046 3 4046 2103012822175
 4050 4 4050 1103111925  1
 4051 4 4051 2103211445173
 4051 5 4051 2103211445173
 4053 3 4053 2103311096174
 4060 3 4060 2103411048191
 4060 4 4060 2103411048191
 4061 4 4061 2103511048  4
 4066 3 4066 2103611915  5
 4071 2 4071 1103716436 36
 4073 4 4073 2103815488  7
 4075 3 4075 2103912603177
 4075 4 4075 2103912603177
 4092 3 4092 2104111762 30
 4093 2 4093 1104215034170
 4093 3 4093 1104215034170
 4096 3 4096 2104312108  5
 4096 4 4096 2104312108  5
 4097 4 4097 2104412680174
 4097 5 4097 2104412680174
 4106 3 4106 2104511807170
 4113 2 4113 1104615126  1
 4121 2 4121 110471 897  6
 4128 4 4128 210481 630171
 4130 3 4130 2104912030175
 4132 3 4132 1105015335  4
 4132 4 4132 1105015335  4
 4136 3 4136 210511 713 33
 4139 3 4139 2105212285175
 4139 4 4139 2105212285175
 4140 4 4140 2105312532  3
 4140 5 4140 2105312532  3
 4141 3 4141 210541 782  3
 4145 3 4145 2105512353171
 4145 5 4145 2105512353171
 4150 3 4150 210561 749173
 4151 3 4151 2105712198  5
 4155 7 4155 2105812443175
 4160 4 4160 1105911150170
 4161 4 4161 2106015916  8
 4162 3 4162 2106111695  2
 4163 3 4163 2106211762180
 4166 4 4166 2106312225170
 4169 3 4169 210641 368170
 4170 3 4170 2106516157  3
 4179 2 4179 1106615771170
 4182 4 4182 1106715814  5
 4182 5 4182 1106715814  5
 4183 2 4183 1106812004177
 4183 3 4183 1106812004177
 4184 3 4184 2106912435172
 4184 4 4184 2106912435172
 4186 4 4186 2107016170171
 4186 5 4186 2107016170171
 4187 2 4187 1107115308  4
 4191 4 4191 210721 909  3
 4192 3 4192 210731 908  6
 4192 4 4192 210731 908  6
 4194 3 4194 2107412756  3
 4194 4 4194 2107412756  3
 4203 3 4203 210751 354171
 4206 3 4206 2107616625170
 4210 3 4210 2107711260 39
 4211 3 4211 2107813291  2
 4212 2 4212 110791 106173
 4212 3 4212 110791 106173
 4214 3 4214 210801 355  3
 4216 3 4216 1108115012183
 4216 4 4216 1108115012183
 4220 3 4220 2108212569 31
 4220 4 4220 2108212569 31
 4221 4 4221 1108312302173
 4226 3 4226 2108411786  3
 4227 3 4227 2108512240 30
 4230 3 4230 210861 323173
 4231 2 4231 110871 783  3
 4237 3 4237 2108815610  3
 4237 4 4237 2108815610  3
 4242 3 4242 2108912055  3
 4242 4 4242 2108912055  3
 4247 4 4247 2109011859171
 4251 2 4251 110911 846  6
 4251 3 4251 110911 846  6
 4257 3 4257 210921 639175
 4258 2 4258 110931 702 30
 4259 2 4259 1109415495 30
 4259 3 4259 1109415495 30
 4262 3 4262 2109511695 34
 4265 4 4265 2109615034  5
 4268 3 4268 2109713070  2
 4271 3 4271 2109811965  5
 4274 2 4274 1109915366 33
 4278 2 4278 1110016546  9
 4278 3 4278 1110016546  9
 4279 5    0 0198716041181
 4280 3 4280 2110113375170
 4283 2 4283 1110212271  5
 4285 3 4285 211031  47 31
 4285 4 4285 211031  47 31
 4289 5 4289 2110416064  4
 4289 6 4289 2110416064  4
 4291 2 4291 1110511505  4
 4292 2 4292 1110616434170
 4305 3 4305 2110712897  3
 4305 4 4305 2110712897  3
 4307 3 4307 1110812129183
 4310 3 4310 2110911917  5
 4310 4 4310 2110911917  5
 4318 2 4318 1111016607  8
 4319 4 4319 2111116635176
 4321 5 4321 111121 729  6
 4321 6 4321 111121 729  6
 4327 4 4327 2111312615  7
 4327 5 4327 2111312615  7
 4330 3 4330 211141 691172
 4330 4 4330 211141 691172
 4332 3 4332 2111516370 32
 4334 3 4334 2111615900  5
 4335 3 4335 2111712807170
 4335 4 4335 2111712807170
 4338 4 4338 2111815562  5
 4339 4 4339 2111915684205
 4343 2 4343 1112015440  3
 4343 3 4343 1112015440  3
 4345 3    0 0198815136187
 4348 4 4348 2112111411184
 4355 4 4355 211221 833178
 4360 3 4360 1112315393 33
 4361 2 4361 1112415305  6
 4361 3 4361 1112415305  6
 4363 2 4363 1112515547170
 4370 3 4370 211261 880174
 4378 3 4378 2112711480 31
 4378 4 4378 2112711480 31
 4385 6 4385 1112815623  8
 4385 7 4385 1112815623  8
 4394 3 4394 1112911168  8
 4395 3 4395 1113012177178
 4401 3 4401 2113112468171
 4401 4 4401 2113112468171
 4407 3 4407 1113212225172
 4409 5 4409 2113313375  2
 4410 4 4410 2113413369  2
 4410 7 4410 2113413369  2
 4416 2 4416 1113511547  5
 4417 2 4417 1113616724 30
 4417 3 4417 1113616724 30
 4428 4 4428 2113716327  4
 4428 5 4428 2113716327  4
 4433 3 4433 1113811411  7
 4439 4 4439 2113915527172
 4440 4 4440 2114016110179
 4441 2 4441 1114115537  3
 4442 4 4442 2114216736  3
 4446 3 4446 1114316125  5
 4446 5 4446 1114316125  5
 4450 3 4450 2114412151  3
 4452 3 4452 211451 181171
 4452 4 4452 211451 181171
 4453 3 4453 2114616073 31
 4454 3 4454 2114715613  6
 4456 3 4456 2114815613 12
 4456 4 4456 2114815613 12
 4457 3 4457 2114915615 11
 4461 2 4461 3115016073  2
 4463 2 4464 1115116664172
 4464 2 4464 1115116664172
 4472 2 4472 1115212019  4
 4475 2 3977 1101111695 37
 4480 3 4480 2115311013  7
 4480 5 4480 2115311013  7
 4482 3 4482 1115416575171
 4482 4 4482 1115416575171
 4484 3 4484 1115511121174
 4490 3 4490 2115611351174
 4490 4 4490 2115611351174
 4493 2 4493 1115715901175
 4494 3 4494 2115816789  7
 4495 4 4495 2115916377  5
 4495 5 4495 2115916377  5
 4496 3 4496 1116012240170
 4498 2 4498 1116115820  7
 4498 3 4498 1116115820  7
 4499 2 5061 1133912867  3
 4502 3 4502 2116212280  2
 4503 5 4503 2116312280172
 4503 6 4503 2116312280172
 4505 3 4505 211641 760171
 4505 4 4505 211641 760171
 4511 4 4511 2116511893174
 4511 5 4511 2116511893174
 4513 3 4513 211661 605  3
 4518 2 4518 1116715052  4
 4523 2 4523 1116815995  6
 4523 5 4523 1116815995  6
 4536 5 4536 2116911975  4
 4536 6 4536 2116911975  4
 4537 3 4537 211701 465 30
 4537 4 4537 211701 465 30
 4540 3 4540 2117116615  4
 4545 4 4545 111721 717  4
 4546 3 4546 2117312618 31
 4557 3 4557 1117415628  6
 4557 5 4557 1117415628  6
 4562 2 4562 1117516127178
 4563 2 4563 1117612875  7
 4563 3 4563 1117612875  7
 4567 3 4567 2117715960 38
 4568 3 4568 2117812629  3
 4568 4 4568 2117812629  3
 4573 3 4573 2117915526 10
 4577 3 4577 211801 706170
 4577 4 4577 211801 706170
 4580 4 4580 2118113408  2
 4581 3 4581 1118211807 30
 4583 4 4583 1118311302  3
 4584 7 4584 2118416785  7
 4584 8 4584 2118416785  7
 4585 3 4585 2118515012187
 4592 2 4592 1118616635  9
 4592 5 4592 1118616635  9
 4596 3 4596 2118712067188
 4596 4 4596 2118712067188
 4600 3 4600 2118812524172
 4604 2 4604 1118912181 30
 4607 3    0 0198915909184
 4608 3 4608 1119016111  4
 4608 4 4608 1119016111  4
 4613 3 4613 2119112198  3
 4613 4 4613 2119112198  3
 4614 3 4614 111921 779173
 4616 5 4616 211931 151171
 4616 6 4616 211931 151171
 4617 3 4617 1119415834  7
 4622 3 4622 211951 602184
 4623 3 4623 2119612177  5
 4623 4 4623 2119612177  5
 4626 3 4626 2119712750172
 4626 4 4626 2119712750172
 4627 3 4627 2119812851  5
 4627 4 4627 2119812851  5
 4628 3 4628 1119912851  3
 4628 4 4628 1119912851  3
 4629 2 4629 112001 916 31
 4632 3 4632 2120115392 30
 4632 4 4632 2120115392 30
 4643 3 4643 2120212412 30
 4644 5 4644 2120313063  2
 4644 6 4644 2120313063  2
 4646 3 4646 2120411230 30
 4649 3 4649 2120511862 30
 4649 4 4649 2120511862 30
 4651 3 4651 2120616545  5
 4651 4 4651 2120616545  5
 4655 4 4655 2120712907174
 4655 5 4655 2120712907174
 4656 3 4656 2120812593170
 4658 3 4658 2120912786171
 4659 3 6545 1177815548  9
 4661 2 4661 1121016107 30
 4663 2 4663 1121116107  6
 4665 3 4665 2121216800 37
 4673 2 4673 112131 964173
 4677 3 4677 2121415199178
 4681 2 4681 1121616368  5
 4684 2 4684 1121715863 33
 4687 3 4687 112181 490172
 4690 3 4690 212191 999  4
 4690 4 4690 212191 999  4
 4692 3 4692 212201 610173
 4695 4 4695 212211 165  4
 4699 3 4699 2122212869 30
 4701 3 4701 2122315987188
 4701 4 4701 2122315987188
 4706 5 4706 212241 672  3
 4711 3 4711 2122516854172
 4712 3 4712 2122615491177
 4714 2 4714 1122715491  4
 4715 2 4715 1122815332 31
 4715 3 4715 1122815332 31
 4716 3 4716 212291  51 30
 4716 4 4716 212291  51 30
 4718 2 4718 1123015031  6
 4718 3 4718 1123015031  6
 4721 3 4721 2123115332 32
 4723 5 4723 2123215458170
 4724 3 4724 2123311051 38
 4724 4 4724 2123311051 38
 4733 5 4733 2123415990172
 4733 7 4733 2123415990172
 4738 2 4738 1123515646  6
 4738 4 4738 1123515646  6
 4750 3 4084 110401 636  2
 4750 5 4750 212361 636170
 4753 3 4753 2123712393  4
 4753 4 4753 2123712393  4
 4755 3 4755 2123815462170
 4755 4 4755 2123815462170
 4756 3 4756 1123915592  7
 4756 4 4756 1123915592  7
 4758 2 4758 1124012016  6
 4758 3 4758 1124012016  6
 4767 2 4767 112411 432 31
 4771 4 4771 2124215464  7
 4773 3 4773 212431  96  5
 4775 5 4775 1124416150  4
 4775 6 4775 1124416150  4
 4779 3 4779 2124512618  3
 4779 4 4779 2124512618  3
 4780 3 4780 212461 700176
 4780 4 4780 212461 700176
 4782 3 4782 2124716203  2
 4782 4 4782 2124716203  2
 4785 3 4785 2124816605190
 4785 5 4785 2124816605190
 4788 3 4788 2124915057190
 4793 3 4793 212501 796173
 4794 3 4794 2125112237171
 4799 3 4799 1125215660  5
 4800 4 4800 1125311542174
 4800 5 4800 1125311542174
 4802 3 4802 2125415462174
 4802 4 4802 2125415462174
 4806 3 4806 2125511945179
 4808 3 4808 2125613404  2
 4808 4 4808 2125613404  2
 4809 3 4809 2125713233  2
 4809 4 4809 2125713233  2
 4810 3 4810 2125813090  2
 4810 4 4810 2125813090  2
 4812 4 4812 2125916030  7
 4812 6 4812 2125916030  7
 4814 2 4814 1126015549  6
 4814 3 4814 1126015549  6
 4817 4    0 0199016107922
 4819 3 4819 1126115464  2
 4821 3 4821 1126215154  8
 4822 4 4822 2126315142174
 4822 5 4822 2126315142174
 4826 3 4826 1126412799  5
 4826 4 4826 1126412799  5
 4828 4 4828 2126511152176
 4830 3 4830 212661 729183
 4830 4 4830 212661 729183
 4832 4 4832 212671 769  4
 4837 5 4837 2126815046  2
 4837 6 4837 2126815046  2
 4838 4 4838 2126912502172
 4838 5 4838 2126912502172
 4841 3 4841 212701 857174
 4841 4 4841 212701 857174
 4842 3 4842 2127115061177
 4843 3 4843 2127211284170
 4843 4 4843 2127211284170
 4848 3 4848 2127312198173
 4848 4 4848 2127312198173
 4849 2 4849 1127415458  3
 4850 3 4850 1127515458  2
 4850 4 4850 2127525458 32
 4859 2 4859 1127615526 14
 4859 3 4859 1127615526 14
 4860 2 4860 1127712083171
 4861 3 4861 2127816166 40
 4863 2 4863 1127915501 32
 4863 3 4863 1127915501 32
 4868 3 4868 2128013156  2
 4868 4 4868 2128013156  2
 4870 3 4870 2128113217  2
 4873 2 4873 1128216179173
 4873 3 4873 1128216179173
 4874 3 4874 2128313417  2
 4875 2 4875 1128415154 32
 4875 3 4875 1128415154 32
 4879 3 4879 2128516840 30
 4882 3 4882 212861 557 30
 4882 4 4882 212861 557 30
 4888 3 4888 2128715170 30
 4893 3 4893 212881 129 35
 4893 4 4893 212881 129 35
 4895 3 4895 212891 970171
 4896 2 4896 1129011962176
 4896 3 4896 1129011962176
 4897 3 4897 2129111144174
 4905 3 4905 1129215968  5
 4905 4 4905 1129215968  5
 4908 3 4908 2129311066 30
 4908 4 4908 2129311066 30
 4913 3 4913 2129411750  3
 4915 3 4915 2129511878172
 4915 4 4915 2129511878172
 4918 4 4918 2129613237  2
 4918 5 4918 2129613237  2
 4922 2 4922 1129716183  3
 4923 3 4923 2129811775  5
 4923 4 4923 2129811775  5
 4924 3 4924 212991 356  3
 4930 2 4930 1130016203184
 4930 3 4930 1130016203184
 4934 3 4934 2130115960 34
 4934 4 4934 2130115960 34
 4935 2 4935 1130215960 33
 4939 2 4939 1130315055178
 4940 3 4940 2130415070  4
 4941 3 4941 2130515052174
 4945 3 4945 2130615302  7
 4946 3 4946 2130711285  4
 4946 4 4946 2130711285  4
 4952 4 4952 2130815035171
 4956 5 4956 2130913374  2
 4957 2 4957 1131011782 30
 4957 3 4957 1131011782 30
 4961 3 4961 1131116862  8
 4963 4 4963 2131211227193
 4965 3 4965 213131 563 40
 4967 2 4967 113141 628 30
 4968 3 4968 2131516626  8
 4969 4 4969 1131615678  2
 4969 5 4969 1131615678  2
 4970 3 4970 1131716660  3
 4970 4 4970 1131716660  3
 4972 3 4972 1131815655174
 4972 4 4972 1131815655174
 4973 3 4973 2131912678175
 4973 5 4973 2131912678175
 4974 3 4974 2132016418  3
 4974 4 4974 2132016418  3
 4977 4 4977 213211 729171
 4977 5 4977 213211 729171
 4978 3 4978 2132211540177
 4983 4 4983 2132311850172
 4983 5 4983 2132311850172
 5001 2 5001 1132415663 34
 5001 3 5001 1132415663 34
 5008 3 5008 2132512151177
 5008 4 5008 2132512151177
 5010 3 5010 2132611893  5
 5012 3 5012 2132713023  2
 5012 4 5012 2132713023  2
 5015 3 5015 2132816073173
 5015 4 5015 2132816073173
 5022 3 5022 1132916498  6
 5024 4 5024 2133016583  6
 5026 4 5026 1133115299  5
 5026 5 5026 1133115299  5
 5031 3 5031 2133216736  5
 5031 4 5031 2133216736  5
 5034 2 5034 1133311824  2
 5040 3 5040 2133416577185
 5047 2 5047 1133515858 33
 5047 3 5047 1133515858 33
 5048 4 5048 2133615680  4
 5048 5 5048 2133615680  4
 5056 2 5056 1133712240  3
 5060 3 5060 2133811258  3
 5060 4 5060 2133811258  3
 5062 3 5062 2134011383 31
 5062 4 5062 2134011383 31
 5071 3 5071 1134115693 32
 5077 3 5077 2134216583 30
 5077 4 5077 2134216583 30
 5080 3 5080 1134311168  3
 5080 4 5080 1134311168  3
 5084 2 5084 1134416684  4
 5084 3 5084 1134416684  4
 5085 2 5085 1134516588  3
 5090 3 5090 213461 473177
 5092 5 5092 213471 652171
 5092 6 5092 213471 652171
 5096 2 5096 1134815499  8
 5097 4 5097 1134912354  3
 5099 3 5099 2135016802171
 5100 3 5100 2135111430  4
 5100 4 5100 2135111430  4
 5102 3 5102 1135215154 33
 5102 4 5102 1135215154 33
 5107 3 5107 213531 727  3
 5117 2 5117 1135415693  2
 5118 3 5118 1135516706  1
 5119 3 5119 2135615120177
 5120 3 5120 1135715031  5
 5120 5 5120 4135725031 32
 5122 3 5122 213581 749171
 5122 4 5122 213581 749171
 5126 3 5126 2135911051 36
 5128 3 5128 2136012341172
 5128 4 5128 2136012341172
 5129 3 5129 213611 891177
 5129 4 5129 213611 891177
 5131 2 5131 1136211432170
 5140 6 5140 2136316179170
 5140 7 5140 2136316179170
 5143 3 5143 1136412701 41
 5143 4 5143 1136412701 41
 5146 2 5146 1136515784  5
 5146 4 5146 1136515784  5
 5147 4 5147 2136616377170
 5150 4 5150 2136716589  6
 5154 2 5154 1136813131  1
 5154 3 5154 1136813131  1
 5155 4 5155 2136911919173
 5157 2 5157 1137016370172
 5160 4 5160 1137111579172
 5169 3 5169 2137216583199
 5169 4 5169 2137216583199
 5170 3 5170 2137316583 37
 5176 4 5176 2137413207  2
 5176 5 5176 2137413207  2
 5177 3 5177 213751 652173
 5180 3 5180 2137616376172
 5183 3 5183 1137715493  7
 5183 5 5183 1137715493  7
 5186 2 5186 1137815677 36
 5188 2 5188 1137915678 30
 5188 3 5188 1137915678 30
 5190 2 5190 1138016145 32
 5191 3 5191 2138116088 31
 5193 5 5193 2138216205175
 519410 5194 2138316205  5
 519411 5194 2138316205  5
 5195 3 5195 2138416205177
 5196 2 5196 1138515872175
 5196 3 5196 1138515872175
 5199 4 5199 2138613312  2
 5204 2 5204 1138715332188
 5207 5 5207 2138816583  8
 5209 3 5209 2138916588 35
 5210 2 5210 1139016793170
 5211 2 5211 1139116793 31
 5211 3 5211 1139116793 31
 5212 2 5212 1139216110 30
 5212 4 5212 1139216110 30
 5218 3 5218 2139312224 33
 5220 3 5220 2139415462  6
 5221 2 5221 1139515016170
 5221 3 5221 1139515016170
 5227 4 5227 2139611178175
 5232 2 5232 1139716832  3
 5232 3 5232 1139716832  3
 5233 4 5233 2139816444171
 5233 5 5233 2139816444171
 5238 2 5238 1139915430200
 5239 4 5239 2140015430  3
 5241 2 5241 1140116066  5
 5241 3 5241 1140116066  5
 5242 3 5242 2140215142171
 5244 4 5244 1140311700  5
 5247 3 5247 214041 174  6
 5247 4 5247 214041 174  6
 5249 4 5249 1140512302195
 5249 5 5249 1140512302195
 5256 2 5256 114061 982  3
 5261 3 5261 2140711258171
 5261 4 5261 2140711258171
 5263 3 5263 1140815900  7
 5263 4 5263 1140815900  7
 5273 2 5273 1140915814 30
 5277 3 5277 2141012435175
 5277 5 5277 2141012435175
 5283 2 5283 1141115031  3
 5283 3 5283 1141115031  3
 5290 2    0 0199111048206
 5290 3    0 0199111048206
 5294 3 5294 2141215821176
 5294 4 5294 2141215821176
 5295 3 5295 214131 455 30
 5304 2 5304 1141411571171
 5306 2 5306 1141515459176
 5311 4 5311 214161 652  3
 5315 3 5315 2141715897  5
 5315 4 5315 2141715897  5
 5317 2 5317 114181 105  4
 5320 2 5320 1141912518  9
 5320 3 5320 1141912518  9
 5323 4 5323 214201 173  3
 5323 5 5323 214201 173  3
 5328 4 5328 2142112030174
 5329 2 5329 1142215136 10
 5329 3 5329 1142215136 10
 5332 2 5332 114231  10177
 5348 2 5348 1142412895  2
 5349 3 5349 1142511167 30
 5349 4 5349 1142511167 30
 5351 3 5351 2142611168 31
 5351 4 5351 2142611168 31
 5352 4 5352 2142712011174
 5355 4 5355 214281 941  4
 5356 4 5356 2142912238171
 5356 5 5356 2142912238171
 5360 8 5360 2143012224184
 5360 9 5360 2143012224184
 5362 3 5362 2143112224  6
 5362 4 5362 2143112224  6
 5369 5 5369 2143311426  2
 5369 7 5369 2143311426  2
 5370 3 5370 2143412416  6
 5370 4 5370 2143412416  6
 5373 3 5373 1143516537 31
 5376 2 5376 1143616840  3
 5380 3 5380 2143711994176
 5380 4 5380 2143711994176
 5384 3 5384 2143811100  3
 5386 6 5386 2143912280173
 5386 7 5386 2143912280173
 5387 3 5387 2144015656 11
 5388 2 5388 1144115348  5
 5390 2 5390 1144215503  3
 5390 3 5390 1144215503  3
 5394 3 5394 2144312177177
 5394 4 5394 2144312177177
 5395 3 5395 2144416583 36
 5395 5 5395 2144416583 36
 5398 3 5398 1144516803170
 5399 3 5399 2144616793 33
 5406 3 5406 2144716053 31
 5409 3 5409 1144816646  4
 5411 3 5411 214491 563183
 5411 4 5411 214491 563183
 5414 3 5414 2145011345  4
 5417 3 5417 214511 769173
 5417 5 5417 214511 769173
 5423 3 5423 2145213059  2
 5423 4 5423 2145213059  2
 5428 3 5428 2145315429  7
 5428 4 5428 2145315429  7
 5432 4 5432 2145411415  4
 5436 3 5436 2145516706179
 5438 3 5438 2145615621  7
 5440 5 5440 214571 846170
 5441 4 5441 1145815560 30
 5441 5 5441 1145815560 30
 5447 2 5447 1145913027  1
 5458 4 5458 2146012801  8
 5459 3 5459 2146112897176
 5466 3 5466 2146216649  3
 5467 3 5467 2146315182 30
 5467 4 5467 2146315182 30
 5468 3 5468 2146415182176
 5472 2 5472 1146511670 30
 5472 3 5472 1146511670 30
 5474 3 5474 214661 971171
 5478 3 5478 214671  53202
 5483 4 5483 2146812224174
 5484 3 5484 2146916166 44
 5490 3 5490 2147012422171
 5490 4 5490 2147012422171
 5491 4 5491 2147115045  3
 5492 2 5492 1147215036  2
 5497 3 5497 2147313250  2
 5497 4 5497 2147313250  2
 5498 3 5498 2147412916177
 5498 4 5498 2147412916177
 5506 3 5506 2147515015 30
 5506 4 5506 2147515015 30
 5511 3 5511 2147612800171
 5515 3 5515 214771 323  4
 5515 4 5515 214771 323  4
 5518 2 5518 1147815841 32
 5518 3 5518 1147815841 32
 5522 2 5522 1147915375170
 5525 3 5525 214801 486171
 5526 3 5526 2148115170 32
 5528 2 5528 1148216649 30
 5529 3 5529 2148311431170
 5532 4 5532 1148411281  5
 5533 3 5533 2148511611  4
 5535 2 5535 1148612921  4
 5535 3 5535 1148612921  4
 5541 3 5541 2148715061  4
 5543 4 5543 2148815621171
 5545 3 5545 114891 631171
 5550 3 5550 2149015960181
 5550 5 5550 2149015960181
 5554 2 5554 1149116475170
 5559 3 5559 1149215395  7
 5562 2 5562 1149316166  6
 5562 4 5562 1149316166  6
 5563 2 5563 1149416166 38
 5564 3 5564 2149516166 33
 5572 3 5572 2149611227180
 5574 3 5574 2149713133  2
 5575 3 5575 2149813135  2
 5575 4 5575 2149813135  2
 5576 3 5576 2149915904177
 5581 3 5581 2150015170  9
 5581 4 5581 2150015170  9
 5585 3 5585 2150116779  8
 5588 3 5588 1150215663181
 5588 4 5588 1150215663181
 5596 3 5596 1150316736182
 5596 4 5596 2150326736 30
 5600 3 5600 2150411841  3
 5600 4 5600 2150411841  3
 5602 2 5602 1150515501  6
 5606 5 5606 2150613162  2
 5606 6 5606 2150613162  2
 5611 2 5611 1150716413 35
 5611 3 5611 1150716413 35
 5614 2 5614 1150815684  3
 5617 3 5617 1150911225170
 5619 4    0 0199215619  3
 5623 3 5623 2151015964170
 5623 4 5623 2151015964170
 5624 2 5624 1151116615 31
 5626 3 5626 2151216828  3
 5626 4 5626 2151216828  3
 5630 3 5630 2151311533  3
 5636 3 5636 2151412248172
 5636 4 5636 2151412248172
 5637 4 5637 2151516478179
 5639 4 5639 2151615600  5
 5639 5 5639 2151615600  5
 5641 3 5641 2151712075186
 5642 3 5642 215181 750170
 5642 4 5642 215181 750170
 5645 3 5645 1151916365  9
 5647 3 5647 2152015182 33
 5647 4 5647 2152015182 33
 5653 2 5653 1152116366  2
 5653 3 5653 1152116366  2
 5655 4 5655 2152215539188
 5661 2 5661 1152315241 30
 5663 4    0 019931  53217
 5671 2 5671 1152516832  4
 5671 3 5671 1152516832  4
 5672 3 5672 1152616832 32
 5672 4 5672 1152616832 32
 5675 2 5675 1152716862 35
 5679 2 5679 1152816635171
 5681 2 5681 1152915780  4
 5699 3 5699 2153012501  5
 5699 4 5699 2153012501  5
 5704 5 5704 2153116103  8
 5705 2 5705 115321 581171
 5705 3 5705 115321 581171
 5708 3 5708 2153311167 33
 5708 4 5708 2153311167 33
 5709 2 5709 1153412688 31
 5711 4 5711 2153511473170
 5712 3 5712 2153611533173
 5712 4 5712 2153611533173
 5713 3 5713 2153711475  3
 5713 4 5713 2153711475  3
 5715 3 5715 2153811220171
 5715 4 5715 2153811220171
 5716 2 5716 1153916694 30
 5722 3 5722 2154013078  2
 5724 3 5724 1154115417  4
 5724 4 5724 1154115417  4
 5726 2 5726 1154215926  6
 5729 3 5729 2154313041  2
 5729 4 5729 2154313041  2
 5732 4 5732 2154411192  5
 5733 2 5733 1154513012  1
 5737 4 5737 2154613200  2
 5737 6 5737 2154613200  2
 5739 3 5739 215471 508175
 5744 3 5744 215481  47173
 5744 4 5744 215481  47173
 5749 6 5749 1154916210171
 5752 2 5752 1155015863 31
 5752 4 5752 1155015863 31
 5756 3 5756 2155116093170
 5760 4 5760 2155211000171
 5762 3 5762 2155315336  7
 5763 3 5763 2155412435  7
 5766 3 5766 2155511242176
 5766 4 5766 2155511242176
 5768 2 5768 1155612881 32
 5768 3 5768 1155612881 32
 5774 4 5774 2155712895 30
 5774 5 5774 2155712895 30
 5776 3 5776 2155816165  4
 5779 5 5779 2155916684  3
 5779 6 5779 2155916684  3
 5783 2 5783 1156015984 30
 5783 3 5783 1156015984 30
 5793 2 5793 1156116485  5
 5796 4 5796 215621 496185
 5822 4 5822 2156315916171
 5822 5 5822 2156315916171
 5823 2 5823 1156415177  7
 5823 3 5823 1156415177  7
 5826 2 5826 1156512108  3
 5826 3 5826 1156512108  3
 5830 2 5830 1156613198  1
 5832 4 5832 3156713356  3
 5833 3 5833 2156816849  5
 5838 3 5838 1156916589  7
 5839 5 5839 2157013155  2
 5839 6 5839 2157013155  2
 5840 2 5840 1157115904 37
 5845 3 5845 2157215977173
 5847 3 5847 2157311093  3
 5847 4 5847 2157311093  3
 5848 2 5848 1157416127 33
 5850 3 5850 2157512418173
 5854 4 5854 2157611542  6
 5854 5 5854 2157611542  6
 5857 2 5857 1157711722 31
 5859 3 5859 1157811722 33
 5860 3 5860 2157911033171
 5862 2 5862 1158016591175
 5871 6 5871 2158116682174
 5873 3 5873 2158211935  4
 5873 4 5873 2158211935  4
 5875 3 5875 2158315182182
 5875 4 5875 2158315182182
 5878 3 5878 2158415503174
 5882 2 5882 1158516475 30
 5884 2 5884 1158615065 36
 5885 3 5885 2158715052 33
 5885 4 5885 2158715052 33
 5888 2 5888 1158816054  5
 5890 2 5890 1158911906 30
 5891 3 5891 2159012882171
 5891 4 5891 2159012882171
 5903 3 5903 1159116591  6
 5904 3 5904 2159213275  2
 5904 4 5904 2159213275  2
 5914 2 5914 1159316832 33
 5914 3 5914 1159316832 33
 5916 4 5916 2159416350  3
 5917 3 5917 2159516350171
 5919 3 5919 2159616121 35
 5919 4 5919 2159616121 35
 5920 3 5920 1159715858179
 5920 4 5920 1159715858179
 5921 3 5921 2159816275  3
 5921 4 5921 2159816275  3
 5926 2 5926 1159916633  4
 5926 3 5926 1159916633  4
 5931 3 5931 1160016093  7
 5932 3 5932 2160113310  2
 5934 3 5934 2160215904 33
 5934 4 5934 2160215904 33
 5938 2 5938 1160316287 32
 5940 3 5940 2160415182  9
 5940 4 5940 2160415182  9
 5942 3 5942 2160513179  3
 5942 5 5942 2160513179  3
 5947 3 5947 2160615393 34
 5956 2 5956 1160716864  2
 5957 2 5957 1160815623 37
 5958 2 5958 1160915623 40
 5963 4 5963 216101 245170
 5975 2 5975 116111  40178
 5980 3 5980 2161213177  2
 5983 3 5983 2161315560 35
 5986 4 5986 2161411542  7
 5986 5 5986 2161411542  7
 5988 4 5988 2161515396170
 5992 2 5992 1161615501 12
 5996 6 5996 2161712151  5
 6008 2 6008 116191 961  5
 6008 3 6008 116191 961  5
 6016 2 6016 1162012177174
 6017 3 6017 2162115526 16
 6017 4 6017 2162115526 16
 6022 4 6022 2162215570  3
 6025 2 6025 1162315430183
 6025 3 6025 1162315430183
 6030 3 6030 216241   7175
 6032 2 6032 1162516602195
 6039 3 6039 1162615693  5
 6043 2 6043 1162711066  3
 6043 3 6043 1162711066  3
 6044 3 6044 2162815926174
 6046 2 6046 1162916121 30
 6047 2 6047 1163016121 34
 6048 3 6048 2163115548 30
 6049 3 6049 2163216121180
 6049 4 6049 2163216121180
 6051 2 6051 1163315463  5
 6052 3 6052 1163416802176
 6055 3 6055 216351 709 34
 6067 3 6067 2163616054 30
 6068 3 6068 2163715067  2
 6068 4 6068 2163715067  2
 6069 3 6069 2163812599173
 6069 4 6069 2163812599173
 6076 3 5998 116181 632  3
 6076 4 6076 216391 632173
 6079 4 6079 2164015230  8
 6088 3 6088 2164113110  2
 6089 4 6089 2164213258  2
 6089 5 6089 2164213258  2
 6091 4 6091 2164313108  2
 6096 2 6096 1164415900174
 6096 3 6096 1164415900174
 6097 3 6097 1164515463  9
 6101 4 6101 1164616646  3
 6101 5 6101 2164626646 33
 6109 2 6109 1164712292  7
 6111 3 6111 2164816657  5
 6111 4 6111 2164816657  5
 6112 3 6112 1164916750 30
 6112 4 6112 1164916750 30
 6120 4 6120 216501 760174
 6120 5 6120 216501 760174
 6122 2 6122 1165115871172
 6126 4 6126 2165216398  2
 6130 4 6130 2165316159  3
 6157 3 6157 2165415821172
 6161 4 6161 1165516516176
 6165 2 6165 1165616738180
 6165 3 6165 1165616738180
 6166 5 6166 2165712586173
 6166 6 6166 2165712586173
 6170 3 6170 2165813294  3
 6171 4 6171 216591 166170
 6173 3 6173 1166015215  3
 6174 2 6174 1166116413  9
 6174 3 6174 1166116413  9
 6176 3 6176 2166213149  2
 6181 3 6181 2166315308173
 6183 2 6183 1166415462  3
 6186 3 6186 2166513239  2
 6186 4 6186 2166513239  2
 6187 3 6187 2166613257  2
 6187 4 6187 2166613257  2
 6188 3 6188 2166713223  2
 6188 4 6188 2166713223  2
 6189 2 6189 1166813225  2
 6189 5 6189 1166813225  2
 6190 3 6190 2166913240  2
 6190 6 6190 2166913240  2
 6191 3 6191 2167013231  2
 6193 3 6193 2167116849188
 6193 4 6193 2167116849188
 6194 2 6194 1167216114183
 6195 3 6195 2167312835  4
 6195 4 6195 2167312835  4
 6196 3 6196 216741 709  7
 6196 4 6196 216741 709  7
 6200 3 6200 2167513136  2
 6201 2 6201 1167615942  8
 6201 3 6201 1167615942  8
 6203 3 3273 1 78916699  2
 6208 3 6208 2167716200  9
 6208 5 6208 2167716200  9
 6209 4 6209 2167816200 11
 6209 5 6209 2167816200 11
 6211 4 6211 216791 846  7
 6211 5 6211 216791 846  7
 6217 4 6217 2168013427  2
 6217 5 6217 2168013427  2
 6218 4 6218 2168115537170
 6224 3 6224 1168212392  5
 6224 4 6224 1168212392  5
 6228 6 6228 2168316602188
 6228 8 6228 2168316602188
 6229 3 6229 2168416413 10
 6229 4 6229 2168416413 10
 6230 3 6230 1168516830  2
 6230 4 6230 1168516830  2
 6232 3 6232 1168611100  4
 6237 2 6237 1168715864  3
 6237 3 6237 1168715864  3
 6240 4 6240 2168815071 32
 6240 5 6240 2168815071 32
 6242 3 6242 2168912586172
 6245 3 6245 2169013228  2
 6245 6 6245 2169013228  2
 6246 3 6246 2169113227  2
 6246 4 6246 2169113227  2
 6247 3 6247 1169213095  1
 6247 4 6247 1169213095  1
 6251 4 6251 2169316121176
 6254 3 6254 1169415549  3
 6257 2 6257 1169515430171
 6257 3    0 0199415430930
 6259 2 6259 1169615463  6
 6260 2 6260 1169716114182
 6263 3 6263 2169816616176
 6268 2 6268 1169916370181
 6273 4 6273 2170012011  5
 6273 5 6273 2170012011  5
 6278 3 6278 2170112526173
 6280 4 6280 2170215614170
 6280 6 6280 2170215614170
 6282 5 6282 2170315619  4
 6287 2 6287 1170415363  4
 6287 3 6287 1170415363  4
 6291 3 6291 217051 122171
 6295 4 6295 2170611522170
 6307 3 6307 2170711611  5
 6311 3 6311 1170815592  2
 6311 5 6311 1170815592  2
 6312 3 6312 2170913010  2
 6312 4 6312 2170913010  2
 6317 2 6317 1171015610  5
 6317 3 6317 1171015610  5
 6318 4 6318 2171116114170
 6318 6 6318 2171116114170
 6319 2 6319 1171211355  5
 6323 3 6323 2171312590 30
 6323 4 6323 2171312590 30
 6327 4 6327 217141 692  5
 6334 3 6334 2171511887  5
 6339 3 6339 2171615537 10
 6339 4 6339 2171615537 10
 6342 3 6342 2171713189  2
 6346 3 6346 2171812302200
 6346 4 6346 2171812302200
 6349 3 6349 2171916657 30
 6359 3 6359 1172015835184
 6360 4 6360 2172115495178
 6361 3 6361 2172212238172
 6365 2 6365 1172316166 50
 6365 3 6365 1172316166 50
 6372 5 6372 2172415037  5
 6372 6 6372 2172415037  5
 6375 3 6375 217251  22  3
 6376 2 6376 117261  22173
 6377 4 6377 3172715363 30
 6380 4 6380 2172813099  2
 6380 5 6380 2172813099  2
 6384 4 6384 1172916845  3
 6384 5 6384 1172916845  3
 6389 4 6389 2173113420  2
 6389 5 6389 2173113420  2
 6392 3 6392 217321  79  3
 6395 2 6395 1173316602179
 6395 3 6395 1173316602179
 6396 3 6396 2173412129181
 6396 4 6396 2173412129181
 6400 5 6400 3173515749 36
 6406 3 6406 2173612278182
 6406 4 6406 2173612278182
 6420 4 6420 1173715055  2
 6422 2 6422 1173816108175
 6425 3 6425 2173911161171
 6433 5 6433 1174015770  3
 6435 3 6435 2174111978171
 6440 2 6440 1174216801187
 6443 3 6443 2174313249  2
 6443 6 6443 2174313249  2
 6444 4 6444 1174416275  7
 6444 5 6444 1174416275  7
 6446 4 6446 2174515876  4
 6455 3 6455 2174611644  4
 6455 5 6455 2174611644  4
 6459 2 6459 1174715397 30
 6460 3 6460 217481 844172
 6461 3 6461 2174915463 30
 6463 4 6463 2175012030  6
 6463 5 6463 2175012030  6
 6465 3 6465 2175116478  5
 6471 2 6471 1175215381  6
 6473 3 6473 2175312510172
 6473 4 6473 2175312510172
 6476 4 6476 2175412126170
 6477 3 6477 1175516172  6
 6481 3 6481 2175616539170
 6483 3 6483 2175712712170
 6486 3 6486 217581 409 30
 6489 2 6489 117591 941  3
 6493 2 6493 1176015612  9
 6493 3 6493 1176015612  9
 6496 3 6496 2176113096  2
 6499 3 6499 217621 556177
 6502 3 6502 1176316602  9
 6504 3 6504 2176411068 30
 6512 5 6512 1176515748  6
 6512 6 6512 1176515748  6
 6517 3 6517 1176615521  3
 6519 4 6519 2176716159 30
 6519 5 6519 2176716159 30
 6523 2 6523 1176812653  4
 6526 2 6526 1176915430192
 6527 2 6527 1177015430191
 6529 3 6529 2177115430 31
 6530 4 6530 2177213224  2
 6530 5 6530 2177213224  2
 6532 4 6532 2177315047  3
 6532 5 6532 2177315047  3
 6540 4 6540 2177415430  4
 6542 2 6542 1177516156181
 6543 5 6543 2177616350  7
 6544 2 6544 1177716411170
 6545 4 6545 1177815548  9
 6553 4 6553 2177916494185
 6553 5 6553 2177916494185
 6554 2 6554 1178015749 30
 6554 3 6554 1178015749 30
 6555 4 6555 2178111163173
 6555 5 6555 2178111163173
 6557 3 6557 2178211163174
 6557 4 6557 2178211163174
 6560 3 6560 1178311798  9
 6561 3 6561 2178416281179
 6565 2 6565 1178512019175
 6567 3 6567 1178615537  6
 6572 3 6572 2178715612184
 6577 3 6577 1178812059176
 6579 2 6579 1178913018  1
 6579 3 6579 1178913018  1
 6589 4 6589 2179016560  3
 6590 3 6590 217911 941186
 6594 3 6594 117921 391  5
 6598 2 6598 117931 478 30
 6598 3 6598 117931 478 30
 6600 2 6600 1179415573  9
 6602 5 6602 3179513117  3
 6602 6 6602 3179513117  3
 6604 3 6604 217961 351173
 6605 4 6605 2179711266  2
 6609 2 6609 1179816590 10
 6609 3 6609 1179816590 10
 6613 3 6613 2179912053  4
 6613 4 6613 2179912053  4
 6619 3 6619 218001 404174
 6619 5 6619 218001 404174
 6622 3 6622 2180116625  7
 6622 4 6622 2180116625  7
 6624 3 6731 2182311141  2
 6624 4    0 0199511141912
 6629 2 6386 1173016857  6
 6629 3    0 0199616857200
 6630 3 6630 1180216212  3
 6634 6 6634 3180313303  3
 6636 3 6636 2180411077  3
 6636 4 6636 2180411077  3
 6641 3 6641 2180511151173
 6641 4 6641 2180511151173
 6644 3 6644 2180613066  2
 6646 3 6646 218071  88174
 6646 4 6646 218071  88174
 6658 4 6658 3180816060  3
 6658 5 6658 3180816060  3
 6666 2 6666 1180915305183
 6666 3 6666 1180915305183
 6672 2 6672 1181012662172
 6676 3 6676 2181116588 36
 6689 4 6689 1181211830173
 6692 3 6692 2181312920174
 6692 4 6692 2181312920174
 6695 3 6695 2181416478 30
 6699 2 6699 1181515812 34
 6699 4 6699 1181515812 34
 6705 3 6705 2181612034 30
 6709 3 6709 218171 565  4
 6709 4 6709 218171 565  4
 6712 2 6712 1181811167 32
 6712 3 6712 1181811167 32
 6719 2 6719 1181915018  4
 6720 2 6720 118201  99171
 6720 3 6720 118201  99171
 6721 4 6721 2182116590175
 6721 5 6721 2182116590175
 6728 4 6728 2182216476174
 6735 4 6735 2182411141171
 6736 2 6736 1182512436174
 6742 3 6742 2182613353  2
 6742 4 6742 2182613353  2
 6744 3 6744 1182716851  3
 6747 3 6747 2182812278178
 6757 3 6757 2182913202  2
 6757 5 6757 2182913202  2
 6765 3 6765 1183011055  4
 6766 3 6766 2183113082  2
 6766 4 6766 2183113082  2
 6769 3 6769 218321  22175
 6774 4 6774 2183316626  4
 6774 5 6774 2183316626  4
 6777 4 6777 2183411654170
 6778 2 6778 118351 834174
 6778 3 6778 118351 834174
 6781 3 6781 2183612657  8
 6781 4 6781 2183612657  8
 6789 2 6789 1183813098  2
 6789 3 6789 1183813098  2
 6792 3 6792 2183913113  2
 6797 3 6797 1184015608171
 6797 4 6797 1184015608171
 6798 3 6798 1184115987  1
 6802 2 6802 1184215706  6
 6802 3 6802 1184215706  6
 6803 3 6803 218431 961  3
 6803 4 6803 218431 961  3
 6806 2 6806 1184415299170
 6810 2 6810 1184516710 31
 6812 2    0 0199716232 37
 6815 3 6815 2184612034  4
 6815 5 6815 2184612034  4
 6820 2 6820 1184716706176
 6820 3 6820 1184716706176
 6821 2 6821 1184816228 30
 6821 3 6821 1184816228 30
 6827 3 6827 2184915663 32
 6829 4 6829 2185016205  2
 6829 6 6829 2185016205  2
 6830 2 6830 1185116590 31
 6835 3    0 0199816171  1
 6836 3 6836 1185216358  3
 6842 3 6842 218531 899177
 6843 2 6843 1185415584 30
 6853 2 6853 1185516475 32
 6859 2 6859 1185615834173
 6860 2 6860 1185711088178
 6860 3 6860 1185711088178
 6861 4 6861 2185812260173
 6861 5 6861 2185812260173
 6865 2 6865 1185915057 30
 6866 4 6866 218601 728  3
 6869 3 6869 1186112443170
 6869 4 6869 1186112443170
 6872 3 6872 218621   4  5
 6879 2 6879 1186312083174
 6879 3 6879 1186312083174
 6880 2 6880 1186411516171
 6880 3 6880 1186411516171
 6882 3 6882 2186511242177
 6882 5 6882 2186511242177
 6886 3 6886 2186616499185
 6889 2 6889 1186716115 15
 6889 3 6889 1186716115 15
 6896 3 6896 2186816478181
 6907 3 6907 218691 128172
 6907 4 6907 218691 128172
 6913 3 6913 2187013389  2
 6918 2 6918 1187116153178
 6919 2 6919 1187215299 32
 6923 3 6923 2187312095177
 6923 4 6923 2187312095177
 6931 2 6931 1187411782174
 6934 5 6934 2187516187 11
 6934 6 6934 2187516187 11
 6938 2 6938 1187611242  6
 6938 3 6938 1187611242  6
 6941 2 6941 118771  84177
 6941 3 6941 118771  84177
 6958 2 6958 1187816646 30
 6958 3 6958 1187816646 30
 6960 3 6960 2187912260  6
 6960 5 6960 2187912260  6
 6963 3 6963 1188015812  9
 6966 3 6966 2188115323  3
 6967 3 6967 2188211242171
 6971 2 6971 1188315133  3
 6974 3 2327 2 50815287  5
 6985 3 6985 2188415443  7
 6987 2 6987 1188511690174
 6987 3 6987 1188511690174
 6988 2 6988 1188616750183
 6988 3 6988 1188616750183
 6991 2 6991 1188713143  1
 6996 3 6996 1188811332180
 7000 5 7000 2188911841171
 7000 6 7000 2188911841171
 7005 2 7005 1189011852 30
 7011 3 7011 2189112067189
 7014 4 7014 1189216664177
 7014 5 7014 1189216664177
 7023 3 7023 2189315014 32
 7026 4 7026 2189411163172
 7036 3 7036 2189512251174
 7038 3 7038 2189611163  4
 7044 5 7044 2189715904176
 7044 7 7044 2189715904176
 7047 3 7047 1189811055172
 7055 2 7055 1189912006174
 7055 3 7055 1189912006174
 7059 2 7059 1190016616179
 7059 4 7059 1190016616179
 7061 3 7061 1190112341  4
 7061 4 7061 1190112341  4
 7063 2 7063 119021 712  4
 7065 2 7065 1190313347  4
 7070 3 7070 2190415663  7
 7086 3 7086 2190513057  2
 7087 3 7087 219061 626188
 7087 4 7087 219061 626188
 7090 2 7090 1190715664  3
 7090 3 7090 1190715664  3
 7093 2 7093 1190811363170
 7098 3 7098 2190911028  6
 7098 4 7098 2190911028  6
 7113 4 7113 219101 344  6
 7113 5 7113 219101 344  6
 7114 6 7114 2191113047  2
 7117 4 7117 2191213151  2
 7117 5 7117 2191213151  2
 7125 2 7125 1191415120  5
 7133 3 7133 219151 722178
 7136 4 7136 219161 769  3
 7136 5 7136 219161 769  3
 7141 5 7141 2191715018  3
 7142 3 7142 2191815120173
 7144 2 7144 1191916590 34
 7149 4 7149 2192013206  2
 7154 3 7154 2192115835 35
 7155 2 7155 1192211722183
 7155 3 7155 1192211722183
 7158 4 7158 1192311670172
 7162 2 7162 1192416867203
 7163 5 7163 2192511541  5
 7164 3 7164 2192615055171
 7164 7 7164 2192615055171
 7166 2 7166 1192715853 33
 7174 3 7174 2192813088  3
 7174 4 7174 2192813088  3
 7184 3 7184 1192916115 37
 7184 4 7184 2192926115176
 7185 2 7185 1193013130  1
 7192 3 7192 2193113043  2
 7193 3 7193 2193212558170
 7203 4 7203 1193316262  4
 7211 3 7211 2193416547171
 7211 4 7211 2193416547171
 7214 3 7214 2193511163175
 7218 2 7218 1193612642179
 7218 3 7218 1193612642179
 7220 4 7220 2193716484  5
 7221 2 7221 1193811722 35
 7222 3 7222 2193915040 30
 7222 4 7222 2193915040 30
 7226 3 7226 2194011701  4
 7226 4 7226 2194011701  4
 7232 3 7232 2194113211  2
 7232 4 7232 2194113211  2
 7235 3 7235 2194212288  4
 7235 4 7235 2194212288  4
 7239 3 7239 1194316342  2
 7250 2 7250 1194411695 33
 7250 3 7250 1194411695 33
 7260 4 7260 1194513248  1
 7260 5 7260 1194513248  1
 7261 3 7261 1194616598  4
 7261 4 7261 1194616598  4
 7270 2 7270 1194711332174
 7270 3 7270 1194711332174
 7276 3 7276 1194816625 30
 7279 3 7279 119491 496180
 7283 2 7283 119501 826173
 7286 3 7286 2195111648172
 7286 4 7286 2195111648172
 7295 2 7295 1195215449 30
 7300 3 7300 219531 478 36
 7301 2 7301 1195415406173
 7301 3 7301 1195415406173
 7304 3  661 1 11111690 30
 7306 2 7306 1195515120178
 7307 2 7307 1195616227  5
 7307 3 7307 1195616227  5
 7309 3 7309 2195715164  3
 7312 2 7312 1195816545179
 7324 4 7324 219591 356177
 7331 2 7331 1196013390  2
 7335 3 7335 2196111498175
 7335 4 7335 2196111498175
 7337 3 7337 1196211654172
 7338 3 7338 2196315965182
 7338 4 7338 2196315965182
 7360 3 7360 2196411163171
 7360 4 7360 2196411163171
 7364 2 7364 1196516722  5
 7370 2    0 0199912714191
 7377 3 7377 2196615812 33
 7377 4 7377 2196615812 33
 7378 4 7378 1196715614  5
 7378 5 737871196725614 31
 7384 3 7384 219681 868  6
 7384 4 7384 219681 868  6
 7396 3 7396 1196915942  9
 7397 2 7397 1197011613176
 7404 1 6788 1183715689  6
 7411 2 7411 1197111084  4
 7415 2 7415 1197215559176
 7423 4 7423 1197315861  3
 7423 5 7423 1197315861  3
 7424 3 7424 1197416845186
 7424 4 7424 1197416845186
 7429 3 7429 219751 479170
 7429 4 7429 219751 479170
 7438 2 7438 1197612278184
 7443 2 7443 1197716475195
