3  690 374340   7.07111995 319972 4510000000000000000014111 6299999555155555515515414313312221121211211211199999333333333233333333323333333321555555335511155131111131111311111114443311112221 31175360
3 5300 459700 900.03101991 81997399921111411424115111514111 2299999555151111511515333115555553323332532412199999333323233233323333323333333333555555555511555111111111111111111111113321111123105160720
3 1837 361560 450.01101994 319972 4022122333411115555511111 6299999555151555515511323312422331122322122211199999333232333333333323333333333323545545555515555111111111113111100134443311112121 35162700
3 1837 462700 450.02101994 319972 4022123333411115555511111 6299999555151555515511313212322331122222122211199999333232333333333332333323333323555555555520000000000000000000000000000011111111 15163840
3 4499 264920  24.01 71992 41997115021442244441411155522111 6299999555151155515555616614444441134312312411199999113131332213233331133322213323535434345220000000000000000000000000000022112111 21166300
3 1778 371400  15.07 819941019972 7210000000000000000011111 6299999555155555555515515414433332323333232321199999333333333333333333333333333333555555535515515111111111113111111114443311122222 62272120
3 1778 472120  15.07 819941019979 7210000000000000000011111 6299999555155555555515515414433332323333232321199999233232122233223312233232233333535534335515515999999999999999999919993312132223 64172600
3 2507 272900   3.03121993 91997110022322223333315111534222 6299999555151111555515444314434331122231322311199999221321122233222212333322222222433335344215515111111111111111111133332212232022 54174700
3 4021 469060  17.02981992 619972 5222233333342315511111111 6299999555155555115115313313323322212322311222199999333333333333333333333333333333555555555511155211111233113311111112223311222111 62270500
3 4783 477400 116.04 81992 619974 5021322414444211551511111 6299999555151111151115323114444442122341422311199999333332333333333333233233233333554545545511555111111111110000000013332311111222 53179200
3 2252 239660  20.01101994 619971 7022424442444415555511111 6299999555151155515515656114444444444243442412240620000000000000000000000000000000000000000000000000000000000000000000000000000000 000    0
3 1549 237800  15.01101996 61997131822324444444415151923121 8299999555151155551115415115544441123413111113199999233322333233333322233322133323422334224320000000000000000000000000000010220202988938700
3 2966 467800   5.06 0   01119971 5210000000000000000012511 6299999555155555555515515113333331231213311113199999233322233333333232223333133323553535555515515111111111111111111114443311111222 51169000
3  336 332400   2.06121989 319971 3610000000000000000011111 2299999555155155555515314314412211122211211133199999331323333322333333333333333333555555555515585111211111113111111112133311211213 25133600
3 4173 275180  15.02 51995111997112022412114412411115551111 6299999555151111555515515514434441131431333111199999131313323333323233333333133322255252523411115221111221113311111114443333333223 54176440
3 4173 433240  15.02 51995111997112023422124422411115544411 6299999555151111555515516514444441133333313133199999123221112222222211123311113311243222423511155121211211113111111112443333333333 44134200
3 3036 351360   1.03 719901019971 5222444444344415111521111 6299999155551115515515435212322221121221211212199999333333333333333323233333333333455445544415555111111111112320111113343322222022 42152560
3 2767 432400  10.029899981019973  021434444444411511511111 21336000000000000000000000000000000000000000000    0000000000000000000000000000000000000000000000000000000000000000000000000000000 000    0
3 2767 533600  10.039899981019973  021434444444411511511111 21342000000000000000000000000000000000000000000    0000000000000000000000000000000000000000000000000000000000000000000000000000000 000    0
3 2843 4378002500.03 81995 919963  922333334133315555543221 21381000000000000000000000000000000000000000000    0000000000000000000000000000000000000000000000000000000000000000000000000000000 000    0
3 2843 5372002500.03 81995 919963  922333334133315555512211 31378000000000000000000000000000000000000000000    0000000000000000000000000000000000000000000000000000000000000000000000000000000 000    0
3  426 270200  10.02 21989 319972 5023433333433315551543211 6299999555151155555555414312223321221121221212199999121321332222332311233333233333435432333515555111111121113111111103333313333311 21171400
3  426 371400  10.02 21989 319972 5023433333433315551531111 2299999555151155555555414312222331221121221212199999233222113223223122323323112323451525555215555111111112113111111103332122222241 62172000
3  765 2630001000.03121994 519964  122444444444415555511111 61639000000000000000000000000000000000000000000    0000000000000000000000000000000000000000000000000000000000000000000000000000000 000    0
3 4019 661200   1.01 0   0 419971 9022433234424415555511211 4299999555151555515511616115555121123111411211262100000000000000000000000000000000000000000000000000000000000000000000000000000000 000    0
3 5410 371160  20.01 31994 919972 482344444444441551551121199299999555155555555515444112322322222222222112199999333333333333333333333323133333545535455520000000000000000000000000000013111101 23172360
3  878 2660601000.03111995 619973  622444444442215511511111 61664200000000000000000000000000000000000000000    0000000000000000000000000000000000000000000000000000000000000000000000000000000 000    0
3 2274 435700   7.01 31995 61997115022411113443215511534443 4299999555151155515511446314434441143311311111199999132132122213133313233322133333432525344320000000000000000000000000000011222222 35137500
3 2274 537500   7.01 31995 61997115022411113443215511534433 4299999555151155515511446114434441142211311111238400000000000000000000000000000000000000000000000000000000000000000000000000000000 000    0
3 1407 2647403000.03111996111996332823144141434115515511411 6299999155555155511511111120000000000000000000199999233312223313233312123223113333311434344320000000000000000000000000000022222432 21565580
3 1407 3655803000.03111996111996332822214241444115511532321 6299999155555155511511111120000000000000000000265880000000000000000000000000000000000000000000000000000000000000000000000000000000 000    0
3 3496 263000  25.02 61988 619971 4822321323332211511514121 2299999555151155155515414413433321131331321311199999232331233223133312323333133233412414324415515111211121111111111134332322222222 41164380
3 4321 351000  15.01991996101997199822113111411115111511111 6299999555151111515115416114444441144411441112251600000000000000000000000000000000000000000000000000000000000000000000000000000000 000    0
3 2805 376800   1.09121995 619971 6023422444442411511155331 2299999999995511111119656615535441344441343135199999131112111123123212222223223323431225435311111133331231331111111104442311223121 62177700
3 2805 475600   1.01121995 619971 8023422444442411511111111 6299999155555511111119656615535441344441343135199999333133331313133333333223223323545545555511111133331931331111111104442311111111 62176800
3 2193 239600 320.041219921219943  021444444441415551544111 61399000000000000000000000000000000000000000000    0000000000000000000000000000000000000000000000000000000000000000000000000000000 000    0
3 2193 339900 320.04 0   0 0   00  021444444441415551511111 61400800000000000000000000000000000000000000000    0000000000000000000000000000000000000000000000000000000000000000000000000000000 000    0
3 1882 472000   0.01119997111997115022443344444411115113511 6299999555151151115515536414444441144441412212199999231323333323233323323322133323513535555520000000000000000000000000000011112111 52173500
3  603 479380  15.02111996 419972  521111112411215551511211 61796800000000000000000000000000000000000000000    0000000000000000000000000000000000000000000000000000000000000000000000000000000 000    0
3 3278 473800   1.04 31995 419971 7522123331444111555111111 6299999151551511111515535415524442222491121121199999232333333333232323393333333332555435534511115121111131113311199134443311122223 62174940
3 3032 368400 200.03 51989 519973 1421444444443415551511311 6299999555151555155511313111212331111111111111199999233233233333223233322322333322455435525520000000000000000000000000000011122111 15169900
3   46 267200 500.02101988 719972 1022422344424211115913111 21678000000000000000000000000000000000000000000    0000000000000000000000000000000000000000000000000000000000000000000000000000000 000    0
3   46 367800 500.02101988 719972 1022422344424211115522111 21681000000000000000000000000000000000000000000    0000000000000000000000000000000000000000000000000000000000000000000000000000000 000    0
3 2618 5721801184.04991992 319974 2121444344434415155511111 7299999555151555151115223220000000000000000000199999333332333233333333333323333333433543455515595211111131110001011012223212221222103373920
3 4886 233600   6.01 61997 61997115023332333444311155122211 6299999555151151511515535414444433133222422222199999232233133323233212333333233233432423334411155111111121113110111104433311111011 62134800
3 3391 351600  20.04121991 519973 4821424444124415151533131 6299999551555551551511514113333331121221211111199999131222333233233112323323293222534525534515555111111111111300133011118812222300985253100
3 3391 450100  20.04121991 519973 4821424444124415151513111 6299999551555551551511414113313121111211211111199999132233133331132233333323223322433432443315555111111111111300133011118812222400 24251600
3 1948 357660  60.07 11997 81997335010000000000000000011111 6299999555151155555515414112222221121222221212199999333333233333233222233333333333534535555515555111111111111111111114443322112111995158740
3 2975 461080 360.03 41985 919971 2523433444442411111111111 6299999555151111111115313320000000000000000000199999333331333333332222223333333323555545535511515111111111111111111114443311121221 54162100
3 5892 664320   0.011099971019972 4522111221411211115532311 2299999555151555555515666114535351142211211111265460000000000000000000000000000000000000000000000000000000000000000000000000000000 000    0
3 2531 356400   3.04 0   0 719974  021444444444455555581111 11568800000000000000000000000000000000000000000    0000000000000000000000000000000000000000000000000000000000000000000000000000000 000    0
3 2531 456880   3.04 0   0 719974  021444444444455555511111 11570000000000000000000000000000000000000000000    0000000000000000000000000000000000000000000000000000000000000000000000000000000 000    0
3 2225 358800   3.04 41989 419973  321434113444411555513511 41594000000000000000000000000000000000000000000    0000000000000000000000000000000000000000000000000000000000000000000000000000000 000    0
3 5669 368400   5.02111996 41997132023111221441115111155541 7299999555151555555515546413433441321431211122199999233333333333223233323333333322353435434411115131331131123310111114443212222222 34169300
3 1004 334320  13.02 51989 61997110423443444444415511112111 6299999555151155515519346314424441121111222111199999233323123333233233323333313332999999999915515111111131110000000003333322231222 33935640
3 2652 551000  10.01101996 51997120022222223442315511522323 3299999555151151515515446114444341124422422214251900000000000000000000000000000000000000000000000000000000000000000000000000000000 000    0
3  660 369600   5.03 31989 41997110022222444444411151512211 6299999555155555555515313313523531121211331112199999232223233323223223333323233322555535555511511121111221113300111003442311112221121370800
3 5646 477700  10.03 119951019971 9610000000000000000012111 2299999155551155555555666515544441144414421444199999122223133333233312323333132332453524454415585111111111111011100134442322122388 25180100
3 3503 465100   1.03 919891019972 3022423334443211515523221 5299999555151111515515414312322321111211211111199999232221232323133322333332223323433525445315555111111111111111111113342211222321504366900
3 1521 272840   5.01 91991111997115623422112211111151913111 7299999555151155555555616414444441122241241212199999131223333333233333333323233322555545455411555111111111113000000004443322121222 31173920
3 5771 274520   5.01 319921119971 5221424444444411111511111 6299999555151155555519444313523331221221211111199999232332333233233323333333933311555535335515515121111121113111111104443311111111 23275780
3 5771 373140   5.01 319921119971 5221424444444411111511111 8299999555151155555519444313523331221221211111199999131232232233233223233333933333555555455515515121111121113111111104443311111111 34274460
3 6150 275960  50.01 61997 91997118023433224444415555111111 6299999155551155551515446114444441134111422212199999233323233233233912233223113322433424342320000000000000000000000000000012222001 05176920
3 3282 551300   1.01 41997111997199923344444444415555511111 6299999515551511515515556915554953943331431111252800000000000000000000000000000000000000000000000000000000000000000000000000000000 000    0
3 3282 240800   7.011119961119971 5223444444444411155511121 6299999515551515115515556415545344443543432143199999132332233333232233232333333323555555555515155111211121111111111104443311111111102142300
3 5054 242900  10.03 21997 91997210023444224444411111124111 6299999555151151155515444312322221129211212111199999233332233333223322323333332332443434534511515111911111113331131113333311222122 51143920
3 3957 372000  20.04 61992 819971  021411142444415555555151 21729000000000000000000000000000000000000000000    0000000000000000000000000000000000000000000000000000000000000000000000000000000 000    0
3 3957 472900  20.04 61992 819973  321411344444415555511111 61736200000000000000000000000000000000000000000    0000000000000000000000000000000000000000000000000000000000000000000000000000000 000    0
3 2186 471700  10.07 81989 819971 8310000000000000000011111 8299999515551111511511444315555555444454443414199999133213333333323332333333223322544455555511515122311331111311131134443311121113 43173560
3 4411 273680  10.02 41997 41997125023444444444411155513331 7299999555155515555511636615535342322242251342199999332322332233333323333333233333534343444511155132331321311111111114443322111222 41175240
3  851 358500   3.01 0   0 31997127022411114444415555111111 6299999555151551515511115113424211133431111113259400000000000000000000000000000000000000000000000000000000000000000000000000000000 000    0
3 3567 242300 285.03 81996 9199732402142144442441155513434198299999555151155515511111120000000000000000000199999123331331221233222122222132921324232432511115111311331113111111133442211200202 43143800
3 3567 3618009998.03 81996 9199739982142144442441155512333198299999555151155515511111120000000000000000000199999122332232222332212223222233322434433423420000000000000000000000000000011222222 43181900
3 5875 258800 260.03101995 919973 3321424444441415555911111 3299999555151515555515212112222221122211111112199999333333333333333333333333233333555555555511555111111111111111111104443311111111 82160000
3 5875 360000 260.03101997 919973 3321444444442415555513111 3299999555151515555515211112222221112211111112199999133333333333333333333332233333555555555515555111111111111111111104443311111111 52160900
3 5416 269000   1.01 91995 61997110023222223444415111524321 2299999155551155111515656115545553445454443333199999232223232133333222111111233333533534345520000000000000000000000000000022222222 71270440
3 5416 370440   1.01 91995 619951 2523111223444419111532221 2299999155551155111515656915555553233443543113271040000000000000000000000000000000000000000000000000000000000000000000000000000000 000    0
3  291 236000 450.03981994 219973 3422423334442315115932221 6299999555151155555555223120000000000000000000199999222222239322322222222223292222333333342215555111111111111111111113343313222021 25439900
3 2468 366420  30.031119851119971 2622433334444415511522111 2299999155551151511115414412222221121212211111199999333333123333223332333333233333554535455515515111111111111110111104443311122111 44367440
3 2468 465040  30.031119851119971 2622444444443315511512111 2299999155551151511115414412222221121211211211199999333233333333333323333323333322555545545515515111111121111100111103333311111111 45266360
3 3990 270800 120.02 719951119971 6022333333443411111521121 5299999555151155555511324412444443133431331143199999333333233333333332333333333321353545555511515111112111110000000034443312222122985172000
3 3990 372000 120.02 719951119971 6022333333443411111532121 2299999555151155555511324412444443133431331123199999223232232232233323333333333333533595555515515111119111110000000034442312232122985172900
3 2058 550820  11.02121995 419972  022444444444415555581515 61511200000000000000000000000000000000000000000    0000000000000000000000000000000000000000000000000000000000000000000000000000000 000    0
3 2586 263840   5.03 0   0 419974  022444444443311511111111 61642000000000000000000000000000000000000000000    0000000000000000000000000000000000000000000000000000000000000000000000000000000 000    0
3 2182 342000  40.06 71991 51997110010000000000000000011111 6299999555151151115115333112222221221122231212199999123223332313333332323333333332455455544515515111311391113000111114443322121112 15143800
3 2182 439900  40.06 71991 51997110010000000000000000011111 6299999555151151115115333112222221221122231212199999223323223332322333322323323322453354544311115111311331113000111114443312121112 25142000
3 5448 675900   3.02 11995 619973 7521444444444415555515411 2299999555151151115155334112222121121121212111199999232333222932233312223322123323432534544520000000000000000000000000000022122221 52177100
3 5448 777100   3.03 0   0 619973  322442444444415555541111 21774000000000000000000000000000000000000000000    0000000000000000000000000000000000000000000000000000000000000000000000000000000 000    0
3 5461 272300  60.03 61996101997218022333113441415511511111 2299999155551151511515224212222221122222211122199999233332332333333332333333333322255525555515555111111111113311111114442311221222 63136840
3 5461 336840  60.03 61996101997318022322111422115511511111 2299999155551111511515414112222221122212212122199999233332333233331333333333333333155525555511555111111111111111111113333311222222103137800
3 3513 272300   3.03 0   0 419971 7523211444444411111512111 5299999555151115511515414413424442232422212132199999233332333333333333333333233223555545445515515111111131113111111113343311111121 53173200
3 1587 354600  40.01 11997 51997136523443444424311115511111 4299999555151515555515414514424441122422321222199999233323333333233333333333333333553535555511115121221232113111111114443311121113152156100
3 1402 474700   1.51989998 41997115623444444444415555912211 6299999555155155155511536314224441134311111122199999233333333333333333233333323333553444555411115131131111111111111124443322221111 11276620
3 2938 254180 230.03 31994 519973 2021444444444415155511211 6299999155551515111511313112212221112211221211199999333333333333333333333333333333524545555520000000000000000000000000000011211111 11155080
3 5264 336900 300.03 119931019971 8022444444444415511111111 6299999555151155555515416312324421111311111111199999132333333233333332323333333322355534545515515111111121111111111134443312222222985137800
3 1643 472000   8.02101995 419971 4522444444444415555512321 6299999555151111151515656114444441133123111121199999232322233333233222233323223333534535454515115111111322112111111113333322222222 54272900
3 1643 370200   8.01 91995 419971 2522444444444415555553211 1299999555151111151515556514444441111111111111199999333333232322333323333323223333533533345215515111111122111111111111112222222222 54371100
3 5002 275600  10.01 11997101997136522222322422415111525131 2299999155551115511515646914444442445422142414199999131321113233293922212322222392332414222120000000000000000000000000000022123023 09177040
3 1298 3741003000.03 31988 519973 2022444444444411111511111 7299999555151111111515333315555551132222511122199999333333333333333333333333233333543534444411515111111111113111111134443311111221 23175900
3 1061 2432002700.04 61997 619972 5021434344443411111111211 6299999551551111111515315115555552144554551414199999232323333333223232223323233322455445445411515111111111113301101194443311221111 43145180
3 1061 3451802700.04 61997 619972 5021434344443411111143221 8299999551551111111155315115555552144554551414199999131222332232222211122232132322333433324311515111111111113301101194443313221111 25145900
3 4226 353700   3.02 11993111997210422422334442315111512111 7299999555151111151115434313422221221222121121199999333333333333333333333333333233444444344415515121111121113111111133223322222322 52455380
3 2718 463900   4.01 0   0 619971  023444444444415555111311 21642000000000000000000000000000000000000000000    0000000000000000000000000000000000000000000000000000000000000000000000000000000 000    0
3 4638 233900   4.01 51997 61997130023444444444415111511111 6299999555151555555555636314545119922111121111234320000000000000000000000000000000000000000000000000000000000000000000000000000000 000    0
3 4638 333000   4.07 51997 61997128510000000000000000015111 6299999555151555555515636314444444421221221242199999133333333333233832333313333233555524555511115131111121313111111114442222122111 32133900
3 4574 374700 300.02 61993 919971 4522442444422411151511111 6299999555151151555515314320000000000000000000199999233332333233333333333333333332555545545515585111111111111111111133333322221222 45176500
3 4574 472900 300.02 61993 919971 4522442444422411151511111 6299999555151151555515314320000000000000000000199999333233333233333333333333333333434544444415585111111111111111111133332312222222 45174700
3 6131 233000   3.01 91994121997112223332333222311111511111 7299999155551555151515426514444442222344432233199999333333333333333233333333233333544544445511115131311133213111111113443313111011 43133900
3 2153 372060  30.02981989 419973 5921444444444411515811311 2299999555151155555555515113313331133311311331199999333333223323332332233323323333545545545515515111111121113311100111443311111311985173200
3 1715 431800   1.82 21996 419972  322444443444415551512111 71326400000000000000000000000000000000000000000    0000000000000000000000000000000000000000000000000000000000000000000000000000000 000    0
3 4152 532400   1.01 11994 61997120023442224444415111511111 6299999555151155155515515514444441144313331333199999333333333333333333333333333333544545555520000000000000000000000000000011111211 54133600
3 4838 5714002000.04 0   0 519966  410000000000000000012211 61715200000000000000000000000000000000000000000    0000000000000000000000000000000000000000000000000000000000000000000000000000000 000    0
3 4385 473800   0.011119971119971 9023444444444415555911111 8299999555151115515559616115555551145454431114275000000000000000000000000000000000000000000000000000000000000000000000000000000000 000    0
3 2126 371760   3.01111995 61997115023222223312111551514521 6299999555151151515515636614444344443242432222199999333332333333333332133333333333555545545511115131211232113130111114443311113212101172960
3 2126 472960   3.01111995 61997115023222223312111551512541 6299999555151151515515526614444442244444432222199999333331333333333311133333133333555553335511115132211232113130111114443311112223 61173740
3 4285 467200   1.01 81996 519971 6021444444444415155512111 2299999555155515115511365114434432124111212112199999333233333233333312233333333333545535555415555111111111113111111114443332131322 35169240
3  137 266600  15.02 51996101997110522223332444415151533521 6299999555155155151519446414423433223322322233199999222332333233222333232332222221432314324411515111111111113310111134443311122111 63167500
3  137 367500  15.02 51996101997110522223332444415151543421 6299999555155155151515446414433431123323412213199999132332232222222321122232232222432534224515515111111111113310111132243311112121 44168400
3 5359 357000   5.04111996 219963 2022432442114315555511211 2299999555151155555515213112222221122111211111199999232333333332232323333323233333332433442420000000000000000000000000000012222222 21257600
3 5579 334800   2.02 61993 919973 1522311334423315515511111 2299999555155555515515414113333321122111111111199999232233333313233323233332233333543534445520000000000000000000000000000012222221 21236600
3 5359 557780   5.04111996 219963 2022433442114315555511211 2299999555151155555515213112222111121111111111258680000000000000000000000000000000000000000000000000000000000000000000000000000000 000    0
3 5153 468880  16.04989998111997210421434444444315111511111 6299999555151155155115535113333331321231331131199999333333333333333333333333333323354333442215515111111111110000000034333312222212 31170320
3 1107 372300  10.02 11990 319971 7523343334443311111112111 6299999555151555555115414314422221121221222211199999333233333333333333333333333333535355445411515121111121113111111114333312111111 44173500
3  590 349740   5.01 31995 319973 7821422433444415555515511 6299999555151515515515424112222221222211111112199999233232333233333333133323233383545535345520000000000000000000000000000033223022 54150820
3 2704 250100   5.03 71991111997110023442444444415111513121 6299999555155555555511323414424241142421221221199999112131332222232222332313223311555533552515515111111111110110111103333322111221 64151180
3 1469 3387009998.079819891219946  010000000000000000022222981390000000000000000000000000000000000000000000    0000000000000000000000000000000000000000000000000000000000000000000000000000000 000    0
3 2752 271400   5.01 21996 319971 4023422224444411111511211 8299999155551511511115444413333333131221221312199999322223333332322223323323132322544533344411515121311231113111111113433312121111 21273800
3 5558 376020   1.01 21994111997199922433444444311111111111 4299999115551111111511646415544443224242442224276680000000000000000000000000000000000000000000000000000000000000000000000000000000 000    0
3 4764 2724209998.05 0   0 819966  210000000000000000021111 61727200000000000000000000000000000000000000000    0000000000000000000000000000000000000000000000000000000000000000000000000000000 000    0
3 4764 372240  11.01981995 61997110023444421434115555511111 7299999155555555111115556114444442144432444113199999322323333333233322233332233333553555455520000000000000000000000000000011111321121173380
3 4762 472000   1.03 91985101997112023444433443415111512211 6299999555151111111115444414422522222222221222199999333333333233333223333333233333554445455511115111331131113111111114443311111221 61172900
3 3660 262100  35.06 0   0 0   00  010000000000000000088555 21627000000000000000000000000000000000000000000    0000000000000000000000000000000000000000000000000000000000000000000000000000000 000    0
3 1950 357600   7.01 21994 919971 6022443444444415511122111 5299999555151155515515515412222221121221222122199999233323322332333132323333333333423234424315555111111111113111111114443322122322 41158800
3  619 264800   1.01 61996 61997116523443434443415515521211 6299999555151155515515545214334441123112321191265700000000000000000000000000000000000000000000000000000000000000000000000000000000 000    0
3 5064 448000  10.04981990 519974  023442444444455555531111 21486000000000000000000000000000000000000000000    0000000000000000000000000000000000000000000000000000000000000000000000000000000 000    0
3 1790 353700   3.01 0   0101997116523444444444415155511511 2299999555151551555555426514544241132112313311199999233232333233233312333322233333511515555520000000000000000000000000000011110111 11155200
3 2951 440500  30.02101994 41997133023221442441215115524411 6299999555151111515155656615555554444444443414199999133313333333333313333333133323554555555520000000000000000000000000000011112112 92142300
3 1790 452620   3.01 0   0101997112023444444444415555511511 2299999555151551555555426514544241132112313311199999233333339233333312233322233333511515555520000000000000000000000000000011110111 05153700
3  148 478360 258.07 71989 919972 4010000000000000000034421 6299999555151115155515444412222221221222222212199999132222222223233322333322333333444324333320000000000000000000000000000032333222 23179260
3 4025 270200  30.01101994 619973 3023333331444411111111111 6299999555151555515511435513333332221221212221199999233231333223333332333333332222535544455515555121211111211111111104442223222212 52372600
3 3807 465100  20.02 0   0 919972  222324334444415511512211 61660000000000000000000000000000000000000000000    0000000000000000000000000000000000000000000000000000000000000000000000000000000 000    0
3 4025 472600  30.01101994 619973 3023333331444411111111111 6299999555151555515511435513333332221221212221199999233232333223333332333333333322535555455515555121211111211111111104443313211212 32374400
3 3417 468400 150.05991992 719973  010000000000000000021111 21688200000000000000000000000000000000000000000    0000000000000000000000000000000000000000000000000000000000000000000000000000000 000    0
3  693 374400  12.02 61992 419971 5022442334444411155512111 6299999155551111511115444312222221221221221211199999133233333333233232333323333333453545545511115131211211111111111113333311112022 41175300
3 2561 252200  12.04 11993 91997110022424422442111151112311 6299999555155555115555555514444441143312311323199999233332233333333333233333233333555445445515115121211211113111131134443332222222 25153520
3 1278 371220 400.039899981019963  522444434441411555952111981714000000000000000000000000000000000000000000    0000000000000000000000000000000000000000000000000000000000000000000000000000000 000    0
3 4418 357000   1.01991996 51997128023311334434415111512111 4299999555151155515559656614434542143414424542199999333233233332333333333323223333544513535515515231111212333111111113333312121111 94158380
310014 232400   1.53 91994 619972 5222442444444415555111111 6299999555155511115119515314433321122223312132199999232333233233332222323333233333553535255520000000000000000000000000000022122921 54133720
310135 499999   1.519919931119971 4023333333433315155523411 8299999555151111555155325415555551134322244252199999232221123233232211123333223333543335433415155232322332223032311112223211122222 24199999
3 5340 243800   6.05 0   0 719973  010000000000000000012111 61442200000000000000000000000000000000000000000    0000000000000000000000000000000000000000000000000000000000000000000000000000000 000    0
3 6296 573800   1.02 81997 91997136522323333134315155523121 2299999555151551115515244312225252142132412452199999233232222332133132122333213213235422342311115132321221211112111104432221121131 53274880
3 6296 675000   1.02 81997 91997136522323333134315155523121 2299999555151551115515244312225252142132412452199999131132113223131211331221133212432425324511115132211221211112111104432221121131 31176200
3 2412 366000   2.02121990101997115021444114444411511511111 6299999555155555555515515414434441122231321131199999332323333333333322333333333333454545545415555111111131113111111113432211111121984167200
3 2412 467200   2.01991990101997115021444114444411511511111 6299999555155555555515515414444441121211311131199999222323333333233312333323333333553525555515555111111131113111111112232221111121984168400
3 5218 274100   0.03111997111997136523323223424311111512121 8299999155551555515515636615555553444433332343199999333333333333333323333331123333553435235520000000000000000000000000000011111221 09175180
3 2481 467200   2.01 0   01119971 4023444444444415155111511 6299999551551555151555356514434443144444331334268100000000000000000000000000000000000000000000000000000000000000000000000000000000 000    0
3  140 272660   1.06 0   0 819973  010000000000000000013211 21730200000000000000000000000000000000000000000    0000000000000000000000000000000000000000000000000000000000000000000000000000000 000    0
3 4789 273800   5.01 61995 619971  023112441442211511511111 61743400000000000000000000000000000000000000000    0000000000000000000000000000000000000000000000000000000000000000000000000000000 000    0
3 3138 273800  30.01121996111997128022444444444411555511111 8299999555151515515515545514544441134113311253199999233333333333333333333333333333445545545511155121211311113110111104343311111111122175900
3 5919 250040   7.01 0   01119971 6523433444444411111111111 6299999555151115555555663314534441144441241141199999233333333333333333333333333333445444544511515111311111113111111114332232121121 82251540
3 4815 5729009999.01981996 619971 1022413444412415555911111 61732000000000000000000000000000000000000000000    0000000000000000000000000000000000000000000000000000000000000000000000000000000 000    0
3 5745 354120 300.09981990 919972  010000000000000000011311 61999990000000000000000000000000000000000000000    0000000000000000000000000000000000000000000000000000000000000000000000000000000 000    0
3 2758 355200  12.01111995 91997117622344442422215555511111 6299999555151515555515444414534442234442432224199999233333333333333333333333333333555535555120000000000000000000000000000011111111995156100
3 2758 456100  12.01111995 91997117622344442422215555511111 6299999555151515555515444414534442234442432224199999233333333333333333333333333333555535555120000000000000000000000000000011111111995157000
3 6056 2558003000.04 81985 719964  322433444434415511112111 51564600000000000000000000000000000000000000000    0000000000000000000000000000000000000000000000000000000000000000000000000000000 000    0
3 2275 233900   3.02 0   0 619971 8021442444444415555511111 6299999555151155515515515212212111111211111111199999233333233333233233333323223333555545555511515131111331111311111113343311111111 34134860
3 1092 245000   1.03 0   0 619971 1522444334333315555512111 2299999555151115555515444312223221121211211111199999333232233333233323333333333333444535545515515111111111111111111113333322222022 11246500
3  555 243500   1.01 0   0 419971  022444444944415555511111 21438000000000000000000000000000000000000000000    0000000000000000000000000000000000000000000000000000000000000000000000000000000 000    0
3 1413 236300   5.01981994 619972 6022244444444415551511311 6299999555151515515115636114444441144414411414199999233223333313233332233323233333555555555520000000000000000000000000000011111011 21137500
3 5985 255740   4.02981995101997130021422444444415551513111 6299999555155555515515516114444141111111391111199999333333333333233333333333333333541434444415515111111111211111111111322322222222 55156880
3 5985 354180   4.02981995101997130021422444444415551511111 6299999555155555515515516114444241131111111111199999213313113333322332221312223322333223433315515111111111112111111113333322223332 35155740
3  650 274760   7.02 31993 419972 7022312221244211155125142 2299999555151555555555515113132221121221321321199999133222122222223112322223232223222543444511115131311311113231111312332223322232 53176920
3  774 231200   5.01121996121997136523314244924415511511131 6299999555151115115519355315324451144411111411199999133333333233333113233323333332555555555511115121111222113111111109433312122022 49132700
3 2377 558140   8.01 51993 61997116023444444444411155511111 5299999555151155515555646414434441442441424444199999333333333323333333333323333333553555555511115132211231113111111114442311111111252259640
3 5992 364800   8.01 0   0 919971 2521444444444415555511111 2299999555151155555555423112222221122221112111199999333333233333333333333333333333553555555515555111111111111111111113333312222222 53265700
3 4500 3612001800.01 41996 719971  321224244412415511131311 61615000000000000000000000000000000000000000000    0000000000000000000000000000000000000000000000000000000000000000000000000000000 000    0
3 4581 775600  50.01 0   0 51997199822441944444415555511311 6299999555151155555555516114414221121111111111276380000000000000000000000000000000000000000000000000000000000000000000000000000000 000    0
3 4809 261500  50.04 0   0 619967  021444444444455555591111 21618000000000000000000000000000000000000000000    0000000000000000000000000000000000000000000000000000000000000000000000000000000 000    0
3 4230 272600  13.01 0   0 619971 2023444444444415555511111 6299999555151515515515442212223221121311211212199999333333333333333322333333233333493335545515515111111111111111111113433322222022104274400
3 3628 375300   2.01 31991101997110022424444424415111111121 6299999555151115555555516514444331132241233213199999333323233333333313323313233332533545554511555111129111112211111014443322122212 15176800
3 5711 266600 350.03981991 919964  722323114441115555142311 71681600000000000000000000000000000000000000000    0000000000000000000000000000000000000000000000000000000000000000000000000000000 000    0
3 1445 434500   0.01119997111997136523444444444415511111431 6299999555151115515515515615544443233432343353199999121222222233233312233323133223444545444415115111221211123211111114442211111122 23235400
3 1445 533600   0.01119997111997136523444444444415511111431 6299999555151115515515515615544443233432343353199999121222222233233312233323133223444545444415115111221211123211111114443311111122 33234500
3 1990 549500  27.01 0   0 61997199823444444444415555511111 2299999555151555515515545111241221121424391332199999333223233333233333233323333323544335555315585111111121111111111111323311112121205151360
3 4312 650100   1.01 21997 51997120023421442424415155112121 2299999555511111115119346614544422252432311212199999233232332333333322333322333333553355535511115231211322111111111114442322122121202151600
3 4312 748600   1.01 11997 51997399923444444444455555512111 2299999555511111115119444112222221122211211212199999333332332333333332333323333333555555455520000000000000000000000000000022122121101149620
3 1794 365400   2.01 0   0 31997136523444444444419111511111 6299999155551585555555666615555553944594499194265760000000000000000000000000000000000000000000000000000000000000000000000000000000 000    0
3 2694 336900   3.06 0   0 419971 2510000000000000000012511 6299999555151111555555616113444521142112211223199999232333233333331222233313233333533533353315515111111111113331333114342213313339254338820
3 2909 434800 350.06999999 719973 2123113444111111155511211 7299999555151555515515333120000000000000000000199999233223332233233322332213133323534445555511155111111111111111111133332311211121 05135700
3 2909 333600 350.06999999 719973 2129113444111111155511411 7299999555151555515515333120000000000000000000199999232233332233233322333313133323545445555515555111111111111111111114443311111121 11134800
3  480 471700   3.01 61997 81997136522224444444411551551115 2299999555151515555555116114444131142121211112199999233333333333333333233333133333515555555515515111111111113121111112133311111111 25172900
3 2846 271700 161.03 0   0 819973 4022324124442115551533311 6299999555155515555155414112422221121221211242199999223333333333333232322322323322355555535415595111111111113111111112333332212022 75173200
3 1245 261080  46.01121994 619971  022444444444415555111111 61615000000000000000000000000000000000000000000    0000000000000000000000000000000000000000000000000000000000000000000000000000000 000    0
3 5451 268400 350.04 81995 919973 2122213444241415555111111 6299999555151115555555333120000000000000000000199999132333333333333232222323333333555545545515555111111111111111111103333311122393985169600
3 5451 870200 350.05 0   0 319976  010000000000000000011412 21705000000000000000000000000000000000000000000    0000000000000000000000000000000000000000000000000000000000000000000000000000000 000    0
3 6235 555680  23.03 21996111997117522113141421111111111111 7299999555151555515515616114444441144144142414256580000000000000000000000000000000000000000000000000000000000000000000000000000000 000    0
3 3723 533900   2.01 0   0101997110022444344444415555111211 6299999555155515555511611115454411111121111111234800000000000000000000000000000000000000000000000000000000000000000000000000000000 000    0
3 2411 271400   7.07 61994 819971  410000000000000000011111 21717600000000000000000000000000000000000000000    0000000000000000000000000000000000000000000000000000000000000000000000000000000 000    0
3 4599 249200  30.01 719931119971 5623122112242415511111111 6299999555511555115511595514443442123413321133199999233223333313333333323313133322555555555511115131311331313311311134343322111211101150400
3 1454 274340   1.01101995 61997136523332224444411511521311 6299999555151115151515455614444341244333421442199999233332122233232212233323223233544533554511115112221231213101111114332312111121 32276080
3 4317 464800   0.01111997111997130023422443444415555111111 8299999555151155555559614514544351132411122111266600000000000000000000000000000000000000000000000000000000000000000000000000000000 000    0
3 3015 377100 800.03101985 719973 6023444444444411111512111 6299999555155115155511333115555553542252251122199999323232232233233323233323233233553535555515555111111111110000000001312311111021985278480
3 3168 549800  90.07 0   0 219973 6010000000000000000011111 6299999555155555555515211120000000000000000000199999333333333333333333333333333333553355555515555111111111111111111111113311111110985150400
3 3538 543200  10.05 61993 619971 6010000000000000000041511 2299999555151115515155655519424221124211212111199999333333333333333333333333333333555555555515555111111111113300000004333322222122989144220
3 3538 644220  10.05 61997 61997199910000000000000000041511 2299999555151115515155655514434221124211212111199999333333333333333333333333333333555555555515555111111111113300000004333322122122988144580
3 5476 261080  17.01 0   0101997110023322121423115111113311 6299999555151115555515516415545441233333411222199999233323133233333333333323333333524434434511115311321221111111111213443311111011 24162460
3 6074 272720   1.01 11997111997136523444424444415555511111 6299999555151115515155416115544451144511111114273320000000000000000000000000000000000000000000000000000000000000000000000000000000 000    0
3 6153 447700   2.01 0   0101997110022444444444415555111211 5299999555151515515555646614245441241114421512199999233222232233333322333333233333532335554520000000000000000000000000000022223232102248900
3 3099 572180   4.01 81996 81997315022444444444415555111511 2299999555151555515115445120000000000000000000199999233231333333333313333323133323555555555515515111111111111111111103423311111222 34173560
3 1638 339720   1.01 0   0 61997115623241244414415555131511 7299999555151515555515616414444441242121221112240380000000000000000000000000000000000000000000000000000000000000000000000000000000 000    0
3 5934 463000   2.01101997111997136522322443444411555532311 2299999555151111555551414214434232133113231433199999121313212222111112213211112323533523452411115122211222123311311111232213223322 34264500
3 5590 339600 700.031119919999992 3023424444444411111511511 2299999555151111111115224420000000000000000000199999133233233333333322333323233323535535555520000000000000000000000000000011111111 51140380
3 4915 264260   1.51101994 51997110023111441444415155511521 6299999555151155515555356314434441111322212111199999333223233323333323233313132333515555455515515111311131113011100001343331111011 41166900
3 3560 579740   6.01 61988 419971 3023332233434415555522221 6299999555155155555555566613234341124222411252199999223233223333233333333333333323433435443415585111111121213131111114442322212221 31180640
3 3560 680640   6.01 0   0 419971 3023332333434415555511111 6299999555155155555555655514444421143342411114199999233333333333333333333322233323525444533520000000000000000000000000000022122121 21181780
3   15 4648009999.03 0   0 919973  321423244443455555531111 41652800000000000000000000000000000000000000000    0000000000000000000000000000000000000000000000000000000000000000000000000000000 000    0
3  293 269300   6.01 0   0101997115022133444343415511511511 2299999555151555555555515213333331321121111111199999333323333333333333333323333333554555555515515111111111111111111003333322222222 95270500
3 1902 457600  10.04 51985 519974 1221444444444455555511111 6299999555151155555515311112222221111211211211199999233323333333333333333333333332555555555515555111111111113311111114443311111111985160240
3 1902 560300  10.04 51985 519974 1221444444444455555511111 6299999555151155555515311112222221111211211211199999333333333333333333333333333333555445555515555111111111113311111114443311111111985162100
3 3415 461200  17.01 21996 41997124023223241444415111511111 6299999555155555555511526320000000000000000000199999332233333233333333333333333323555555555520000000000000000000000000000011112132 53161800
3 3558 277400  12.01121995 619971 4023434444444411111511111 6299999555151511555515555513333331121331311313199999333333333333333333333333233233454445555515515111211221113111111114443311111021102179200
3 6169 266300  20.011019961119971 3223444444444415555911111 6299999555151515515559445114444441143441441111199999333393333333333313333333233333555555555520000000000000000000000000000011111101 41167500
3 3557 264800  10.01 0   01019971  722222224222215555115311 71654000000000000000000000000000000000000000000    0000000000000000000000000000000000000000000000000000000000000000000000000000000 000    0
3 4572 340200   1.07 61995 91997130010000000000000000012511 2299999555155555515555646415555551151451344441199999333233323323333322333333333333544555533515515111211132111113111113343333222222 45241100
3 4572 441100   1.07 81995 91997130010000000000000000011531 2299999555155555515555645115555554154451341441199999333233333323223332223333333323455533542515555111111111111133111113343322222222 35242600
3 2140 459880   4.01 0   0 41997199823422134444215111511931 6299999555155115515555446413444112242233311222199999233223333313233332333313113333533423452420000000000000000000000000000012222332 21161140
3 5266 372600 700.02 71997 719972 5222111213313411511914211 6299999555151155515119444620000000000000000000199999132333333333333222223333233333455335545515555321213331331111111114442312111313 42173800
3 3283 251000  33.01 0   01119971  021444441441455555599999 61513000000000000000000000000000000000000000000    0000000000000000000000000000000000000000000000000000000000000000000000000000000 000    0
3  147 356400   6.01 91994111997110022444444444355555115111 6299999555151111115115333314414241142441211121199999212221222223232332323333333333555545535511111121111232113111111112223322112111204158200
3  147 558200   6.01 91994111997110022444444444355555125111 6299999555151111115115333314414241142441211121199999333333333333333333333333333333555555555511111121111232113111111112223311111111204159400
3  849 3363001800.05 0   01219951  010000000000000000024241 61365400000000000000000000000000000000000000000    0000000000000000000000000000000000000000000000000000000000000000000000000000000 000    0
3 1237 372960  20.06 31994 719973 1510000000000000000012111 7299999555155555515511323220000000000000000000199999333223333333333232333323233323555555555515515111111111113111111103332322321424989174520
3 3351 275900   5.01999999 51997125022444444444415555511111 4299999555151555555515356414434431133319211131199999233333333333333332333323333333544445434415515322111221113111111114443311111112 54177100
3 3203 379500 100.06 71996 319974 3010000000000000000013312 4299999555151555515511323120000000000000000000199999133223223323333332223313333323223124515515555111111111111111111111113333223000985380100
3 4529 364560  25.02111996 61997130022222422444415555124521 1299999555151555555515414112222221122221211211199999233222233222233323233323113332332424343415555111111111111111111113332222223322985166000
3  335 344700  17.01 0   0 319971 3023444444444411555513521 5299999555151555515555515614444331222312421131199999233333323333333333333323333333355535459520000000000000000000000000000022112121123345900
3 2854 438760   1.01 0   0111997116022442444444415555113111 7299999555151111115115646314444441123211311322199999233233332333333332233333233333545445545511115131111111223311111114442311112111 51239960
3  714 251720   3.01 61996 419971 5223444444444415111513111 2299999555151155515555546514434342233333433433199999233222223332233233233333233322555555535515115211212221222211111104443311111111 71152740
3  714 350460   3.01 61996 419971 5222442444444415111511111 2299999555151155515555545613434332233233422432199999232222223332233223233333223323355535535320000000000000000000000000000022222222 31151660
3 1217 658320   8.03 0   01219961  023111343134215555111111 51589200000000000000000000000000000000000000000    0000000000000000000000000000000000000000000000000000000000000000000000000000000 000    0
3 6182 239660   9.01 0   01119971 7523444444444415555511311 6299999555151515555115416114424441222222121221199999333333333333333333333323133333543535555511515111111111113111311114443311113211 73240860
3 5624 271460   7.04121996111997135023422224492211115121311 6299999155551115515515555614434441134411312233272120000000000000000000000000000000000000000000000000000000000000000000000000000000 000    0
3 4153 441760  50.01 0   0 519973 6022442442442415511511111 6299999555151111555515444112222221122211111111242420000000000000000000000000000000000000000000000000000000000000000000000000000000 000    0
3 4153 239180  50.01 0   0 51997399922442442442415511511111 6299999555151111555515444112222221122211211212199999233333333323333322333323233333545555555520000000000000000000000000000011112121 54141400
3 5605 461380  12.02121993111997115623444424424211111511111 6299999555151511515515616615544444144444444444199999333333333333333333333333333333555555555515515111111111113111111114443311111111 51162340
3 6127 465760  65.03 919931119971 5223444429444211511511111 7299999555151111555555343212222241122221221112199999333332323333333333333323333333555535555515515111111111113010111114443322222222 25167260
3 4111 536840  20.03 31995 61997210022442332234315511111311 6299999555155515555555225114433441113211311111199999233222223232233222333322223333544444344420000000000000000000000000000022212003985537860
3 3792 557300 500.02111990 719962  722444442444411551111111 21577200000000000000000000000000000000000000000    0000000000000000000000000000000000000000000000000000000000000000000000000000000 000    0
3 5271 4662409998.06 0   09899987  010000000000000000018511 61760200000000000000000000000000000000000000000    0000000000000000000000000000000000000000000000000000000000000000000000000000000 000    0
3 4252 515060   7.04121987 819964  122424244442415511513111 61155400000000000000000000000000000000000000000    0000000000000000000000000000000000000000000000000000000000000000000000000000000 000    0
3 3002 375540   4.01999999 61997199823444444444415551111911 6299999555151155515151316414124231132111212112199999233323333233333233323323333333544555455511115111112213113111111114313311113311 54277040
3 1444 332580 700.02 71995 819962 1023444444444411511111111 61329400000000000000000000000000000000000000000    0000000000000000000000000000000000000000000000000000000000000000000000000000000 000    0
3 1609 563900  15.06 0   0 619972  010000000000000000033111 21641400000000000000000000000000000000000000000    0000000000000000000000000000000000000000000000000000000000000000000000000000000 000    0
3 5212 262640   6.01 0   0 619971 2022442224444215555511211 6299999555151115515555516114444441124411211111263360000000000000000000000000000000000000000000000000000000000000000000000000000000 000    0
3  313 232400   8.01101995101997115622422444444415111511111 6299999555151515515515426414444331233232432242199999333333333333333333333333333333443334433311115121211111213331111113433322112121 72133600
3  314 544460  10.01 71996 91997124023211111441111511515451 6299999555151155555555656615533453131311411441199999221212223323223222222313213211555355555511115333312333331123321114443322222222 83145900
3  313 334500   8.01101995101997115622422444444415111511111 6299999555151515515515426414444331233232432242199999233333333333333333333333333333423334433311115121211111213331111113433322112121 52135400
3 4112 260360   0.01 51997 51997136523344443444415151512111 6299999155551111111515646615554452155442441112199999323333333333333323333312133333543555555520000000000000000000000000000011113011 41161560
3 2165 246620   1.04981990121997110023442444423411551915411 4299999555151111555519646313233311143433311122199999333333233323333323333333233333333335355515515132211231123211111213332232223133 74348240
3 2165 348300   1.04981990121997110023442444423411551511511 6299999555151111555515646313233311143433311122199999333333333333333333333333233333515555515515515111111131113211111214443322111111 72249200
3 1415 562400   2.01 91995 91997112022233343443311155113121 8299999555151151115115535514535541141311321132199999333333333233233323333323233323533425355515515111111111113311111114342312111122 43164500
3 3979 558500   1.01 0   0 61997210423444344444415555511111 6299999555151155515551616614444442144414444414259400000000000000000000000000000000000000000000000000000000000000000000000000000000 000    0
3 4565 441400   1.02111992 519972  021444141444415555513251 21417000000000000000000000000000000000000000000    0000000000000000000000000000000000000000000000000000000000000000000000000000000 000    0
3 4565 541100   1.02111992 519972  021444141444415555533251 21414000000000000000000000000000000000000000000    0000000000000000000000000000000000000000000000000000000000000000000000000000000 000    0
3 5663 276800  35.03 419901119973 2422233223332311515511111 5299999555151151555515424312322221222221211122199999333333333333332333333333333323445544455511515111111111113301111114443322212221 43178600
3 5663 380100  25.03 419901119973 2422233223332311515511111 5299999555151151555515424312322221222221211122199999233332223233232222233333233323433533454411515111111111113301111114442212222221 43181600
3 6060 258200   1.51 61996111997125023233333124411155113521 8299999555151515555519555514444441143444112434199999123111111333133111111311123223445534542515555121111221113301111124443312131221 11259700
3 5754 330840 900.03121996121996318522311111441415111133121 6299999551551111111111366620000000000000000000199999113133113113113131322323113322354435335515595111111111110000000004443332323012991131860
3 4616 2610801000.03 0   0 81996399921444444444415555541511 61613800000000000000000000000000000000000000000    0000000000000000000000000000000000000000000000000000000000000000000000000000000 000    0
3 4616 368100   3.04 0   0 31997999921444244444415555511111 61684000000000000000000000000000000000000000000    0000000000000000000000000000000000000000000000000000000000000000000000000000000 000    0
3 3762 432700   2.51 51994 61997115623444444444411111511111 2299999555151555555515555315545451144441211441199999133333333333333333333333333333555555555511155131213221213111111114443311111111 21133600
3 3762 533600   2.51 51994 61997115623444444444411111512121 2299999555151555555515555315545451144411412441199999232232232232232222223331222332524542442511155132313221223111111114442311111221 21134500
3 4140 746800   3.01 71993 519972  021312444444415551912221 41474000000000000000000000000000000000000000000    0000000000000000000000000000000000000000000000000000000000000000000000000000000 000    0
3 4140 847400   3.01121994 519972 6023224444444415551555511 2299999555151155555555416913434433143431312193199999223222233332333223333213133323552554525520000000000000000000000000000022121291 43348300
3  800 269840  90.01 41997 419971 3023321213444411155143111 6299999555151511515515314512424441144211411121199999122312223313233222133322222332532435544411115121211221112321111111233211121121 43171220
3 1508 348120   3.51111996 41997133023444444444415555513511 6299999555155155555555456614444443144413413444199999333233233333333223233323233323555535555511115331313331313333333314443311111131104149080
3 1508 246980   3.51111996 41997133023444444442415555512511 6299999555151115555555454413433432244434433343199999233333333333333333333313233323552555555511111331311331313333131304443311113111 53148060
3  801 2749402500.01111996 31997112022211414441415555511111 6299999555151555515511313115555554134351133411275600000000000000000000000000000000000000000000000000000000000000000000000000000000 000    0
3 1281 339060  20.019919921019972 482344344444441515511111199299999555151555515559445114411342111121221111199999133333333333333333323333333323445555535515595111111111111111311104413311111311 45140800
3 3728 278900  30.02999999101997118323244442222111151513511 6299999155551511111515666615545542145442342244199999223323123233223212333323123332532535555511115333331311211211111114443311111211 41180460
3 6267 332280  50.031019941119972 3523411242224915155513331 6299999555151111115155326114424441121111111211199999333133832223233333333323233223534424455415585111111111113111188194312311111483 34133720
3 6267 233720  50.031019941119972 3523411242224915155144421 2299999555151111115155326113334331121331322211199999123121231221232211222223233213243333333415515111111111113111188113331233333483 64134680
3 3396 461320   1.01981993 519971 9023444444444415155511111 6299999555155515515555444314524442224422422222199999333333333333333333333333333333555355555511111331313333333111111114443311111111102162400
