2  690 37542015012.010441607  2900.00555.0 4200000 0 9195699999244354112131115516225551155111111414.044412213112322332214123231555555555515505511111111510.020000000 020000000 0.076320
2 5300 46072011112.010  4917 39000.00645.0 5500000 0 3197099999211314512141115154121151132213112313.0333333332233233332222331335455455555155051111111155 9.020000000 020000000 0.061800
2 1837 36384025012.010481219   320.00345.0 6000000 010196599999224345112111115155124252243434122312.0333232232224124412141131425555555555155051111111155 9.020000000 020000000 0.064620
2 1837 46384025012.010481219   320.00345.0 6000000 010196599999224345112111115155124252243434122312.0333232232224124412141131425555555555155051111111155 9.020000000 020000000 0.064620
2 4499 26630015012.010436 69   800.00340.0 1100000 0 6196899999211431211111125516221151155542111313.0444238332234133311141131415555555555155055511511155 5.020000000 020000000 0.067380
2 1778 37260035016.010245 67 32000.00645.0 3200000 010196099999222345122211235556322153255125424329.0333332324124123222142132334455334454155011111111155 9.020000000 020000000 0.074100
2 1778 47260035016.010245 67 32000.00645.0 3200000 010196099999222345122211235556322153255125424329.0333332324124123222142132334455334454155011111111155 9.020000000 020000000 0.074100
2 2507 27476015016.010245339   500.00350.0 5000000 0 2195299999222154312233335551124332343234222322.032232333322323222223223233335444435415501111111115510.020000000 020000000 0.076200
2 4021 47050035012.010680417 40000.00640.0 4000000 011195399999244324111111115155123332333334413322.0333333333233223322232333325555555555155011511111155 8.020000000 020000000 0.071820
2 4783 47620035018.010215917 40258.00640.0 4800000 0 2194899999212435211111111515224343345535423414.0444314242124133112131122415355555555155051511111155 8.020000000 020000000 0.077400
2 2252 24062035012.010925839 12000.00640.0 1200000 0 9196299999211453119111115153110000000000000313.033321333114414241214124141555555555515501151111515514.020000000 020000000 0.041340
2 1549 23870025011.510461247    12.00148.0 3200000 0 1197299999222143521131211555225533259923422323.033323323223323228323222232555555555515505551111115510.020000000 020000000 0.039780
2 2966 46900011112.010641 69   300.00340.09999999999 1196799999244354112253335556323353255523224323.0233232323233233323232222325555335555155099911111155 8.020000000 020000000 0.070320
2  336 33360015012.035  0  0     0.000 0.0 5000000 0 9196899999212534112151115555225555555552212322.0223232232223222322232111325555555555555155520000000 0.020000000 020000000 0.034800
2 4173 23420035015.010245 69 55000.00640.0 5300000 011195699999233354112255221155225222222224222322.022323232322222323223223232335333333315505151111155510.020000000 020000000 0.035220
2 4173 43420035015.010245 69 55000.00640.0 5300000 011195699999233354112255221155225222222224222322.022323232322222323223223232335333333315505151111155510.020000000 020000000 0.035220
2 3036 35256035012.020694167    11.00140.0 2600000 011196599999232345112241121155225333335334331313.0333239332234233222121231324453353453155055511111155 8.020000000 020000000 0.053280
2 2767 43420015012.010706387    11.67140.099999910 1 9196299999100000000000000000000000000000000000.0000000000000000000000000000000000000000000000000000 0.000000000 000000000 0.034800
2 2767 53420015012.010706387    11.67140.099999910 1 9196299999100000000000000000000000000000000000.0000000000000000000000000000000000000000000000000000 0.000000000 000000000 0.034800
2 2843 43810035013.010473609     7.50137.0 2200000 0 4196399999100000000000000000000000000000000000.0000000000000000000000000000000000000000000000000000 0.000000000 000000000 0.039000
2 2843 53810035013.010473609     7.50137.0 2200000 0 4196399999100000000000000000000000000000000000.0000000000000000000000000000000000000000000000000000 0.000000000 000000000 0.039000
2  426 27230011114.010424748 58000.00660.0 6000000 010195999999221341512251335555224442244444222223.011323212223423222423222232345555555515505151111115510.020000000 020000000 0.073200
2  426 37230011114.010424748 58000.00660.0 6000000 010195999999221341512251335555224442244444222223.011323212223423222423222232345555555515505151111115510.020000000 020000000 0.073200
2  765 26390015013.010245609 31000.00668.0 3500000 0 1196499999100000000000000000000000000000000000.0000000000000000000000000000000000000000000000000000 0.000000000 000000000 0.099999
2 4019 65940021110.010402637     4.75140.0 8000000 0 4197399999222453112131255155210000000000000313.0323232133134133311132222315555355355155055511511515 7.020000000 020000000 0.060600
2 5410 37236031114.010436 68 22000.00645.0 2100000 0 4196899999212134512222121113222332233534232323.0233322232233232222232232325555555555155051511111155 9.020000000 020000000 0.073800
2  878 26624015018.010  4749 37000.00660.0 4700000 0 5197199999100000000000000000000000000000000000.0000000000000000000000000000000000000000000000000000 0.000000000 000000000 0.066480
2 2274 43840035012.010481379    12.00144.0 4500000 0 6197399999212345119134445113221253155534423323.0333223332233233382222122331555335555155055511111115 8.020000000 020000000 0.039900
2 2274 53840035012.010481379    12.00144.0 4500000 0 6197399999212345119134445113221253155534423323.0333223332233233382222122331555335555155055511111115 8.020000000 020000000 0.039900
2 1407 26588035011.010410 69   270.00340.0 3800000 012197599999222325112145215155225555555552511322.0233133222223213322232232424553344244155055511111155 9.520000000 020000000 0.067380
2 1407 36588035011.010410 69   270.00340.0 3800000 012197599999222325112145215155225555555552511322.0233133222223213322232232424553344244155055511111155 9.520000000 020000000 0.067380
2 3496 26438031116.010 45848 39000.00635.0 3900000 0 5195799999211135211142125555224433344232224322.0323233233223223222233232325454554455155055511111155 7.020000000 020000000 0.065400
2 4321 35160035012.010962669     9.00140.09999981098 9196799999211345211131121156110000000000000214.0233131331242213221132222424345534525151051111111511 8.020000000 019999999 1.055200
2 2805 33450015014.010374237 26000.00640.0 5000000 012195599999233351411122115552122351155125424414.0432233342234132313131231425555555555155011111111155 8.020000000 020000000 0.035400
2 2805 43450015014.010374237 26000.00640.0 5000000 012195599999233351411122115552122351155125424414.0432233342234132313131231425555555555155011111111155 8.020000000 020000000 0.035400
2 2193 24008011112.010245628   500.00360.0 5200000 0 5196699999100000000000000000000000000000000000.0000000000000000000000000000000000000000000000000000 0.000000000 000000000 0.040260
2 2193 34008011112.010245628   500.00360.0 5200000 0 5196699999100000000000000000000000000000000000.0000000000000000000000000000000000000000000000000000 0.000000000 000000000 0.040260
2 1882 47350035012.010715417  1000.00360.099999810 312194999999211153212151515153125131113534111313.023323223222413232212222232335535555515505551111155515.020000000 020000000 0.074400
2  603 43648025012.010715417  1500.00540.0 1400000 0 5197699999100000000000000000000000000000000000.0000000000000000000000000000000000000000000000000000 0.000000000 000000000 0.036720
2 3278 47236035012.010753219     5.60140.0 1000000 0 9196299999244543212231225154224221232123422329.0933323333223223322241292325553354555155055515555155 8.020000000 020000000 0.073860
2 3032 36990015012.010343289     8.00140.0 4800000 0 9196499999222395212251115155225134299434222322.0333232322233233323232222325555345555155051511111155 8.020000000 020000000 0.071640
2   46 26810011112.010436 68     9.75150.0 2300000 0 5195899999100000000000000000000000000000000000.0000000000000000000000000000000000000000000000000000 0.000000000 000000000 0.068400
2   46 36810011112.010436 68     9.75150.0 2300000 0 5195899999100000000000000000000000000000000000.0000000000000000000000000000000000000000000000000000 0.000000000 000000000 0.068400
2 2618 57392031115.010245 67    15.00120.0 1000000 0 8194799999211431212251115152225251115113222322.0431233332133213413141131315555555555155055511111115 8.020000000 020000000 0.075420
2 4886 23486035014.010415 67   400.00335.0 1500000 0 7195799999213543122242225553224242244443212322.0333212322223122322221232325455355355155051111111115 7.020000000 020000000 0.036000
2 3391 34860011112.010715527    12.50165.0 4200000 012195899999233415321123135515221255355224123232.0223233332234123212133212323555555355555551120000000 0.020000000 020000000 0.050100
2 3391 44860011112.010715527    12.50165.0 4200000 012195899999233415321123135515221255355224123232.0223233332234123212133212323555555355555551120000000 0.020000000 020000000 0.050100
2 1948 35880031211.010694148    10.75140.0 2300000 0 9196299999242315211251425156124123145541111413.0233222232223132221141121325555555555155055511111155 8.020000000 020000000 0.059760
2 2975 46210011117.010522219100000.00665.022600000 0 4194799999223354112121121115323351131114222413.0223223332134132411131131315555555555155011911111115 8.020000000 020000000 0.063120
2 5892 665460111 9.035  0  0     0.000 0.0999998899910197999999243451212253331511110000000000000222.0222232232222233222222222221355553555555155520000000 0.020000000 020000000 0.066540
2 2531 357000318 7.010522927     7.50140.0999999999910193899999100000000000000000000000000000000000.0000000000000000000000000000000000000000000000000000 0.000000000 000000000 0.057300
2 2531 457000318 7.010522927     7.50140.0999999999910193899999100000000000000000000000000000000000.0000000000000000000000000000000000000000000000000000 0.000000000 000000000 0.057300
2 2225 35940051211.010706219   500.00436.0 1700000 0 8196299999100000000000000000000000000000000000.0000000000000000000000000000000000000000000000000000 0.000000000 000000000 0.059820
2 5669 36810025019.510240857 51000.00660.0 7500000 011194899999233345112141115153223353355534233413.0333334341144133412131141324453553335151051111111115 6.020000000 015515555 2.070200
2 1004 33240011114.010284639 53000.00657.0 6000000 0 3195299999221345112233335151123242944224222223.093332323223323222222332232455544535515501511115551599.020000000 020000000 0.034200
2 2652 55190055013.010415 67     7.00127.515000000 0 4197799999212531422232225555210000000000000323.0333232322233223322232222324455335355155051511111155 5.020000000 020000000 0.056700
2  660 36840035012.010441407 44000.00640.0 4400000 012195599999212143512233215516225353345533211323.0323232232233232322232222324455555555155055911111555 6.020000000 020000000 0.069600
2 5646 48010031312.010283698 30000.00645.0 3000000 0 8194799999234531412111115513125111151114224223.0222333333324123382232132323455553555155099915511111 9.020000000 020000000 0.081300
2 3503 46690011312.010551319    10.54140.0 3400000 0 9195999999211354112142241114223242134435211314.0334222242124132221141131414455455455155051511111155 8.020000000 020000000 0.068100
2 1521 27392031314.010441559 41000.00670.0 4400000 010195799999211354111131315155222251133324222323.022222233323322332223223132335222252315501551111111510.020000000 020000000 0.075120
2 5771 27584035012.010441187999999.00940.0999998109910195999999212345122121121556222251124414133312.033332999999999999999999999999999999915505191999999999.020000000 020000000 0.076860
2 5771 37584035012.010441187999999.00940.0999998109910195999999212345122121121556222251124414133312.033332999999999999999999999999999999915505191999999999.020000000 020000000 0.076860
2 6150 27692055015.010753607     8.00140.0 1000000 0 7196999999221351412243225554125125319924222322.0323323332223223322232222335555455555155055515111155 8.020000000 020000000 0.078060
2 3282 55190051312.010903879    55.00548.099999851 0 4195899999212432111211111111110000000000000212.032323223223312232223222232555555515515501151111155110.020000000 020000000 0.054000
2 3282 24230015012.010770937     5.25140.099999851 0 2195999999222513411211111152125534134514422322.0323223232333223322233322335555553535155051111111155 8.020000000 020000000 0.044400
2 5054 27188015014.010245 67 65000.00644.0 7200000 012196499999223154312131211551124422424444114211.032342333222322322123223232345555555515501191111111510.020000000 020000000 0.072900
2 3957 37362015012.010492649 11000.00625.0 2000000 0 7195399999100000000000000000000000000000000000.0000000000000000000000000000000000000000000000000000 0.000000000 000000000 0.074640
2 3957 47362015012.010492649 11000.00625.0 2000000 0 7195399999100000000000000000000000000000000000.0000000000000000000000000000000000000000000000000000 0.000000000 000000000 0.074640
2 2186 47356011118.010245 69999999.00940.09999999999 7195199999211354211121111113122232232235242323.0333222332233232212242232325555555555155051111111155 8.020000000 020000000 0.075180
2 4411 27530015011.010571 67    10.20140.0 2000000 0 4196999999241431511111155155122222222224224223.0223223232233232222232221323355355555111051511111155 8.015551155 815551155 8.076500
2  851 35730011112.010611779     6.50130.0 2000000 0 1196899999244134511151111152110000000000000314.0434333134234134311141111314555555155155099911111115 8.020000000 020000000 0.058500
2 3567 281900350 9.010912777     7.00135.0 2500000 011197299999244534111251441115324232223525222222.0323232233323223322222222323344333334155051515511111 7.020000000 020000000 0.083340
2 3567 381900350 9.010912777     7.00135.0 2500000 011197299999244534111251441115324232223525222222.0323232233323223322222222323344333334155051515511111 7.020000000 020000000 0.083340
2 5875 25760021110.085  0  0     0.000 0.099999854 0 8196699999224312412111111152124531344214124333.0334132332223223322122231411555554555555555120000000 0.020000000 020000000 0.058500
2 5875 35760021110.085  0  0     0.000 0.099999854 0 8196699999224312412111111152124531344214124333.0334132332223223322122231411555554555555555120000000 0.020000000 020000000 0.058500
2 5416 27104055012.010690119    11.50155.09999999999 1196099999211143511153325553222252239924222323.0223223242233132211141111314455555555155055111111115 9.520000000 020000000 0.072300
2 5416 37104055012.010690119    11.50155.09999999999 1196099999211143511153325553222252239924222323.0223223242233132211141111314455555555155055111111115 9.520000000 020000000 0.072300
2  291 23240035015.010  3739 80000.00650.099999810 810194999999212354112141331113322333232323143323.0323412232334122313222291213455554555151055511111155 9.020000000 015155555 6.036000
2 2468 36750015013.010692159999999.00950.0999998109912195099999211451312121125556123232134534324322.0332333321134133212122231425555454545155051511111155 8.020000000 020000000 0.068640
2 2468 46750015013.010692159999999.00950.0999998109912195099999211451312121125556123232134534324322.0332333321134133212122231425555454545155051511111155 8.020000000 020000000 0.068640
2 3990 27290015014.010600917 35000.00645.0 3500000 0 1196499999232342512121115115225152155554332323.0343223332234133223142132324455555555155055511111155 9.020000000 020000000 0.073800
2 3990 37290015014.010600917 35000.00645.0 3500000 0 1196499999232342512121115115225152155554332323.0343223332234133223142132324455555555155055511111155 9.020000000 020000000 0.073800
2 2058 55112015012.010755 27     5.00132.099999858 0 3197199999100000000000000000000000000000000000.0000000000000000000000000000000000000000000000000000 0.000000000 000000000 0.051300
2 2586 26420011112.010692158 29000.00640.099999810 5 6196899999100000000000000000000000000000000000.0000000000000000000000000000000000000000000000000000 0.000000000 000000000 0.099999
2 2182 34410035012.010190897 15000.00670.0 1500000 012196299999212345212123115116122242255525522422.033433223312411431114114143334445214415501111111115514.020000000 020000000 0.045600
2 2182 44410035012.010190897 15000.00670.0 1500000 012196299999212345212123115116122242255525522422.033433223312411431114114143334445214415501111111115514.020000000 020000000 0.045600
2 5448 67752035013.010903728     5.50117.5  750053 0 2195599999222134512241111154122142245542222222.0233322233323123321131121213553333343155055111155115 4.020000000 020000000 0.078900
2 5448 77752035013.010903728     5.50117.5  750053 0 2195599999222134512241111154122142245542222222.0233322233323123321131121213553333343155055111155115 4.020000000 020000000 0.078900
2 5461 23780015012.010602219   800.00340.0 4000000 0 9195999999212354112151515155223252253224422323.0323233332223223322232232335555555355155055511111155 8.020000000 020000000 0.038700
2 5461 33780015012.010602219   800.00340.0 4000000 0 9195999999212354112151515155223252253224422323.0323233332223223322232232335555555355155055511111155 8.020000000 020000000 0.038700
2 3513 27200011312.010284639 30000.00642.0 4000000 011195199999211345111151115155325552233123224323.033332323323323222223223232445533335515505111151111510.020000000 020000000 0.072900
2 1587 35640025014.010245639 45300.00650.099999810 5 9196199999224345122241115512125355553434432323.0333333332234232223131131325555555555155051511111155 9.020000000 020000000 0.057600
2 1402 47314055014.010394527 28000.00630.0 2800000 010195399999222342522133435513225432253555315222.0222282324218224282232233335555555355155055511111155 5.520000000 020000000 0.074700
2 2938 25508095011.010283628     6.62140.099999858 0 1197599999243354112231115556225531155544432414.0143233322133133323232232325555455555155051511155111 8.020000000 020000000 0.056460
2 5264 34158011117.010245369 45000.00645.0 7500000 0 2195599999211345112121221515222222255233434323.0333323332223233322232332325355353355155099911111155 8.020000000 020000000 0.042600
2 1643 47110015012.010441757   300.00340.0 1650000 0 6195799999222351422241315112224232223222222323.0333233232233232322222232323555555555155055511111155 8.020000000 020000000 0.072000
2 1643 37110015012.010441757   300.00340.0 1650000 0 6195799999222351422241315112224232223222222323.0333233232233232322222232323555555555155055511111155 8.020000000 020000000 0.072000
2 5002 27710035012.010751 67   708.00340.0 2700000 0 2197099999222413522121115116325332123532222222.0323232318131123281141121123343333343155055111111155 8.020000000 020000000 0.079500
2 1298 37200035014.010600917 40000.00660.0 4500000 010195799999211513412141121513222252134422213313.0444333332234132312241132424555555555555551520000000 0.020000000 020000000 0.074100
2 1061 24590015024.010 65838106450.00636.09999999999 7195599999222345212144341556329991141934522413.0433123121123233323132221333345454355155055511115555 9.020000000 020000000 0.047100
2 1061 34590015024.010 65838106450.00636.09999999999 7195599999222345212144341556329991141934522413.0433123121123233323132221333345454355155055511115555 9.020000000 020000000 0.047100
2 4226 35544025019.010 31849 80000.00650.0 8000000 0 5195299999222345222241225115224242334334433223.0323222222223223322232232324355353455155051111111155 8.020000000 020000000 0.056400
2 2718 46420055011.071510 69    50.00210.099999810 4 2198164500100000000000000000000000000000000000.0000000000000000000000000000000000000000000000000000 0.000000000 000000000 0.064500
2 4638 23432025013.010925999    11.10140.0 4600000 0 8196699999244134511155351113121111111114222323.0233232323233232222222232323555455455155055511111155 8.020000000 020000000 0.035220
2 4638 33432025013.010925999    11.10140.0 4600000 0 8196699999244134511155351113121111111114222323.0233232323233232222222232323555455455155055511111155 8.020000000 020000000 0.035220
2 4574 37200015020.010 65838180000.00644.015000000 0 1196299999211543112241111116125332344324232213.044434333213413341314112141455555555515501151155511112.020000000 020000000 0.072900
2 4574 47200015020.010 65838180000.00644.015000000 0 1196299999211543112241111116125332344324232213.044434333213413341314112141455555555515501151155511112.020000000 020000000 0.072900
2 6131 27710035014.010285739 60000.00655.0 9500000 012196099999223354212221111115224432254234222323.0223132222224123311141141324455355555155051111111155 9.020000000 020000000 0.078300
2 2153 37320011112.010755 19999999.00945.09999999999 7196999999222315411142115512223221199934311322.0232332323223214291122222321555355355155055511111111 9.520000000 020000000 0.074280
2 1715 43270015016.010245427 25000.00630.0 3600000 0 1195799999100000000000000000000000000000000000.0000000000000000000000000000000000000000000000000000 0.000000000 000000000 0.099999
2 4152 53360015014.010631628    15.70138.0 5800000 0 3195399999212345211122135116125251154224424323.0333323232233232312231332325555555555155011115511111 8.020000000 020000000 0.034500
2 4838 57152011213.010600917 38000.00680.0 6000000 0 1196699999100000000000000000000000000000000000.0000000000000000000000000000000000000000000000000000 0.000000000 000000000 0.071820
2 4385 42880015012.035  0  0     0.000 0.0     000 0 7197399999222413512111111555210000000000000414.0442132131144142211122122415555335355555155120000000 0.020000000 020000000 0.073800
2 2126 37374025012.010822 17   460.00365.0 1800000 0 5196499999223514312152325155323231353114222312.533313233223313232223113232555555555515505151111111510.520000000 020000000 0.074700
2 2126 47374025012.010822 17   460.00365.0 1800000 0 5196499999223514312152325155323231353114222312.533313233223313232223113232555555555515505151111111510.520000000 020000000 0.074700
2 4285 46924011110.035  0  0     0.000 0.0 1200000 0 3196199999224513412111111116122251143335534224.0433232212224123313141131415555145555555151120000000 0.020000000 020000000 0.071520
2  137 26870025012.010550448   480.00340.099999855 0 3195699999211443112233445114125332244534222324.0333223232134133312242241414555455455155051111111115 8.020000000 020000000 0.069900
2  137 36870025012.010550448   480.00340.099999855 0 3195699999211443112233445114125332244534222324.0333223232134133312242241414555455455155051111111115 8.020000000 020000000 0.069900
2 5359 355800512 8.035  0  0     0.000 0.0  500000 099999999999222435922221211515225333444544322323.0333122322232233232332223223332332335555555520000000 0.020000000 020000000 0.057000
2 5438 25100055010.035  0  0     0.000 0.099999858 0 4197999999223513412244215556299999999999999222.032312122322321999999999999999999999999999999999999999.099999999999999999999.099999
2 5359 555800512 8.035  0  0     0.000 0.0  500000 099999999999222435922221211515225333444544322323.0333122322232233232332223223332332335555555520000000 0.020000000 020000000 0.057000
2 5153 47032015014.010  4378 70000.00642.5 7000000 0 1195399999222315421142211514123332345333113828.0828888833123823888223231823344344453155055111155155 9.020000000 020000000 0.071520
2 1107 37350011114.010965937 67000.00663.010700000 010196399999232345222151211116124242224424422323.033323223222323332324113232555555555511105551111111510.011111155101111115510.074400
2  590 35082055012.510764749999999.00930.099999810 312197499999244153412251135116123151125934323323.033323332223323242223223232455555555515505151111111112.020000000 020000000 0.052080
2 2704 24920011112.010705529   425.00345.0 2300000 010196399999212214311151115555225353313332112413.0233222233323223322232232325555555355155055511111115 9.020000000 020000000 0.050100
2 1469 339000314 9.075  0  0     0.000 0.0  900000 0 6194939120100000000000000000000000000000000000.0000000000000000000000000000000000000000000000000000 0.000000000 000000000 0.039120
2 2752 27380035016.010233537 75000.00660.0 8500000 0 1194999999234351412141121152124441134434514423.012223333222411441314112232545534444515505151111111510.020000000 020000000 0.075900
2 5558 37668051112.010441379   400.00332.099999810 2 9197499999222531422142231153121151333245111313.033412243313423341114113132355533434511505551555111510.011111155 720000000 0.077880
2 4764 27272011211.010534 69999999.00972.099999851 0 4196572960100000000000000000000000000000000000.0000000000000000000000000000000000000000000000000000 0.000000000 000000000 0.072960
2 4764 37338035014.085  0  0     0.000 0.0 1300000 0 7196899999233513411115311112124251113511111414.0444112114123114421141121315355333133555515520000000 0.020000000 020000000 0.074580
2 4762 47290035016.010282568 60000.00655.0 7500000 012194799999233354112121221553122144244224121323.033322323213413231214114141555555555515505111111115510.020000000 020000000 0.073800
2 3660 26240055010.010822 17   180.00335.0 1200000 0 3197699999100000000000000000000000000000000000.0000000000000000000000000000000000000000000000000000 0.000000000 000000000 0.063000
2 1950 35880031212.010690667    10.25144.0 3150000 0 3195799999221435222222125155224444443224442323.0333232222233223323131132325555555555155051511111155 8.020000000 020000000 0.059700
2  619 26570055014.010753999     6.75135.0 1200000 0 8197699999221145311131121553110000000000000322.0133222222223122222122222334455454345155015511111155 6.520000000 020000000 0.066600
2 5064 448900116 8.035  0  0     0.000 0.0  700000 0 8195999999100000000000000000000000000000000000.0000000000000000000000000000000000000000000000000000 0.000000000 000000000 0.049500
2 1790 35550051212.010715 77   300.00440.099999859 010195999999212143512211115512224211132114112323.032323311322312431213223231555555355515505551111111510.020000000 020000000 0.057600
2 2951 44230055011.031374418   300.00330.09999988899 9196699999211154222111435115123232222534332223.032323222223223322233222232454555555515501551999999999.020000000 020000000 0.043800
2 1790 45550051212.010715 77   300.00440.099999859 010195999999212143512211115512224211132114112323.032323311322312431213223231555555355515505551111111510.020000000 020000000 0.057600
2  148 47710011117.010202707999999.00940.0 5500000 011195399999221345121135441152122221123144324219.0923992322223223232122221323554343355155015111111155 8.020000000 020000000 0.078300
2 4025 27440055012.010482477   600.00440.099999855 0 3196299999211354111141115156125533333114122223.0233233322233132212141132314444444344155055511511155 8.020000000 020000000 0.075600
2 3807 46630055012.035  0  0     0.000 0.099999851 0 9197799999100000000000000000000000000000000000.0000000000000000000000000000000000000000000000000000 0.000000000 000000000 0.066900
2 4025 47440055012.010482477   600.00440.099999855 0 3196299999211354111141115156125533333114122223.0233233322233132212141132314444444344155055511511155 8.020000000 020000000 0.075600
2 3417 468820350 8.010436 77999999.00940.09999999999 1196999999100000000000000000000000000000000000.0000000000000000000000000000000000000000000000000000 0.000000000 000000000 0.069120
2  693 37230031112.010404467999999.00940.09999999999 3195299999212435111153335552123333145522212313.0333332333223232221142231323455355355155051111111155 8.020000000 020000000 0.074400
2 2561 24230015012.010780407 32000.00645.0 4000000 0 8194699999223453122141135112124222245532222923.0123332332223223322232292325555555555155051111111155 4.520000000 020000000 0.043500
2 1278 37110035018.055  0  0     0.000 0.0 2500000 010194999999100000000000000000000000000000000000.0000000000000000000000000000000000000000000000000000 0.000000000 000000000 0.071220
2 4418 35844011112.010715569   435.00354.0 2900000 0 6195699999211145312211111112122151111114222323.0333233332233123323232233325555555255155091911111155 7.020000000 020000000 0.059640
210014 23372055012.010703408   320.00340.0 1900000 0 2196099999244135412211115156225533353334222333.033321233224313232223123232555553535515505551111115512.020000000 020000000 0.034800
210135 399999550 7.010694109     6.50140.0 2000000 0 3196699999222514312211115555122145222222211211.032333222221211431224112131323133535599999999999999999.099999999999999999999.099999
210135 499999550 7.010694109     6.50140.0 2000000 0 3196699999222514312211115555122145222222211211.032333222221211431224112131323133535599999999999999999.099999999999999999999.099999
2 5340 24422011512.010902779 30000.00645.0 3000000 0 6196099999100000000000000000000000000000000000.0000000000000000000000000000000000000000000000000000 0.000000000 000000000 0.044520
2 6296 53330035012.035  0  0     0.000 0.0 3500000 011196099999223435112143531112122121512234112111.0223121212233113211121131223553334355555151120000000 0.020000000 020000000 0.034500
2 6296 63330035012.035  0  0     0.000 0.0 3500000 011196099999223435112143531112122121512234112111.0223121212233113211121131223553334355555151120000000 0.020000000 020000000 0.034500
2 2412 36840035012.010680429   500.00340.0 3500000 0 7195199999244345112211115156221222255222221332.0243222222123224312142122321555555255155055511115555 8.020000000 020000000 0.069600
2 2412 46840035012.010680429   500.00340.0 3500000 0 7195199999244345112211115156221222255222221332.0243222222123224312142122321555555255155055511115555 8.020000000 020000000 0.069600
2 5218 27524055012.010780777   400.00345.0 2000000 012196099999241351421131111114222232232333424223.0333333233223133211142231324455454445155055511111155 9.020000000 020000000 0.076500
2 2481 46810055012.010473639   170.00335.09999988999 2198099999234143511231245112110000000000000323.0333233323233323322232232323455533255115055511111155 7.011111555 420000000 0.069300
2  140 27302021511.010610219   600.00340.0 3500000 011194199999100000000000000000000000000000000000.0000000000000000000000000000000000000000000000000000 0.000000000 000000000 0.073380
2 4789 27434025013.510152208    11.00150.0 2200000 0 9196799999100000000000000000000000000000000000.0000000000000000000000000000000000000000000000000000 0.000000000 000000000 0.074640
2 3138 27596021114.010394717 16000.00637.5 5000000 0 6195999999243431511131115512122522212195223223.0333223131134132212231122325555555555155055511111115 7.520000000 020000000 0.078300
2 5919 25154011214.010372917 22000.00640.0 4000000 011196099999234341511111111114122251122224413334.0133333332134132322141231315555455555115055111111155 8.011115555 220000000 0.052680
2 4815 57326055010.075  0  0     0.000 0.0 2600000 0 3197573440100000000000000000000000000000000000.0000000000000000000000000000000000000000000000000000 0.000000000 000000000 0.073440
2 5745 35460045012.035  0  0     0.000 0.0 2200000 0 1196599999100000000000000000000000000000000000.0000000000000000000000000000000000000000000000000000 0.000000000 000000000 0.054900
2 2758 35700055012.010334477   226.00340.099999853 0 1197599999244543121251531113122151112124222223.0223222223233232222232232325555553355155055511111155 9.020000000 020000000 0.057900
2 2758 45700055012.010334477   226.00340.099999853 0 1197599999244543121251531113122151112124222223.0223222223233232222232232325555553355155055511111155 9.020000000 020000000 0.057900
2 6056 25646011215.010152177    15.00140.0 7000000 010196299999100000000000000000000000000000000000.0000000000000000000000000000000000000000000000000000 0.000000000 000000000 0.057000
2 2275 23486011211.055  0  0     0.000 0.0 1300000 010194899999222341512111115556224442454245122323.0223332333323223222232232333555355555555555520000000 0.020000000 020000000 0.035880
2 1092 24380031312.010761107   400.00370.09999981098 4195899999211435112211115553124335355534423329.032333333222323332223222232555555555515505551111111510.020000000 020000000 0.045000
2  555 243800150 2.010755 19999999.00710.099999851 010193299999100000000000000000000000000000000000.0000000000000000000000000000000000000000000000000000 0.000000000 000000000 0.044400
2 1413 23726055014.010191807   700.00335.099999810 2 3197299999233315411151115154123142239934211223.033323323223413322113113121455554445515505151511551118.020000000 020000000 0.038700
2 5985 25688035015.010706287     9.00140.099999810 1 2196199999211345112114115555125335555554222222.0222322222233222222222222324345555555155055511111115 8.020000000 020000000 0.058320
2 5985 35688035015.010706287     9.00140.099999810 1 2196199999211345112114115555125335555554222222.0222322222233222222222222324345555555155055511111115 8.020000000 020000000 0.058320
2  650 27710055012.035  0  0     0.000 0.0 1300000 012197199999223521311245545556224341153125111122.0232122222323233311122211324455334355555151520000000 0.020000000 020000000 0.077820
2  774 27320055012.010473417999999.00968.099999810 1 1197499999211459912153331153125231142221412112.011311111421411412113123132555555355515501591111111512.020000000 020000000 0.074400
2 2377 55964025012.010705559     7.00140.09999988899 3196599999211453111151115153125252222234224333.0333222232233133322232232325555554545155051511111155 8.020000000 020000000 0.060960
2 5992 36570045011.010410 77    55.00240.099999858 0 1196099999211345111211115554122242244444424323.0323333332134233222232122335555555555155055511111155 8.020000000 020000000 0.066900
2 4500 36162011212.010  3739     8.25140.09999999999 9196699999100000000000000000000000000000000000.0000000000000000000000000000000000000000000000000000 0.000000000 000000000 0.061800
2 4581 73330051212.010912669   560.00440.099999854 0 7196899999212431522151535556210000000000000323.033334244323324129923223223355555535515505591111555512.020000000 020000000 0.034200
2 4809 26186055011.051705667    50.00299.099999810 1 4197262760100000000000000000000000000000000000.0000000000000000000000000000000000000000000000000000 0.000000000 000000000 0.062760
2 4230 27440055012.010761107  6000.00620.099999858 011195599999211431512231335553125252334434224223.0233333332124233322222121335555555555155055511111155 8.020000000 020000000 0.075600
2 3628 37680031118.010245408 39000.00640.099999810 5 8194999999234435121211231514124151315524224329.0223232222214122223232221423353353554155055511111155 9.020000000 020000000 0.077700
2 5711 26816055014.035  0  0     0.000 0.099999858 0 7195399999100000000000000000000000000000000000.0000000000000000000000000000000000000000000000000000 0.000000000 000000000 0.068940
2 1445 43540025012.010510 77   300.00340.099999855 0 1196599999221412312142425112122131111112114111.0112122222233223322232232323335555335155055511111115 8.020000000 020000000 0.036360
2 1445 53540025012.010510 77   300.00340.099999855 0 1196599999221412312142425112122131111112114111.0112122222233223322232232323335555335155055511111115 8.020000000 020000000 0.036360
2 1990 551360213 9.010715607     7.25137.099999810 1 3195999999211999911151325152129352253332222223.0223332132244222221232232325555555555555155120000000 0.020000000 020000000 0.052680
2 4312 65190055010.035  0  0     0.000 0.0  200000 0 6196699999231345111251531154122352542114125314.0444242323133433341131121325355554555555199920000000 0.020000000 020000000 0.052800
2 4312 75190055010.035  0  0     0.000 0.0  200000 0 6196699999231345111251531154122352542114125314.0444242323133433341131121325355554555555199920000000 0.020000000 020000000 0.052800
2 1794 36582031212.010412 77   500.00347.0 2600000 0 8195699999212352412111115553110000000000000323.0333222132239132382241232225555555555155055511111155 9.520000000 020000000 0.066480
2 2694 338880512 9.010912669   300.00499.099999851 0 3197399999100000000000000000000000000000000000.0000000000000000000000000000000000000000000000000000 0.000000000 000000000 0.039300
2 2909 43570011213.071473757999999.009 6.099999959 012196199999214345111111111511121111111114121313.0333413132134123222232222325555555555511555120000000 0.015111155 811111155 8.036900
2 2909 33570011213.071473757999999.009 6.099999959 012196199999214345111111111511121111111114121313.0333413132134123222232222325555555555511555120000000 0.015111155 811111155 8.036900
2  480 47290051112.010643317     6.50199.0 1300000 012195999999211412312211555116123131151132122222.022323222132323222223223222455555555515505551551111199.020000000 020000000 0.074100
2 2846 27320031113.010942879  1583.00550.099999810 111196399999231314511151135152125422225542211414.044443223314413231111123142355535535515105111111111511.020000000 015555515 5.074400
2 1245 261500311 8.010753138   226.00340.09999999999 3196999999100000000000000000000000000000000000.0000000000000000000000000000000000000000000000000000 0.000000000 000000000 0.061740
2 5451 26960011112.010925838   290.00340.0 1800000 0 3195899999211541321111111551124341234112214113.0333223222223132212222232325555555555155051511111155 8.020000000 020000000 0.070800
2 5451 87050055010.035  0  0     0.000 0.099999910 3 8197899999100000000000000000000000000000000000.0000000000000000000000000000000000000000000000000000 0.000000000 000000000 0.071220
2 6235 55658055016.010481288 58000.00648.0 8000000 0 8196599999221341512111115115210000000000000319.0444442432144144292141141415555555555155055511111155 8.020000000 020000000 0.057300
2 3723 53480051110.010952857   300.00440.0 5000000 012197399999244314512111111155110000000000000312.0331333432133123322131131324355555555155015511111155 8.020000000 020000000 0.035700
2 2411 27176015011.010666219     8.50140.0 2000000 0 7197099999100000000000000000000000000000000000.0000000000000000000000000000000000000000000000000000 0.000000000 000000000 0.099999
2 4599 25040035012.010762339 25000.00650.0 2500000 012196399999222145311111311151123251135224224111.031141414311411311113113142535555555515505511111111510.020000000 020000000 0.051600
2 1454 27608051214.010962927  1100.00440.0 3200000 012196999999233134511252235113124131433225122214.043323233223313221113122132455455445515501151155555510.020000000 020000000 0.077520
2 4317 46696051612.031764749    50.00220.099999858 0 1196799999211134512252545556110000000000000223.0223222332233132211111132315552242343155055515111155 5.020000000 020000000 0.068400
2 3015 37848031412.010141419 35000.00650.0 3500000 0 6195099999233351412211111112122252345534414414.023342433213413222212213233445545555515501591111111510.020000000 020000000 0.080100
2 3168 54818011112.010361907 37000.00640.0 5100000 0 3195399999212413512251535115124422444442224323.0333322233233222222222232225555555255155055511111155 8.020000000 020000000 0.049500
2 3538 54458055010.010715527   500.00350.099999810 2 2196299999211145312151115554125555555113422222.0222222222222222222222222325555555555155055511111115 8.020000000 020000000 0.045720
2 3538 64458055010.010715527   500.00350.099999810 2 2196299999211145312151115554125555555113422222.0222222222222222222222222325555555555155055511111115 8.020000000 020000000 0.045720
2 5476 26246055010.010764639999999.00950.0 3000000 0 5197499999233345112152115155224352253534123323.033322233223313232223223232355555335511505151111155510.015151555 420000000 0.063840
2 6074 27332011212.010410 69     8.00136.0999998999910195599999211345112211115556110000000000000323.0233232232233332222222232925555555555555555520000000 0.020000000 020000000 0.074100
2 6153 44896051111.031510 69    80.00220.099999853 0 1197799999222531421251525154124515255523222323.0333232222233232322232232325555555555115015515111555 6.015151555 220000000 0.050220
2 3099 57356055011.010510999     6.00140.099999810 2 4197099999223341511111115113125353255535112314.0343323231133133313241242323555554455155011511155555 6.020000000 020000000 0.074880
2 1638 34038051113.010780559     6.00140.099999810 212197699999234341512131515155210000000000000224.0444132422234133321141122315555555155155051511111155 4.020000000 020000000 0.041460
2 5934 46450051412.010915809   350.00360.099999810 3 4195399999244132512111111155122232223224223233.0224222232333222222222222221335233231155055511111111 7.020000000 020000000 0.065400
2 5590 34038011213.010600917  2300.00540.0 3500000 012196499999211345112135531153122252222224122313.033423223112412232214114242335535555515505551111111118.020000000 020000000 0.041460
2 4915 266900217 4.010705417    75.00240.0 3000000 0 9193099999211231411155555111124552555225111121.0111441444314111111141141414355533453155055511111155 8.020000000 020000000 0.068400
2 3560 58178055014.010522 69    15.00140.0 1150000 0 6195999999211314511122211513124552551124224333.0333323233233223222132232323555355555155051511111155 8.020000000 020000000 0.083160
2 3560 68178055014.010522 69    15.00140.0 1150000 0 6195999999211314511122211513124552551124224333.0333323233233223222132232323555355555155051511111155 8.020000000 020000000 0.083160
2   15 46528041114.035  0  0     0.000 0.099999851 011195899999100000000000000000000000000000000000.0000000000000000000000000000000000000000000000000000 0.000000000 000000000 0.065760
2  293 27050015012.010703408    15.00140.0999998999911195099999234134511155555555322232232213322222.0223232282222323223323222323354455455155055511111155 8.020000000 020000000 0.071700
2 1902 46216011212.010715417   600.00552.0  800000 0 6196599999211315412252445154122111255224224223.033332323223323322223222232555555535515505551111115510.020000000 020000000 0.063600
2 1902 56216011212.010715417   600.00552.0  800000 0 6196599999211315412252445154122111255224224223.033332323223323322223222232555555535515505551111115510.020000000 020000000 0.063600
2 3415 46030015012.010374418  1600.00540.0 1920000 0 2196199999234543211111111554124151122234214323.0333333332134232333132131325555555555155051511111155 8.020000000 020000000 0.061200
2 3558 23630055014.031954878 25000.00640.09999981098 3196599999244134221211111151124333444334424323.0333333332123233322232131324555555555555155120000000 0.020000000 020000000 0.037800
2 6169 26750051112.010761107   400.00340.0 1000000 012197399999224453112115555552123353255513224323.0223222232233222222222222323555355555155055511111115 9.020000000 020000000 0.068400
2 3557 26540051112.010216718   400.00440.0 2700000 0 5197499999100000000000000000000000000000000000.0000000000000000000000000000000000000000000000000000 0.000000000 000000000 0.065700
2 4572 34260025012.035  0  0     0.000 0.09999989999 8196299999244153412251511551123322244222222222.0232222232323222322232222325155555535555155520000000 0.020000000 020000000 0.045300
2 4572 44260025012.035  0  0     0.000 0.09999989999 8196299999244153412251511551123322244222222222.0232222232323222322232222325155555535555155520000000 0.020000000 020000000 0.045300
2 2140 45790055013.010 14419    65.00245.099999855 0 4197299999211413512151255113123113135534114334.012414132224323312113213232335335313315501511111111112.020000000 020000000 0.059880
2 5266 37380015014.010245748 28000.00670.0 4200000 0 2195499999222513411121121153223151111144224223.033333333223322232223223132455555555515505591515111112.020000000 020000000 0.078600
2 3283 25130051116.010954878999999.00960.099999910 212194799999100000000000000000000000000000000000.0000000000000000000000000000000000000000000000000000 0.000000000 000000000 0.051720
2  147 35940021612.010310648     5.75140.099999810 1 2194999999211134512244125555124421152124412412.0323113221194122421121121313354353323155055515555511 8.020000000 020000000 0.060960
2  147 55940021612.010310648     5.75140.099999810 1 2194999999211134512244125555124421152124412412.0323113221194122421121121313354353323155055515555511 8.020000000 020000000 0.060960
2  849 33654035015.031245 67 25000.00638.0 3000000 012196199999100000000000000000000000000000000000.0000000000000000000000000000000000000000000000000000 0.000000000 000000000 0.036960
2 1237 37452011113.010284639999999.00960.0 6000000 011195399999222314512211121552122121124444224223.023333334213414212114224132355545545515505151111111510.020000000 020000000 0.076620
2 3351 23120021711.010705689     5.00136.0 1000000 012194199999231513422211115551125551133344424323.023399232329329221923222233544534555515505111111111510.020000000 020000000 0.032700
2 3203 33480031112.010695168    10.95140.0 3200000 0 8196699999244134512121115153125515555541213323.0233232323144144111141111413555355555155051511111155 8.020000000 020000000 0.036000
2 4529 36606025010.035  0  0     0.000 0.0  500000 011197699999211314512252335556121441155223234223.033322323223323222223222132535335555515505551999999999.020000000 020000000 0.067800
2  335 34590051111.010762628     6.25137.099999855 0 8197099999222435112141115154122251111415111323.033323222333322232213123232555535355515505551115151110.020000000 020000000 0.047100
2 2854 43750031714.010935788     9.00954.09999989999 4194999999211314521131335153224151133224224222.0323222332233232222232222225555555555155091511111115 9.020000000 020000000 0.038760
2  714 25274055012.010692219   450.00355.0 2300000 0 3197399999211154312151511554123531135124112112.0232142122133132221221221315445444455155011511111115 9.020000000 020000000 0.053940
2  714 35274055012.010692219   450.00355.0 2300000 0 3197399999211154312151511554123531135124112112.0232142122133132221221221315445444455155011511111115 9.020000000 020000000 0.053940
2 1217 65892021112.010764749     4.75136.0  900000 0 9195799999100000000000000000000000000000000000.0000000000000000000000000000000000000000000000000000 0.000000000 000000000 0.059340
2 6182 24086055011.010510 69   150.00320.099999852 010196799999211132411111115555121252111124222223.0333222232233233322232232323355555355155051515511155 4.020000000 020000000 0.041940
2 5624 27212055099.010705748  6500.00624.099999852 0 9197799999211351412153315153110000000000000314.0333322133233233322222222222343352225115055511111115 6.011111155 320000000 0.073260
2 4153 43810015012.035  0  0     0.000 0.0 1900000 0 4197299999212154311153535152125211211214412223.0323322232233223322232232323559333255555111520000000 0.020000000 020000000 0.039000
2 4153 23810015012.035  0  0     0.000 0.0 1900000 0 4197299999212154311153535152125211211214412223.0323322232233223322232232323559333255555111520000000 0.020000000 020000000 0.039000
2 5605 46234015016.010441208  1500.00440.0 5000000 0 1196699999223341512111111115122222222224222223.0333232232233232222232232325555555555155055511111155 8.020000000 020000000 0.063240
2 6127 46726035012.010715417   500.00340.0 3000000 0 9196099999222134511131111552125553535514323329.022223212322322222223222233555555525515505551111115510.020000000 020000000 0.068760
2 4111 53786055012.031935788     4.00710.099999851 0 1199499999223134512151555555223131133512211223.0223332222223222221222232225555355555555115520000000 0.020000000 020000000 0.038940
2 3792 55772031212.010706527999999.00930.0999999999912195699999100000000000000000000000000000000000.0000000000000000000000000000000000000000000000000000 0.000000000 000000000 0.057840
2 5271 43282055014.035  0  0     0.000 0.099999858 010197333000100000000000000000000000000000000000.0000000000000000000000000000000000000000000000000000 0.000000000 000000000 0.033000
2 4252 55874035012.085  0  0     0.000 0.099999853 010196158980100000000000000000000000000000000000.0000000000000000000000000000000000000000000000000000 0.000000000 000000000 0.058980
2 3002 37704011114.010374118999999.00940.0 1200000 0 2196099999212145212211315555125325255234444333.0333212333233222222232232323555333355155055111111115 8.520000000 020000000 0.078180
2 1444 33294015014.010481307    12.52150.0 3000000 012196699999100000000000000000000000000000000000.0000000000000000000000000000000000000000000000000000 0.000000000 000000000 0.033840
2 1609 56414055011.035  0  0     0.000 0.099999810 4 6197664380100000000000000000000000000000000000.0000000000000000000000000000000000000000000000000000 0.000000000 000000000 0.064380
2 5212 26336055013.010485758   300.00340.0 1700000 0 6196999999224453112211115155110000000000000322.0323223322333222222222222325555555555155051511111551 8.020000000 020000000 0.064440
2  313 23360035016.010  5838 50000.00648.0 5000000 0 4195999999244345112221221515223251253235424322.0323233232234232323232232323555555555155051511111155 8.020000000 020000000 0.034500
2  314 54590025012.010753917999999.00940.099999910 2 4194899999211143511151115554221311111111411113.0131111131123113113111111223333335355155051511111155 8.020000000 020000000 0.047100
2  313 33360035016.010  5838 50000.00648.0 5000000 0 4195999999244345112221221515223251253235424322.0323233232234232323232232323555555555155051511111155 8.020000000 020000000 0.034500
2 4112 26156031112.010374838    10.00140.0 2200000 0 2196099999211143511111131113221131223524212222.0323233223223222322222232323555555555155055511111155 9.520000000 020000000 0.062700
2 2165 24596031211.010680157   310.00347.0 2800000 012195699999212435111151515113125155252324224323.0112222144223122122233131225555555155155051511155555 8.020000000 020000000 0.047220
2 2165 34596031211.010680157   310.00347.0 2800000 012195699999212435111151515113125155252324224323.0112222144223122122233131225555555155155051511155555 8.020000000 020000000 0.047220
2 1415 56450015013.010706139   700.00360.0 4000000 0 3195899999212354112121121113123352222324211218.0343334431134133122141111324455544355155051111111115 8.020000000 020000000 0.066300
2 3979 56000055012.010762628     5.25120.09999988899 8197699999211134511211111156110000000000000823.0233232232233232222222232325555553455155055111111155 4.020000000 020000000 0.061500
2 4565 44080035012.010643269     7.98140.099999810 3 7196299999100000000000000000000000000000000000.0000000000000000000000000000000000000000000000000000 0.000000000 000000000 0.041100
2 4565 54080035012.010643269     7.98140.099999810 3 7196299999100000000000000000000000000000000000.0000000000000000000000000000000000000000000000000000 0.000000000 000000000 0.041100
2 5663 23690015014.010560 69 27000.00640.099999810 4 9195599999211345212142211115223131223234222222.0323223332233233322232232323355554555155051511111111 8.020000000 020000000 0.038100
2 5663 33690015014.010560 69 27000.00640.099999810 4 9195599999211345212142211115223131223234222222.0323223332233233322232232323355554555155051511111111 8.020000000 020000000 0.038100
2 6060 26030055012.010321838999999.00940.0999999999910196699999244354111253515551121141112114222923.0333433222223123121121131323555555555151015511111155 8.020000000 015515555 1.561500
2 5754 33186011216.010600838 29000.00660.0 2900000 0 5196799999222345111152221111122131111115414111.021343212213321421112113132355535515511505551111115510.015515555 220000000 0.033180
2 4616 26060011113.019372707 28000.00645.0 5500000 0 5196499999100000000000000000000000000000000000.0000000000000000000000000000000000000000000000000000 0.000000000 000000000 0.099999
2 4616 36780031213.035  0  0     0.000 0.0 2500000 010196299999100000000000000000000000000000000000.0000000000000000000000000000000000000000000000000000 0.000000000 000000000 0.068100
2 3762 43450011112.010715669     8.07140.0 2200000 0 8196099999214315412111111153125252222224422312.023332323332323322223222232455555555515505151111111112.020000000 020000000 0.035400
2 3762 53450011112.010715669     8.07140.0 2200000 0 8196099999214315412111111153125252222224422312.023332323332323322223222232455555555515505151111111112.020000000 020000000 0.035400
2 4140 74830055011.010436 69     5.00140.0  900000 0 6196099999212153211254415512121131155532112112.0322222223223123222232222235555555555155055511111155 8.020000000 020000000 0.049200
2 4140 84830055011.010436 69     5.00140.0  900000 0 6196099999212153211254415512121131155532112112.0322222223223123222232222235555555555155055511111155 8.020000000 020000000 0.049200
2  800 27128055015.010953809   800.00538.0 3000000 0 6194899999244354142151111154121242221122222222.0233231222222122321132232322355554355155051511111115 6.020000000 020000000 0.072420
2 1508 34914021412.010706698   230.00340.0 3000000 010195599999222435111131331152121222122224222223.0333323232233232222222232323355333355155055511111155 8.020000000 020000000 0.050100
2 1508 24914021412.010706698   230.00340.0 3000000 010195599999222435111131331152121222122224222223.0333323232233232222222232323355333355155055511111155 8.020000000 020000000 0.050100
2  801 23240051112.010680 69  1500.00365.0 2700000 0 7197099999244345112131115155210000000000000323.0333133332134133321131131325555555555155051111151155 9.020000000 020000000 0.033600
2 1281 33708025011.020753427     8.251 4.0999998999912195799999244413511251115553125552222224112413.0333232244433142411141141315553351133555555120000000 0.020000000 020000000 0.039000
2 3728 23726015014.010 45359 38000.00640.0 3800000 0 6196699999234345111141121511121131111114112114.0444433222134132312131121413555554455155055511111155 8.520000000 020000000 0.038400
2 6267 33468021110.010245 67  8000.00670.0  800000 010196799999222435111151311155325133255424215323.033313223223313231212123133545533453515505551111111110.020000000 020000000 0.036000
2 6267 23468021110.010245 67  8000.00670.0  800000 010196799999222435111151311155325133255424215323.033313223223313231212123133545533453515505551111111110.020000000 020000000 0.036000
2 3396 46246055012.010455407   850.00340.0 9000000 0 3196199999211413212111111153121222222224112223.033323323323323232223223232555555555515505111111155510.020000000 020000000 0.063240
