2 1114 6217132400288000100100000000199999999999  0
2 1114 6285133600288000100100000000199999999999  0
2 1114 6285134200288000100100000000199999999999  0
2 1114 6293935100288000100100000000199999999999  0
2 1114 6240936000288000100100000000199999999999  0
2 1114 6285136900288000100100000000199999999999  0
2 1114 6256938700288000100100000000199999999999  0
2 1910 5494332400288000100000000000199999999999  0
2 1910 5448132700288000 00000000000000000000000  0
2 1910 5485133000288000100100000000199999999999  0
2 1910 5456934200288000100100000000199999999999  0
2 1910 5487534800288000100100000000199999999999  0
2  681 3191928800288002400000000100000000000001875
2  681 3191930600288002400000000100000000000001875
2  681 3144932400288000400000000100000000000001  0
2  681 3180134200288000400000000100000000000001  0
2  681 3188937800288000400000000100000000000001  0
2  681 3187741400288000400000000100000000000001851
2  681 3187742300288000400000000100000000000001874
2  681 3144943200288000400000000100000000000001  0
2  681 3188945000288000400000000100000000000001  0
2  681 3198146800288000400000000100000000000001919
2  681 3188952200288000400000000100000000000001  0
2  681 3187355800288000400000000100000000000001  0
2  681 3187556700288000400000000100000000000001  0
2  681 4191927000288002400000000100000000000001875
2  681 4191928800288002400000000100000000000001875
2  681 4187430600288000400000000100000000000001  0
2  681 4144932400288000400000000100000000000001962
2  681 4187634200288000400000000100000000000001889
2  681 4187741400288000400000000100000000000001866
2  681 4144943200288000400000000100000000000001962
2  681 4187745000288000400000000100000000000001866
2  681 4198146800288000400000000100000000000001919
2  681 4146949500288000400000000000000000000000  0
2  681 4185152200288000401000000000000000000001  0
2  681 4187655800288000401000000000000000000001889
2 3530 5291936000288002401000000000000000000100  0
2 3530 5244837800288000400000000010000000000100  0
2 3530 5240939600288000400000000000000000000000  0
2 3530 5287640200288000400000000010010000000000  0
2 3530 5248147400288000 00000000000000000000000  0
2 3530 5213954600288000400000000010010000000000  0
2 3530 5248161800288000 00000000000000000000000  0
2 2642 3444925200288000400000000000100000001000  0
2 2642 3494328800288000400000000000100000001000  0
2 2642 3480832400288000400000000000100000001000  0
2 2642 3487736000288000400000000000100000001000  0
2 2642 3444943200288000400000000000100000001000  0
2 2642 3493946800288000400000000000100000001000  0
2 2642 3491950400288001400000000000100000001000  0
2 2642 3485154000288000400000000000100000001000  0
2 2642 3487557600288000400000000000100000001000  0
2 2642 4444925200288000400000000000100000001000  0
2 2642 4494328800288000400000000000100000001000  0
2 2642 4480832400288000400000000000100000001000  0
2 2642 4487536000288000400000000000100000001000  0
2 2642 4444943200288000400000000000100000001000  0
2 2642 4493946800288000400000000000100000001000  0
2 2642 4491950400288001400000000000100000001000  0
2 4499 2591932400288001400001000000110000000000439
2 4499 2584436900288000400001000000110000000000989
2 4499 2517138700288000400001000000000000000001875
2 4499 2587939600288000400001000000000000000001962
2 4499 2544942300288000400001000000000000000001963
2 4499 2548143800288000 00000000000000000000000  0
2 4499 2582159400288000200000000000100000000001873
2 4499 2544963000288000400001000000000000000001963
2 4499 2584464800288000400001000000000000000001209
2 4499 2517165700288000400001000000110000000000965
2 4499 2591966600288001400001000000000000000001  0
2 4499 2548168400288000 00000000000000000000000  0
2 4499 2591981900288001100001000000000000000001  0
2 4499 3591932400288001400001000000110000000000449
2 4499 3584436900288000400000000000110000000000989
2 4499 3517138700288000400001000000110000000000962
2 4499 3587939600288000400001000000110000000000962
2 4499 3544942300288000400001000000000000000001962
2 4499 3548143800288000 00000000000000000000000  0
2 4499 3582159400288000200000000000110000000000889
2 4499 3582161200288000200000000000110000000000823
2 4499 3544963000288000400001000000000000000001486
2 4499 3584464800288000400001000000000000000001409
2 4499 3517165700288000400001000000110000000000873
2 4499 3591966600288001400001000000000000000001  0
2 4499 3548168400288000 00000000000000000000000  0
2 4499 3591981900288001100001000000000000000001469
2 1597 3187552200288000400000000010010000000000  0
2 1597 3187354000288000400000000010010000000000  0
2 1597 3191957600288009400000000010010000000000  0
2 3773 3244932400288000400000000100110000000000  0
2 3773 3291934200288002400000000100110000000000  0
2 3773 3287536000288000400000000100110000000000  0
2 3773 3287639600288000400000000100110000000000  0
2 3773 3244941400288000400000000100110000000000  0
2 3773 3287543200288000400000000100110000000000  0
2 3773 3246945000288000400000000000000000000000  0
2 3773 3244954000288000400000000100110000000000  0
2 3773 3291955800288002400000000100110000000000  0
2 3773 3287657600288000400000000100110000000000  0
2 2038 4144828800288000401000000000000000000100  0
2 2038 4191930600288002401000000000000000000100  0
2 2038 4185132400288000401000000000000000000100  0
2 2038 4187933600288000401000000000000000000100  0
2 2038 4182136000288000200000000010010000000000  0
2 2038 4187738700288000401000000000000000000100  0
2 2038 4144843200288000400010000010010000000000  0
2 2038 4187344700288000400010000000000000000100  0
2 2038 4159945600288000400010000000010000000000  0
2 2038 4150946980288000800000000000100000000001  0
2 2038 4159955800288000200010000000010000000000  0
2 2038 4148157180288000 00000000000000000000000  0
2 2038 4187660600288000401000000000000000000100  0
2 6180 4148727000288000400000000000110000000000  0
2 6180 4144930600288000400000000100000000000001875
2 6180 4148834200288000400000000000100000001000  0
2 6180 4148134800288000 00000000000000000000000  0
2 6180 4146937800288000400000000000000000000000  0
2 6180 4187741400288000400000000100000000000001875
2 6180 4148645000288000401000000000000000001001  0
2 6180 4144945600288000401000000000000000001001  0
2 6180 4196248600288000400000000000100000001000989
2 6180 4144952200288000401000000000000000001001486
2 6180 4187355800288000400000000100000000000001  0
2 6180 4148459400288000400000000000100000001000919
2 6180 4148460300288000400000000000100000001000989
2 1614 5243928800288000100000000000101110000000  0
2 1614 5248829700288000100000000000110000000000  0
2 1614 5299831800288000200001000000110000000000  0
2 1614 5289933300288000200001000000110000000000  0
2 1614 5287634200288000700001000000110000000000  0
2 1614 5289937380288000200001000000110000000000  0
2 1614 5287738280288000100001000000110000000000  0
2 1614 5243941400288000100001000000110000000000  0
2 1614 5299844100288000200001000000110000000000  0
2 1614 5287745300288000100001000000000000000001  0
2 1614 5246946800288000100000000000000000000000  0
2 1614 5287754000288000700001000000110000000000  0
2 1614 5293961200288000100001000000110000000000  0
2 1614 5285162400288000100001000000110000000000  0
2 1614 5287563600288000100001000000110000000000  0
2 1892 3288930600288000400000000000110000000000919
2 1892 3244932400288000400000000000110000000000  0
2 1892 3246934200288000400000000000000000000000  0
2 1892 3287741400288000400000000000110000000000  0
2 1892 3244943200288000400000000000110000000000  0
2 1892 3288945000288000400000000000110000000000  0
2 1892 3287749500288000400000000000110000000000  0
2 1892 3244954000288000400000000000110000000000  0
2 1892 3246955800288000400000000000000000000000  0
2 1892 3287759400288000400000000000110000000000  0
2  432 3491928800288002401000000000000000001001851
2  432 3487729100288000401000000000000000001010919
2  432 3491929220288002401000000000000000001010  0
2  432 3444829400288000401000000000000000001010  0
2  432 3487530600288000400000000001000000001010962
2  432 3485131200288000400000000001000000001010962
2  432 3444832100288000401000000000000000001010  0
2  432 3444833000288000400000000001000000001010962
2  432 3448633300288000401000000000000000001010  0
2  432 3487533600288000400000000001000000001010919
2  432 3487534200288000401000000000000000001010  0
2  432 3486435100288000401000000000000000001010  0
2  432 3446935400288000400000000000000000000000  0
2  432 3444845000288000401000000000000000000011962
2  432 3487546800288000400000000001000000000011  0
2  432 3491947700288001400000000001000000000001864
2  432 3487548600288000400000000001000000000001  0
2  432 3487550400288000401000000000000000000010  0
2  432 3485151300288000400000000001010000000000  0
2  432 3487653100288000400000000001000000000011962
2  432 3482155800288000400000000001000000000011  0
2  432 3444857600288000401000000000000000000011  0
2  432 3492958500288000400000000001000000000011  0
2  432 3456960000288000400000000001000000000010  0
2  432 3491961200288002401000000000000000000010  0
2 1938 3443925200288000401000000000000000000010  0
2 1938 3493928800288000400000000001000000000010  0
2 1938 3491932400288002400000000001000000000010  0
2 1938 3487736000288000400000000001000000000010  0
2 1938 3444943200288000400000000001000000000010  0
2 1938 3446946800288000400000000000000000000000  0
2 1938 3493954000288000401000000000000000000010  0
2 2204 3319727900288000400000000000110000000000  0
2 2204 3387728800288000400000000100110000000000  0
2 2204 3344932400288000400000000000100000001000  0
2 2204 3348834200288000400000000000100000001000877
2 2204 3346936000288000400000000000000000000000  0
2 2204 3387739600288000400000000100000000000001  0
2 2204 3344942600288000400000000000100000001000  0
2 2204 3387745000288000400000000100110000000000  0
2 2204 3344952200288000400000000100110000000000877
2 2204 3344953100288000400000000100110000000000919
2 2204 3346954000288000400000000000000000000000  0
2 2204 3387658500288000400000000100110000000000889
2 2204 3387760300288000400000000100110000000000  0
2 2375 4119732400288000400000000000100010001000  0
2 2375 4187734200288000400000000000100010001000  0
2 2375 4144937800288000400000000000100010001000  0
2 2375 4191939600288009400000000000100010001000  0
2 2375 4144941400288000400000000000100010001000  0
2 2375 4146943200288000400000000000000000000000  0
2 2375 4187654000288000400000000000100010001000  0
2 2375 4144959400288000400000000000100010001000  0
2 2375 3119732400288000400000000000100010001000  0
2 2375 3187734200288000400000000000100010001000  0
2 2375 3144937800288000400000000000100010001000  0
2 2375 3191939600288009400000000000100010001000  0
2 2375 3144941400288000400000000000100010001000  0
2 2375 3191943200288009400000000000100010001000  0
2 2375 3194350400288000400000000000100010001000  0
2 2375 3187654000288000400000000000100010001000  0
2 2375 3144959400288000400000000000100010001000  0
2  573 4340929700288000400000000000000000000000  0
2  573 4387530000288000400000000100000000000001  0
2  573 4312931200288000400000000100000000000001  0
2  573 4394331800288000400000000100110000000000  0
2  573 4344933180288000400000000000100000001000962
2  573 4387534200288000400000000100000000001001  0
2  573 4387636000288000700000000100000000001001962
2  573 4312938700288000700000000100000000000001862
2  573 4344939600288000700000000100000000000001962
2  573 4340941400288000400000000000000000000000  0
2  573 4394342300288000400000000100000000000001  0
2  573 4346943200288000400000000000000000000000  0
2  573 4340952200288000400000000000000000000000  0
2  573 4378953100288000700000000100000000000001962
2  573 4391954900288001400000000100000000000001962
2  573 4387656700288000401000000000000000001001962
2  573 4380357300288000401000000000000000000001962
2  573 4382358200288000400000000100000000000001485
2  573 4387558500288000400000000100000000000001962
2 1476 3487532400288000400000000100000000001001  0
2 1476 3448135100288000 00000000000000000000000  0
2 1476 3491936000288002400000000100000000000001  0
2 1476 3491937800288002400000000100000000000001  0
2 1476 3487539600288000400000000100000000000001  0
2 1476 3487743200288000400000000100000000000001  0
2 1476 3446945000288000400000000000000000000000  0
2 1476 3494352200288000400000000100110000000000  0
2 1476 3456954000288000400000000100110000000000  0
2 1476 3487757600288000400000000100000000000001  0
2 1476 3491961200288002400000000100000000000001  0
2 1636 5191931500288009400000000100199999999999  0
2 1636 5140933300288000400000000000000000000000  0
2 1636 5144834200288000400000000000000000000000  0
2 1636 5111935100288000400000000100199999999999  0
2 1636 5187635400288000700000000100199999999999  0
2 1636 5187739600288000400000000100199999999999  0
2 1636 5140941400288000400000000000000000000000  0
2 1636 5144841700288000400000000000000000000000  0
2 1636 5176943200288000400000000100199999999999  0
2 1636 5111945000288000400000000100199999999999  0
2 1636 5187745300288000400000000100199999999999  0
2 1636 5194345900288000400000000100199999999999  0
2 1636 5146948600288000400000000000000000000000  0
2 5534 3349930000288000400000000000110000000000  0
2 5534 3344930600288000401000000000000000000000  0
2 5534 3391931500288002400000000100110000000000962
2 5534 3387732400288000400000000100110000000000919
2 5534 3344942300288000400000000100110000000000  0
2 5534 3346943980288000400000000000000000000000  0
2 5534 3387754000288000400000000100110000000000919
2 5534 3344956100288000400000000100110000000000919
2 5534 3394357600288000400000000100100000000001  0
2 5534 3387759400288000400000000100100000000001919
2 5534 3344960300288000400000000100100000000001919
2 4777 3187528800288000400000000100000000000001962
2 4777 3144930600288000401000000000000000001001989
2 4777 3144931500288000401000000000000000001001919
2 4777 3146932400288000400000000000000000000000  0
2 4777 3187336900288000400000000000100000001000  0
2 4777 3192941400288000400000000000100000001000889
2 4777 3148143200288000 00000000000000000000000  0
2 4777 3187550400288000400000000100000000000001485
2 4777 3187551780288000400000000100000000000001889
2 4777 3148153100288000 00000000000000000000000  0
2 4777 3182154900288000400000000000100000001000889
2  442 2345921600288000400000000000000000000000  0
2  442 2344928800288000400000000100000000000001962
2  442 2387730600288000400000000100000000000001  0
2  442 2344936900288000400000000000100000001000962
2  442 2387737800288000400000000100000000000001929
2  442 2387739420288000400000000100000000000001939
2  442 2312941040288000400000000100000000000001  0
2  442 2385142600288000400000000100000000000001  0
2  442 2344944100288000400000000100000000000001  0
2  442 2346946800288000400000000000000000000000  0
2  442 2387654000288000400000000100000000000001  0
2  442 2316755200288000400000000100000000000001  0
2  442 2317156400288000400000000100000000000001  0
2  442 2380157600288000400000000100000000000001  0
2  442 2382358800288000400000000100000000000001  0
2  442 2388960000288000400000000100000000000001  0
2 2618 5191930600288002400000000100000000001001875
2 2618 5191932400288002400000000100000000001001  0
2 2618 5191934200288002400000000100000000001001  0
2 2618 5187436000288000400000000100100000001000  0
2 2618 5187536600288000400000000100000000000001962
2 2618 5187539300288000400000000100000000001001962
2 2618 5144939900288000400000000100000000000001962
2 2618 5110840200288000400000000100100000001000962
2 2618 5144941700288000400000000100000000001001  0
2 2618 5182342600288000700000000100000000001001  0
2 2618 5150343500288000401000000000000000001001  0
2 2024 4144927000288000400000000100000000000001962
2 2024 4187528800288000400000000100000000000001962
2 2024 4186630000288000400000000100000000000001962
2 2024 4186432400288000400000000100000000000001485
2 2024 4144934200288000400000000100000000000001962
2 2024 4185135100288000400000000100110000000000962
2 2024 4187837800288000400000000100110000000000485
2 2024 4187838700288000400000000100110000000000962
2 2024 4191939600288002400000000100000000000001  0
2 2024 4144941400288000400000000100000000000001  0
2 2024 4146943200288000400000000000000000000000  0
2 2024 4187551300288000400000000100000000000001962
2 2024 4144954000288000400000000100000000000001  0
2 2024 4186655200288000400000000100000000000001  0
2 2024 5144927000288000400000000100000000000001  0
2 2024 5182128800288000400000000100000000000001  0
2 2024 5146932400288000400000000000000000000000  0
2 2024 5144934200288000400000000100000000000001  0
2 2024 5188235100288000400000000100000000000001  0
2 2024 5182137800288000400000000100000000000001  0
2 2024 5119439600288000400000000100000000000001  0
2 2024 5144940500288000400000000100000000000001  0
2 2024 5146941400288000400000000000000000000000  0
2 2024 5182150400288000400000000100000000000001  0
2 2024 5144954000288000400000000100000000000001  0
2 2024 5182155200288000400000000100000000000001  0
2 3542 4344823400288000400000000000000000000000  0
2 3542 4348127000288000 00000000000000000000000  0
2 3542 4391928800288009400000000000199999999999  0
2 3542 4387732400288000400000000000199999999999  0
2 3542 4387436000288000400000000000199999999999  0
2 3542 4348138700288000 00000000000000000000000  0
2 3542 4344839600288000400000000000000000000000  0
2 3542 4387741400288000400000000000199999999999  0
2 3542 4346943200288000400000000000000000000000  0
2 3542 4348152200288000 00000000000000000000000  0
2 3542 4344854000288000400000000000000000000000  0
2 3542 4387655800288000700000000100199999999999  0
2 3542 4329961200288000400000000000199999999999  0
2 4633 4549937800288000200100000010010000000000  0
2 4633 4591941400288009401000000000000000000100  0
2 4633 4518943200288000400000000010010000000000  0
2 4633 4584444100288000400000000010010000000000  0
2 4633 4591945000288009401000000000000000000100448
2 4633 4587546800288000401000000000000000000100  0
2 4633 4539948600288000200000000010010000000000  0
2 4633 4530249980288000820000000010000000000001  0
2 4633 4539952620288000200000000010010000000000  0
2 4633 4530154000288000820000000010000000000001  0
2 4633 4539956580288000200000000001010000000000  0
2 4633 4510957900288000401000000000000000000100  0
2 4633 4512958500288000401000000000000000000100  0
2 4633 4546959400288000400000000000000000000000  0
2 4633 4596266600288000400000000010110000000000  0
2 4633 4510868400288000400000000010010000000000  0
2 4633 4591970200288009401000000000000000000100  0
2 4633 4544872000288000401000000000000000000100  0
2 4633 4587373800288000400100000000000000000100  0
2 2160 3546925200288000400000000000000000000000  0
2 2160 3544934200288000400000000001010000000000  0
2 2160 3591936000288001400000000100000000000010  0
2 2160 3588939600288000400000000100000000000010  0
2 2160 3544945000288000400000000100000000000010  0
2 2160 3587746800288000400000000100000000000001919
2 2160 3587849200288000400000000100000000000001  0
2 2160 3587551600288000400000000100000000000001  0
2 6170 3244930600288000400000000000100000001000989
2 6170 3287532400288000400000000000100000000001962
2 6170 3246934200288000400000000000000000000000  0
2 6170 3248139600288000 00000000000000000000000  0
2 6170 3244940500288000400100000000000000001001  0
2 6170 3287742180288000400000000000100000001000962
2 6170 3244944880288000400000000000100000001000484
2 6170 3246946800288000400000000000000000000000  0
2 6170 3248156700288000 00000000000000000000000  0
2 6170 3244957600288000400000000000100000001000989
2 6170 3287559400288000400000000000100000001000864
2 2479 4444928800288000400000000001010000000000919
2 2479 4491930600288002401000000000000000000010  0
2 2479 4491933300288002401000000000000000000010  0
2 2479 4414936000288000400000000001010000000000919
2 2479 4412939600288000400000000001010000000000919
2 2479 4444943200288000400000000001010000000000  0
2 2479 4491945000288001401000000000000000000010  0
2 2479 4487549500288000401000000000000000000010  0
2 2479 4444954000288000400000000001000000000010919
2 2479 4487355800288000400000000001010000000000  0
2 4339 5291927000288002400000000100000000000001  0
2 4339 5244928800288000400000000100000000000001  0
2 4339 5287529700288000400000000100000000000001  0
2 4339 5287632400288000400000000100000000000001  0
2 4339 5250934200288000400000000100000000000001  0
2 4339 5287638700288000400000000100000000000001  0
2 4339 5244941400288000400000000100000000000001  0
2 4339 5287643200288000400000000100000000000001873
2 4339 5246946800288000400000000000000000000000  0
2 4339 5287654000288000400000000100000000000001  0
2 4339 5280455800288000400000000100000000000001  0
2 4339 5282359400288000400000000100000000000001  0
2 4339 5280162100288000400000000100000000000001  0
2  859 3188934200288000400000000000110000000000  0
2  859 3191936000288002400000000000110000000000877
2  859 3144937800288000400000000000110000000000929
2  859 3198139600288000400000000000110000000000929
2  859 3146941400288000400000000000000000000000  0
2  859 3144946800288000400000000000110000000000  0
2  859 3187748600288000400000000000110000000000  0
2  859 3148854000288000400000000000110000000000  0
2  859 3187655800288000400000000000110000000000989
2 2849 7250932400288000400000000100199999999999  0
2 2849 7250933300288000400000000100199999999999  0
2 2849 7250933600288000400000000100199999999999  0
2 2849 7250933900288000400000000100199999999999  0
2 2849 7250934200288000400000000100199999999999  0
2 2849 7244836000288000400000000000000000000000  0
2 2849 7287636900288000700000000100199999999999  0
2 2849 7250937800288000400000000100199999999999  0
2 2849 7294339600288000400000000100199999999999  0
2 2849 7212940500288000400000000100199999999999  0
2 2849 7229941400288000400000000100199999999999  0
2 3858 3391926400288001400000000100000000000001  0
2 3858 3387528800288000400000000100000000000001  0
2 3858 3344930600288000400000000100000000000001875
2 3858 3387531380288000400000000100000000000001  0
2 3858 3391932400288002401000000000000000001001  0
2 3858 3387733600288000400000000100000000001001  0
2 3858 3385134800288000400000000100000000000001  0
2 3858 3386436000288000400000000100000000000001  0
2 3858 3319736600288000400000000100000000000001  0
2 3858 3387637200288000400000000100000000000001448
2 3858 3344937800288000400000000100000000000001876
2 3858 3387638700288000400000000100000000000001  0
2 3858 3387743200288000401000000000000000001001  0
2 3858 3393944100288000401000000000000000001001  0
2 3858 3344945000288000400000000100000000000001  0
2 3858 3387745900288000400000000100000000000001  0
2 3858 3346946800288000400000000000000000000000  0
2 3858 3391955800288001400000000100000000001001484
2 3858 3344957000288000400000000100000000000001  0
2 3858 3393958200288000400000000100000000000001  0
2 3858 3312959400288000400000000100000000000001877
2 2186 5544937800288000401000000000000000001001989
2 2186 5587538100288000400000000000100000001000919
2 2186 5587539600288000401000000000000000001001  0
2 2186 5512940500288000400000000000100000001000  0
2 2186 5546942300288000400000000000000000000000  0
2 2186 5587551300288000401000000000000000001001  0
2 2186 5544952200288000400000000000100000001000  0
2 2186 5591953100288001400000000000100000001000  0
2 2186 5587754480288000400000000000100000001000  0
2 3996 5444928800288000400000000100010000000000  0
2 3996 5485130600288000400000000100000000000001929
2 3996 5412931800288000400000000100100000001000  0
2 3996 5496232400288000400000000100100000001000  0
2 3996 5485134200288000400000000100100000001000929
2 3996 5480136000288000400000000100100000001001  0
2 3996 5482337800288000400000000100100000001001  0
2 3996 5444939600288000400000000100100000001001929
2 3996 5411941400288000400000000100100000001001929
2 3996 5448843200288000400000000000100000000001  0
2 3996 5493943380288000400000000000100000000001  0
2 3996 5446948720288000400000000000000000000000  0
2 3996 5448854000288000400000000000100000000001962
2 3996 5491954180288002400000000000100000000001962
2 3996 5491955920288002400000000000100000000001962
2 3996 5444957600288000400000000100110000000000962
2 3996 5487558500288000400000000100100000001001962
2 3996 5412961200288000400000000100110000000000  0
2 3996 5448862100288000400000000100110000000000  0
2 3996 5494363000288000400000000100100000000001  0
2 2066 3444826100288000400000000010000000000010  0
2 2066 3487727900288000400000000010000000000010919
2 2066 3439929700288000200000000011010000000000  0
2 2066 3430231080288000820000000011000000000001  0
2 2066 3439934680288000200000000011010000000000  0
2 2066 3491936000288001401000000000000000000110  0
2 2066 3487737800288000401000000000000000000110  0
2 2066 3485139600288000401000000000000000000110  0
2 2066 3444841400288000400000000010000000000010  0
2 2066 3493943200288000401000000000000000000110  0
2 2066 3487545000288000401000000000000000000110  0
2 2066 3410846800288000400000000010000000000010  0
2 2066 3487550400288000401000000000000000000110  0
2 2066 3487652200288000401000000000000000000110  0
2 2066 3493954000288000401000000000000000000110  0
2 2066 3412955800288000401000000000000000000110  0
2 2066 3491957600288002401000000000000000000110  0
2 2066 3491959400288002401000000000000000000110  0
2 4090 3191928800288002100001000000110000000000439
2 4090 3149932400288000200001000000100000000001  0
2 4090 3144933780288000500001000000100000000001  0
2 4090 3189937800288000200001000000110000000000  0
2 4090 3187438700288000830001000000100000000001  0
2 4090 3189940500288000200001000000110000000000  0
2 4090 3110841400288000100000000000100010000000  0
2 4090 3143943200288000100001000000000000000001  0
2 4090 3187744100288000100001000000110000000000  0
2 4090 3146948600288000100000000000000000000000  0
2 4090 3143955800288000100101000000010000000000  0
2 4090 3185157600288000100000000000100010000000  0
2 4090 3148859400288000100001000000110000000000877
2 4090 3187761200288000100001000000110000000000  0
2 4090 4191928800288002100001000000110000000000439
2 4090 4149932400288000200001000000110000000000  0
2 4090 4144933780288000500001000000100000000001  0
2 4090 4189937800288000200001000000110000000000  0
2 4090 4187438700288000830000000000100010000001  0
2 4090 4189940500288000200001000000110000000000  0
2 4090 4119441400288000100000000000100010000000  0
2 4090 4143943200288000100001000000000000000001  0
2 4090 4187745000288000100001000000110000000000  0
2 4090 4146948600288000100000000000000000000000  0
2 4090 4143955800288000100101000000010000000000  0
2 4090 4185157600288000100000000000100010000000  0
2 4090 4148859400288000100001000000110000000000  0
2 4090 4187761200288000100001000000110000000000  0
2 1224 3246930600288000400000000000000000000000  0
2 1224 3248841400288000400000000000100000001000  0
2 1224 3248842300288000400000000000100000001000  0
2 1224 3244943680288000400000000000100000001000  0
2  722 3444928800288000400001000000000000000100962
2  722 3448130600288000 00000000000000000000000  0
2  722 3487532400288000401000000000000000000100  0
2  722 3494237800288000400000000010000000000110  0
2  722 3444941400288000401000000000000000000110  0
2  722 3485146800288000400000000010000000000110  0
2  280 3540723400288000100000000000000000000000  0
2  280 3543925200288000100000000010001100000000  0
2  280 3587527000288000100110000000000000000100  0
2  280 3548132400288000 00000000000000000000000  0
2  280 3548839600288000100000000010010000000000  0
2  280 3548141400288000 00000000000000000000000  0
2  280 3588945000288000700000000010010000000000  0
2  280 3548148600288000 00000000000000000000000  0
2  280 3591952200288009100000000010010000000000889
2  280 3548154000288000 00000000000000000000000  0
2  280 3548855800288000100000000010010000000000  0
2 3823 3520925200288000400001000000000000000100  0
2 3823 3544825800288000401000000000000010000100  0
2 3823 3591926400288002401000000000000010000100  0
2 3823 3548127000288000 00000000000000000000000  0
2 3823 3512928800288000400000000010000010000000  0
2 3823 3587636000288000400001000010010000000000  0
2 3823 3544843200288000400001000010010000000000  0
2 3823 3546946800288000400000000000000000000000  0
2 3823 3540754000288000400000000000000000000000  0
2 3823 3544854900288000400000000010000010000000  0
2 3823 3587655800288000400000000010000010000000  0
2 3823 4548125200288000 00000000000000000000000  0
2 3823 4544939600288000400001000010010000000000  0
2 3823 4548142300288000 00000000000000000000000  0
2 3823 4544961200288000400001000010010000000000  0
2 3823 4548163900288000 00000000000000000000000  0
2 5898 3591948600288002400000000100000000000001  0
2 5898 3546950400288000400000000000000000000000  0
2 5898 3587752200288000400000000100000000000001  0
2 5898 3544958500288000400000000000110000000000  0
2 5898 3587760300288000400000000000110000000000  0
2 4527 4344927000288000401000000000010000000000  0
2 4527 4391927900288002400000000100000000001001  0
2 4527 4346939600288000400000000000000000000000  0
2 4527 4344950400288000400000000100110000000000  0
2 4527 4391952200288002400000000100000000001001  0
2 4527 4391957600288002400000000100000000001001  0
2  781 4287730600288000400000000100199999999999  0
2  781 4287532400288000400000000100199999999999  0
2  781 4244834200288000400000000000000000000000  0
2  781 4287535100288000700000000100199999999999  0
2  781 4285139600288000400000000100199999999999  0
2  781 4244841400288000400000000000000000000000  0
2  781 4286243200288000400000000100199999999999  0
2  781 4294344100288000400000000100199999999999  0
2  781 4246945000288000400000000000000000000000  0
2  781 4291952200288009400000000100199999999999  0
2  781 4244854000288000400000000000000000000000  0
2  781 4287655200288000700000000100199999999999  0
2 1656 3287732400288000400000000010010000000000  0
2 1656 3248139600288000 00000000000000000000000  0
2 1656 3291950400288002400000000010010000000000  0
2 1656 3287654000288000400000000010010000000000  0
2 5002 2488932400288000400000000000100000001000  0
2 5002 2496232700288000400000000000100000001000  0
2 5002 2492933000288000400000000100000000000001866
2 5002 2487534200288000400000000100000000000001  0
2 5002 2412936000288000400000000100000000000001862
2 5002 2491936600288002400000000100000000000001862
2 5002 2491937200288002400000000100000000000001485
2 5002 2485137800288000400000000100000000000001962
2 5002 2487539600288000400000000100000000000001  0
2 5002 2491941400288002400000000100000000000001  0
2 5002 2444942300288000400000000100000000000001962
2 5002 2487543200288000400000000100000000000001962
2 5002 2487543800288000400000000100000000000001485
2 3164 3486130600288000400000000001000000000010772
2 3164 3448132400288000 00000000000000000000000  0
2 3164 3444943200288000400000000001010000000000821
2 3164 3448146800288000 00000000000000000000000  0
2 3164 3493950400288000400000000001010000000000981
2 3164 3448151600288000 00000000000000000000000  0
2 3164 3488954000288000400000000001010000000000  0
2 3164 3444957600288000400000000001010000000000  0
2 5306 4544928800288000400000000100000000000010  0
2 5306 4591930600288002400000000100000000001010  0
2 5306 4594334200288000400000000001000000001000  0
2 5306 4544936000288000400000000100000000000010  0
2 5306 4587737800288000400000000100000000000011875
2 5306 4544942300288000400000000100000000000010  0
2 5306 4546943200288000400000000000000000000000  0
2 5306 4589950400288000200000000101010000000000  0
2 5306 4580151300288000700000000101010000000000  0
2 5306 4589953100288000200000000101010000000000  0
2 5306 4544954000288000400000000100000000001010  0
2 5306 4591955800288002400000000000100000000001  0
2 5306 4591957600288002400000000000100000000001  0
2 5306 4582159400288000700000000101000000001000  0
2 1464 3588928200288000400100000000110000000000989
2 1464 3598928680288000400000000000100000001000  0
2 1464 3544928800288000401000000000000000000001962
2 1464 3587530600288000400000000100000000000001962
2 1464 3587531500288000400000000100000000000001919
2 1464 3587332400288000400000000100000000000001919
2 1464 3587333300288000400000000100000000000001862
2 1464 3587534200288000400000000000100000000001962
2 1464 3587535100288000400000000000100000000001919
2 1464 3594337800288000400000000100000000000000  0
2 1464 3591939600288002400000000100000000000001983
2 1464 3591940200288002400000000100000000000001823
2 1464 3548840800288000400000000000100000001000962
2 1464 3544941100288000400000000100000000000001962
2 1464 3544942420288000400000000100000000000001862
2 1464 3546944700288000400000000000000000000000  0
2 1464 3548851900288000400000000000100000001000  0
2 1464 3587652200288000400000000100000000000001962
2 1464 3587654900288000400000000100000000000001862
2 1464 3544957600288000400000000100000000000001962
2 1464 3587658200288000400000000100000000000001962
2 1655 4187532400288000401000000000000000001001  0
2 1655 4150334200288000401000000000000000001001  0
2 1655 4144936000288000400000000100000000001001  0
2 1655 4187436900288000400000000100000000001001  0
2 1655 4194338100288000400000000100000000001001  0
2 1655 4186239600288000400000000100000000001001  0
2 1655 4187740500288000400000000100000000001001  0
2 1655 4156941280288000400000000100000000001001  0
2 1655 4144942000288000400000000100000000001001  0
2 1137 3244945000288000400000000100000000000001876
2 1137 3287645900288000400000000100000000000001  0
2 1137 3248153100288000 00000000000000000000000  0
2 1137 3244954000288000400000000100000000000001824
2 1137 3248155800288000 00000000000000000000000  0
2 4672 3348159400288000 00000000000000000000000  0
2 4672 3399860300288000200000000000110000000000  0
2 4672 3387461200288000400001000100000000000001  0
2 4672 3387762100288000400001000100000000000001805
2 4672 3344968400288000400001000100110000000000  0
2 4672 3391970200288002400001000100110000000000  0
2 4672 3387872000288000400000000100000010001001  0
2 4672 3387472900288000400001000000000000000001  0
2 4672 3387773800288000400001000000000000000001  0
2 4672 3391975600288002400001000100110000000000  0
2 4672 3387279200288000400001000100110000000000  0
2 4672 3348181900288000 00000000000000000000000  0
2 4672 4348159400288000 00000000000000000000000  0
2 4672 4399860300288000200000000000110000000000  0
2 4672 4387461200288000400001000100000000000001  0
2 4672 4387761500288000400001000100000000000001  0
2 4672 4344968400288000400001000100110000000000  0
2 4672 4391970200288002400001000100110000000000  0
2 4672 4387872000288000400001000100000000000001  0
2 4672 4387472900288000400001000100000000000001  0
2 4672 4387773800288000400001000000000000000001  0
2 4672 4391975600288002400001000100110000000000  0
2 4939 4387532400288000400000000100000000001001  0
2 4939 4391934200288001400000000100000000000001875
2 4939 4348836000288000400000000000100000010000  0
2 4939 4344936600288000400000000100000000000001  0
2 4939 4386237500288000400000000100000000000001864
2 4939 4394338100288000400000000100000000000001889
2 4939 4387738700288000400000000100000000000001875
2 4939 4382140800288000700000000100000000001001  0
2 4939 4348842000288000400000000000110000000000  0
2 4939 4344942600288000400000000100000000000001962
2 4939 4344943500288000400000000100000000000001909
2 4939 4348844400288000400000000100000000001001197
2 4939 4346945000288000400000000000000000000000  0
2 4939 4312951300288000401000000000000000001001  0
2 4939 4312952680288000401000000000000000001001919
2 4939 4348854000288000400000000000100000001000  0
2 4939 4344954600288000400000000100000000000001  0
2 4939 4387755200288000400000000100000000001001919
2 4939 4348856400288000400010000000000000001001  0
2 2153 4196327000288000400100000000000000000001  0
2 2153 4144927900288000401000000000000000000001  0
2 2153 4191928800288009401000000000000000000001862
2 2153 4196230600288000400000000000100000001000  0
2 2153 4185131800288000400000000100000000000001962
2 2153 4144933300288000400000000100000000000001889
2 2153 4187734500288000400000000100000000000001875
2 2153 4144941400288000400000000100000000000001962
2 2153 4146944100288000400000000000000000000000  0
2 2153 4144952200288000400000000100000000000001962
2 2153 4191954000288009400000000100000000000001  0
2 2153 4148859400288000400100000000000000000001  0
2 2922 8543927000288000100000000100000000001001962
2 2922 8548127900288000 00000000000000000000000  0
2 2922 8540928800288000100000000000000000000000  0
2 2922 8587729700288000100000000100000000000001  0
2 2922 8591934200288002100000000100000000000001  0
2 2922 8548136000288000 00000000000000000000000  0
2 2922 8585136900288000100000000100000010000001962
2 2922 8587639600288000100000000100000010000001  0
2 2922 8544943200288000200001000100110000000000  0
2 2922 8544944700288000500001000100100000000001877
2 2922 8544948600288000200001000100110000000000862
2 2922 8546950100288000100000000000000000000000  0
2 2922 8543956100288000100001000000000000000001877
2 2922 8587757420288000100001000000110000000000823
2 2922 9543927000288000101000000000000010000000963
2 2922 9546928800288000100000000000000000000000  0
2 2922 9548836180288000100000000000100010000000  0
2 2922 9587736540288000100000000000100010000000989
2 2922 9587639600288000100000000000100010000000889
2 2922 9587641400288000100000000000100010000000823
2 2922 9549943200288000200001000000110000000000  0
2 2922 9544944700288000500000000000100010000001877
2 2922 9549948600288000200001000000110000000000  0
2 2922 9548850100288000100000000000100010000000  0
2 2922 9546950700288000100000000000000000000000  0
2 2922 9587757780288000100001000000100010000000439
2 5156 3187727000288000400000000100000000000001  0
2 5156 3144930600288000400000000100000000000001  0
2 5156 3191931800288002400000000100000000000001  0
2 5156 3187734200288000400000000100000000000001  0
2 5156 3144939600288000400000000100000000000001  0
2 5156 3191942600288002400000000100000000000001  0
2 5156 3191943200288002400000000100000000000001  0
2 5156 3146945000288000400000000000000000000000  0
2 5156 3187750400288000400000000100000000000001  0
2 5156 3144952200288000400000000100000000000001  0
2 5156 3187754000288000400000000100000000000001  0
2 5311 3487530600288000400000000000100000000100962
2 5311 3448831500288000400000000000110000000000  0
2 5311 3487532400288000400000000001000000000001962
2 5311 3487533300288000400000000001000000000001862
2 5311 3444934200288000401000000000000000000001919
2 5311 3487736000288000400000000001000000000001862
2 5311 3487736900288000400000000001000000000001485
2 5311 3485137800288000400000000001000000000001929
2 5311 3448838700288000400000000001110000000000  0
2 5311 3485139300288000400000000001000000000001  0
2 5311 3448840500288000400000000001110000000000  0
2 5311 3488940800288000400000000001000000000001  0
2 5311 3487542600288000400000000001000000000001  0
2 5311 3448844400288000400000000001110000000000  0
2 5311 3444945000288000400000000101000000000001929
2 5311 3446946800288000400000000000000000000000  0
2 5311 3448852200288000400000000000110000000000  0
2 5311 3498152800288000400000000000110000000000862
2 5311 3498153100288000400000000000110000000000962
2 5311 3491953400288002400000000000110000000000862
2 5311 3491953700288002400000000000110000000000962
2 5311 3487554000288000400000000100000000000001449
2 5311 3487554480288000400000000100000000000001864
2 5311 3487554900288000400000000100000000000001862
2 5311 3487555420288000400000000100000000000001919
2 6272 3587527000288000400000000000100010000000  0
2 6272 3591929700288001400001000000100000000111  0
2 6272 3548135100288000 00000000000000000000000  0
2 6272 3586636000288000400000000000100010000000  0
2 6272 3548138100288000 00000000000000000000000  0
2 6272 3594338700288000400000000000100010000000  0
2 6272 3548139600288000 00000000000000000000000  0
2 6272 3589941400288000200001000000110000000000  0
2 6272 3580542300288000600000000000100010000000  0
2 6272 3549944100288000200001000000110000000000  0
2 6272 3544944700288000500001000000100000000001877
2 6272 3549945300288000500001000000100000000001  0
2 6272 3549945900288000200001000000110000000000  0
2 6272 3546946800288000400000000000000000000000  0
2 6272 3591954000288001400000000000100010000100  0
2 6272 4587527000288000400000000000110000000000866
2 6272 4591929700288001400000000000110000000000  0
2 6272 4548135100288000 00000000000000000000000  0
2 6272 4586636000288000400000000000100010000000  0
2 6272 4548138100288000 00000000000000000000000  0
2 6272 4594338700288000400000000000100010000000  0
2 6272 4548139600288000 00000000000000000000000  0
2 6272 4589940500288000200000000000110000000000  0
2 6272 4580541400288000600000000000100010000000  0
2 6272 4549943200288000200000000000110000000000  0
2 6272 4544944100288000500000000000100010000000877
2 6272 4544945000288000500000000000100010000000876
2 6272 4549945900288000200001000000110000000000  0
2 6272 4546946800288000400000000000000000000000  0
2 6272 4591954000288001400000000000100010000000  0
2 3592 3144929700288000400000000100000000000001  0
2 3592 3189931500288000200000000100110000000000  0
2 3592 3188932400288000810000000000100000000001851
2 3592 3189936000288000200000000100110000000000  0
2 3592 3187636900288000400000000000100000001000  0
2 3592 3144941400288000400000000000100000001000862
2 3592 3187644100288000400000000000100000001000  0
2 4553 5587730300288000401000000000000000001000  0
2 4553 5544932400288000400000000000100000001000  0
2 4553 5546933000288000400000000000000000000000  0
2 4553 5587739600288000400000000100000000000001  0
2 4553 5544941400288000400000000100000000000001  0
2 4553 5548143200288000 00000000000000000000000  0
2 4553 5587745000288000400000000100000000000001  0
2 4553 5546948600288000400000000000000000000000  0
2 4553 5587754000288000400000000100000000000001  0
2 4245 3199828800288000200000000001010000000000873
2 4245 3199830300288000200000000001010000000000866
2 4245 3148131200288000 00000000000000000000000  0
2 4245 3144932400288000400000000001000000000010962
2 4245 3148133300288000 00000000000000000000000  0
2 4245 3139936000288000200000000001010000000000962
2 4245 3139936360288000200000000001010000000000875
2 4245 3130136720288000820000000001000000000010962
2 4245 3130137380288000820000000001000000000010875
2 4245 3139938040288000200000000001010000000000962
2 4245 3139938400288000200000000001010000000000875
2 4245 3148138700288000 00000000000000000000000  0
2 4245 3144939600288000100000000001000000000010889
2 4245 3194240500288000100000000001000000000010889
2 4245 3144941400288000100000000001000000000010889
2 4245 3187642300288000100000000001000000000010889
2 4245 3146944100288000100000000000000000000000  0
2 4245 3140754900288000100000000000000000000000  0
2 4245 3144955800288000100000000001000000000010962
2 4245 3187356700288000100000000001000000000010804
2 4245 3187359400288000100000000001000000000010889
2 4245 3144961200288000100000000001000000000010  0
2 4245 3188962100288000100000000001000000000010  0
2 2657 4350232400288000400000000000110000000000485
2 4198 3591928800288002400000000100000000000001877
2 4198 3512930600288000400000000100000000000001  0
2 4198 3544932400288000400000000100000000000001  0
2 4198 3587833600288000400000000100000000000001  0
2 4198 3587536240288000400000000100000000000001  0
2 4198 3587738820288000400000000100000000000001  0
2 4198 3544941400288000400000000100000000000001  0
2 4198 3548143200288000 00000000000000000000000  0
2 4198 3591945000288001400000000100000000000001  0
2 4198 3587648600288000700000000100000000000001  0
2 4198 3544954000288000400000000100000000000001  0
2 5969 4445923400288000400000000000000000000000  0
2 5969 4491937800288001401000000000000000000100874
2 5969 4487643200288000401000000000000000000100889
2 5969 4487745900288000401000000000000000000100874
2 5969 4446948600288000400000000000000000000000  0
2 5969 4487652200288000400001000000000000000100  0
2 2421 3148825200288000100000000010010000000000  0
2 2421 3187525500288000100000000010010000000000  0
2 2421 3148826400288000100000000010010000000000  0
2 2421 3143927900288000100000000010010000000000  0
2 2421 3182129700288000100000000010010000000000  0
2 2421 3146932400288000100000000000000000000000  0
2 2421 3148841400288000100000000010010000000000  0
2 2421 3187743200288000100000000010010000000000  0
2 2421 3148146800288000 00000000000000000000000  0
2 2421 3148849200288000100000000010010000000000  0
2 2421 3143949500288000100000000010010000000000  0
2 2421 3187550400288000100000000010010000000000  0
2 2421 3118953100288000100000000010010000000000  0
2 2421 3187755800288000100100000010010000000000  0
2 2421 3143961200288000100100000010010000000000  0
2 2421 3187363000288000100100000010010000000000  0
2 2421 3145970200288000100000000000000000000000  0
2 5983 3146923400288000400000000000000000000000  0
2 5983 3191925200288002400000000100100000000001  0
2 5983 3144927000288000400000000000100000001000  0
2 5983 3187728800288000400000000000100000001000  0
2 5983 3191934200288001400000000000100000001000  0
2 5983 3144937800288000400000000000100000001000  0
2 2068 4591936000288002400000000001010000000000889
2 2068 4591936240288002400000000001010000000000486
2 2068 4591936480288002400000000001010000000000889
2 2068 4591936720288002400000000001010000000000486
2 2068 4548136900288000 00000000000000000000000  0
2 2068 4587639600288000400000000001010000000000875
2 2068 4544943200288000400000000001010000000000919
2 2068 4546944700288000400000000000000000000000  0
2 2068 4544952200288000400000000001010000000000  0
2 2068 4585153100288000400000000001010000000000  0
2 2068 4582455200288000400000000001010000000000  0
2 2068 4587557300288000400000000001010000000000  0
2 4937 3191952200288009400000000100000000000001449
2 4937 3187658980288000400000000000100000001000919
2 5154 5487330600288000400000000100000000000001449
2 5154 5491935400288002400000000100110000000000449
2 5154 5487736000288000400000000100000000000001  0
2 5154 5491940800288001400000000100110000000000  0
2 5154 5496641100288000401000000000000000001001  0
2 5154 5491941700288001101000000000000000001001875
2 5154 5494343200288000400000000100110000000000  0
2 5154 5486243680288000100000000100110000000000  0
2 5154 5444944100288000400000000100110000000000  0
2 5154 5448145900288000 00000000000000000000000  0
2 5154 5446946800288000400000000000000000000000  0
2 5154 5496454600288000400000000100000000000001  0
2 5154 5496455800288000400000000100000000000001  0
2 4665 3310829700288000400000000010010000000000  0
2 4665 3312930600288000400000000010010000000000  0
2 4665 3388931500288000400000000010010000000000  0
2 4665 3348133300288000 00000000000000000000000  0
2 4665 3344834200288000400000000010010000000000  0
2 4665 3348136600288000 00000000000000000000000  0
2 4665 3387738700288000401000000000000000000100  0
2 4665 3391940200288001401000000000000000000100  0
2 4665 3398141400288000401000000000000000000100  0
2 4665 3344843200288000401000000000000000000100  0
2 4665 3348845000288000400000000010010000000000  0
2 4665 3339946800288000200000000010010000000000  0
2 4665 3330147700288000820000000010000000000001  0
2 4665 3389949500288000200000000010010000000000  0
2 4665 3387750400288000400000000001000000000110  0
2 4665 3375251300288000400000000001000000000110  0
2 4665 3379952200288000200000000010010000000000  0
2 4665 3375252920288000400000000010000000000100  0
2 4665 3387754060288000400000000010000000000100  0
2 4665 3389955140288000200000000010010000000000  0
2 4665 3388955800288000400000000010010000000000  0
2 4791 3344928800288000401000000000000000000100  0
2 4791 3348130600288000 00000000000000000000000  0
2 4791 3359932400288000200000000010010000000000  0
2 4791 3350933720288000800000000010000000000100  0
2 4791 3359941820288000200000000010010000000000  0
2 4791 3344943200288000401000000000000000000100  0
2 4791 3391945000288002401000000000000000000100  0
2 4791 3388948600288000401000000000000000000100  0
2 4791 3346952200288000400000000000000000000000  0
2 4791 3391955800288002401000000000000000000001  0
2 2745 3599928800288000200000000010010000000000  0
2 2745 3591929700288002400000000010000000000100  0
2 2745 3549932400288000200000000010010000000000  0
2 2745 3542233300288000890000000010000000000001  0
2 2745 3530136000288000820000000010000000000101962
2 2745 3539940500288000200000000010010000000000  0
2 2745 3510941400288000400000000010000000000100  0
2 2745 3549942300288000200000000010010000000000  0
2 2745 3546944100288000400000000000000000000000  0
2 2745 3544851900288000400000000010010000000000875
2 2745 3548854900288000400000000010000000000100  0
2 2745 3587555800288000401000000000000000000100  0
2 2745 3599856700288000200000000010010000000000962
2 4396 4244930600288000401000000000000000000001  0
2 4396 4291932400288002400000000100000000000001821
2 4396 4291936000288002400000000100000000000001  0
2 4396 4287437800288000400000000100000000000001877
2 4396 4294339600288000400000000100000000000001962
2 4396 4244943200288000400000000100110000000000  0
2 4396 4246946800288000400000000000000000000000  0
2 4396 4244955800288000400000000100110000000000  0
2 4396 4287557600288000400000000100000000000001  0
2 6302 4391954000288002400001000000000000000001  0
2 6302 4391955800288002400001000000000000000001875
2 6302 4344957600288000400001000000000000000001875
2 6302 4391959400288002400001000000000000000001  0
2 6302 4387561200288000400001000000000010000001  0
2 6302 4391963000288001400001000000000000000001  0
2 6302 4391964800288009400001000000000000000001875
2 6302 4391966600288001400001000000000000000001  0
2 6302 4391971100288001400001000000000000000001  0
2 6302 5391954000288002400001000000000000000001  0
2 6302 5391955800288002400001000000000000000001875
2 6302 5344957600288000400001000000000000000001  0
2 6302 5391959400288002400001000000000000000001  0
2 6302 5387561200288000400001000000000010000001  0
2 6302 5391963000288002400001000000000000000001  0
2 6302 5391964800288002400001000000000000000001875
2 6302 5391966600288001400001000000000000000001  0
2 6302 5391971100288001400001000000000000000001  0
2 3586 4344827000288000400110001010010000000000  0
2 3586 4387527900288000401000000000000000000100  0
2 3586 4391930600288002400000000010010000000000875
2 3586 4393931500288000400000000010010000000000875
2 3586 4387632400288000400000000100000000000100875
2 3586 4382136000288000200000000100000000000100875
2 3586 4348839600288000400000000010010000000000875
2 3586 4344840020288000400000000010010000000000875
2 3586 4348140500288000 00000000000000000000000  0
2 3586 4346941400288000400000000000000000000000  0
2 3586 4344852200288000400000000010010000000000919
2 3586 4392954000288000400000000010010000000000  0
2 3586 4393955200288000400000000010010000000000  0
2 3586 4387756400288000400000000010010000000000  0
2 3586 4387657600288000400000000010010000000000  0
2 3586 4382160300288000400000000010010000000000  0
2 3586 4348863000288000400000000010010000000000  0
2 2929 4496235100288000400000000100000000000001488
2 2929 4498935400288000400000000100000000001001  0
2 2929 4485136000288000400000000100000000000001752
2 2929 4475237200288000400000000000100000001000889
2 2929 4491937500288001400000000100100000001000752
2 2929 4491938580288001400000000100100000001000877
2 2929 4444939600288000400000000100000000000001752
2 2929 4440939900288000400000000000000000000000  0
210029 3585135100288000101000000000001000000100  0
210029 3587736000288000101000000000001000000100  0
210051 2445922200288000400000000000000000000000  0
210051 2440730600288000400000000000000000000000  0
210051 2448831200288000400000000000110000000000  0
210051 2444932100288000400000000000110000000000  0
210051 2485133300288000400000000000110000000000  0
210051 2491934200288002400000000000110000000000  0
210051 2482136000288000700000000000100000000001  0
210051 2487537200288000400000000000110000000000  0
210051 2419439600288000400000000000110000000000  0
210051 2491941400288002401000000000000000000001  0
210051 2444943200288000400000000000110000000000  0
210051 2487545600288000100000000000100000000001  0
210051 2446946800288000100000000000000000000000  0
210051 2491952200288001100000000000110000000000  0
210051 2448855800288000100100000000000000000001  0
210416 4696275600288000100000000010001110000000  0
210416 4640977400288000100000000000000000000000  0
210416 4645978300288000100000000000000000000000  0
2 4705 3591927000288009401000000000000000000001  0
2 4705 3591928800288009401000000000000000000001  0
2 4705 3544930600288000401000000000000000000001919
2 4705 3548134200288000 00000000000000000000000  0
2 4705 3587536000288000401000000000000000000001  0
2 4705 3548141400288000 00000000000000000000000  0
2 4705 3544945000288000401000000000000000000001  0
2 4705 3548146800288000 00000000000000000000000  0
2 4705 3591948600288002401000000000000000000001  0
2 4705 3546950400288000400000000000000000000000  0
2 4705 3587759400288000401000000000000000000001  0
2 4705 3586261200288000401000000000000000000001  0
2 2316 2444930600288000401000000000000000000001  0
2 2316 2411932400288000400000000000110000000000  0
2 2316 2491934200288002401000000000000000000001  0
2 2316 2491935580288009401000000000000000000001  0
2 2316 2444936900288000401000000000000000000001  0
2 2316 2487937800288000401000000000000000000001  0
2 2316 2482439600288000701000000000000000000001  0
2 2316 2444943200288000401000000000000000000001  0
2 4679 5149936000288000400100000000000010000000963
2 4679 5148136300288000 00000000000000000000000  0
2 4679 5144839600288000400000000001000010000000962
2 4679 5148142300288000 00000000000000000000000  0
2 4679 5191943200288001400000000001000010000000  0
2 4679 5148150400288000 00000000000000000000000  0
2 4679 5146954000288000400000000000000000000000  0
2 4679 5148157600288000 00000000000000000000000  0
2 4679 5144858500288000400001000000000010000010962
2 5760 3246923400288000400000000000000000000000  0
2 5760 3248127900288000 00000000000000000000000  0
2 5760 3244928800288000400000000100100000000001962
2 5760 3244929700288000400000000100100000000001919
2 5760 3291930600288002400000000100100000000001851
2 5760 3291933300288002400000000000100000001001851
2 5760 3248134200288000 00000000000000000000000  0
2 5760 3248836000288000400000000000110000000000962
2 5760 3244937800288000400000000000100000001001877
2 5760 3246939600288000400000000000000000000000  0
2 5760 3248148600288000 00000000000000000000000  0
2 5760 3248849500288000400000000000100000000001962
2 5760 3248150400288000 00000000000000000000000  0
2 5760 3287451300288000400000000100100000000001  0
2 5760 3248853100288000400000000000100000001001  0
2 5760 3244954000288000400000000100100000000001929
2 5760 3248856700288000400000000000110000000000874
2 5760 3248857180288000400000000000110000000000929
2 5760 4246922500288000400000000000000000000000  0
2 5760 4244930600288000400000000000100000001000919
2 5760 4248134200288000 00000000000000000000000  0
2 5760 4287535100288000400000000000100000001000919
2 5760 4248137800288000 00000000000000000000000  0
2 5760 4244938700288000400000000000100000001001919
2 5760 4248142300288000 00000000000000000000000  0
2 5760 4246943200288000400000000000000000000000  0
2 5760 4248151300288000 00000000000000000000000  0
2 5760 4248852200288000400000000000100000001001919
2 5760 4287754000288000400000000000100000001001919
2 2439 3244928800288000401000000000000000000100983
2 2439 3248130000288000 00000000000000000000000  0
2 2439 3291934200288002401000000000000000000100983
2 2439 3287539300288000401000000000000000000100983
2 2439 3248142300288000 00000000000000000000000  0
2 2439 3244943200288000401000000000000000000100983
2 2439 3248144700288000 00000000000000000000000  0
2 2439 3246946800288000400000000000000000000000  0
2 2439 3248153100288000 00000000000000000000000  0
2 2439 3287754000288000400000000010010000000000  0
2 2439 3244956700288000401000000000000000000100983
2 2439 3248157600288000 00000000000000000000000  0
2 2439 3291959280288001401000000000000000000100983
2 2439 3248164080288000 00000000000000000000000  0
2 2439 3288964800288000400000000010010000000000  0
2 2439 3282466000288000400000000010010000000000  0
2 2439 3248167200288000 00000000000000000000000  0
2 2439 3244968100288000401000000000000000000100983
2 2439 3248169600288000 00000000000000000000000  0
2 2439 3248872000288000400000000010010000000000  0
2 2439 3248173200288000 00000000000000000000000  0
2 2439 3245975600288000400000000000000000000000  0
2 4506 3444937800288000401000000000000010001000  0
2 4506 3448138700288000 00000000000000000000000  0
2 4506 3487539600288000400001000000000010000001  0
2 4506 3487341100288000400000000100000010000001  0
2 4506 3487542300288000400000000100000010000001  0
2 4506 3448143200288000 00000000000000000000000  0
2 4506 3491950400288009400000000100000010000001  0
2 4506 3448152200288000 00000000000000000000000  0
2 4506 3487553100288000400000000100000010000001  0
2 4506 4444937800288000401000000000000010001001  0
2 4506 4448138700288000 00000000000000000000000  0
2 4506 4487539600288000400001000000000000001001  0
2 4506 4491941100288002401000000000000010001001  0
2 4506 4448142300288000 00000000000000000000000  0
2 4506 4444943200288000401000000000000010001001  0
2 4506 4448145000288000 00000000000000000000000  0
2 4506 4487352200288000400000000000100010001001  0
2 5010 3191930600288002400000000100000000000001875
2 5010 3193934200288000400000000100110000000000  0
2 5010 3144936000288000400000000100000000000001  0
2 5010 3187536900288000400000000100000000000001  0
2 5010 3180139600288000700000000100100000000001  0
2 5010 3187341400288000700000000100100000000001  0
2 5010 3144943200288000400000000100000000000001  0
2 5010 3192945000288000401000000000000000001001863
2 5010 3192945900288000401000000000000000001001878
2 5010 3146946800288000400000000000000000000000  0
2 5010 3144954000288000400000000100000000000001  0
2 5010 3191954900288001400000000100000000000001  0
2 5010 3144959400288000400000000100000000000001  0
2 5010 3187561200288000400000000100000000000001919
2 1605 3199863000288000200100000000010000000000  0
2 1605 3199864800288000200000000001010000000000  0
2 1605 3199866000288000200000000001010000000000439
2 1605 3199867200288000400000000001000000000010821
2 1605 3149967500288000200000000001010000000000486
2 1605 3149967740288000400000000001010000000000877
2 1605 3148868100288000400000000001000000000010877
2 1605 3148869300288000400000000001000000000010  0
2 1605 3144969600288000400000000001000000000010877
2 1605 3148871400288000400000000001000000000010821
2 1605 3149972900288000200000000001010000000000439
2 1605 3149975000288000100000000001000000000010  0
2 1605 3143975600288000100000000001000000000010877
2 1605 3143976500288000100000000001000000000010919
2 1605 3148877400288000100000000001000000000010  0
2 1605 3145977700288000100000000000000000000000  0
2 5441 4491936000288009100000000000100000000001449
2 5441 4488941580288000100000000000100000000001  0
2 5441 4448143800288000 00000000000000000000000  0
2 5441 4487245000288000100000000000100000000001  0
2 5441 4448146800288000 00000000000000000000000  0
2 5441 4491947700288009100000000000100000000001449
2 5299 6144930600288000400000000100000000000001  0
2 5299 6187532400288000401000000000000000001001  0
2 5299 6187337800288000400000000100000000000001  0
2 5299 6144943200288000400000000100000000000001  0
2 5299 6146946800288000400000000000000000000000  0
2 5299 6144954000288000400000000100000000000001  0
2 5299 6187355800288000400000000100000000000001  0
2 5299 6148859400288000400000000100110000000000  0
2 5783 2196261380288000400000000000199999999999  0
2 5783 2144862160288000400000000000000000000000  0
2 5783 2187762760288000400000000000199999999999  0
2 5783 2185164500288000400000000000199999999999  0
2 5783 2144865400288000400000000000000000000000  0
2 5783 2191967200288009400000000100000000000001  0
2 5783 2146972000288000400000000000000000000000  0
2 5783 2196274700288000400000000000199999999999409
2 3983 5444930600288000400000000100000000000001  0
2 3983 5465232100288000400000000100110000000000862
2 3983 5487533300288000400000000100000000000001889
2 3983 5494334200288000400000000100110000000000875
2 3983 5487435100288000400000000000100000000001875
2 3983 5491936000288002400000000100000000000001875
2 3983 5496236900288000400000000100110000000000  0
2 3983 5487738100288000400000000100000000000001875
2 3983 5444939600288000400000000100000000000001  0
2 3983 5446941400288000400000000000000000000000  0
2 5531 3144929700288000401000000000000000001010  0
2 5531 3191931080288002400000000101000000001010485
2 5531 3191934440288002400000000101000000001010889
2 5531 3148137800288000 00000000000000000000000  0
2 5531 3144938700288000400000000101000000001010962
2 5531 3148139600288000 00000000000000000000000  0
2 5531 3144945900288000400000000101010000000000  0
2 5531 3187647280288000400000000101010000000000485
2 5531 3146954000288000400000000000000000000000  0
2  812 2344946800288000400000000100000000000001962
2  812 2385148600288000400000000100000000000001  0
2  812 2346949500288000400000000000000000000000  0
2  812 2394254000288000400000000100110000000000  0
2  812 2392954900288000400000000100110000000000  0
2  812 2377255380288000400000000100110000000000  0
2  812 2387555800288000400000000000100000001001962
2  812 2387457600288000400000000000100000001001962
2  812 2391959400288002400000000100110000000000851
2 1386 3546925200288000400000000000000000000000  0
2 1386 3544930600288000401000000000000000000010  0
2 1386 3548832400288000400000000001010000000000  0
2 1386 3587733000288000401000000000000000000010  0
2 1386 3544941400288000400000000001000000000010  0
2 1386 3587743200288000400000000001000000000010  0
2 1386 3546948600288000400000000000000000000000  0
2 1386 3587754000288000400000000001000000000010  0
2 3128 3191941400288002400000000011000000000100877
2 3128 3146946980288000400000000000000000000000  0
2 2994 2191954000288002400000000001000000000010449
2 2994 2180155800288000400000000101000000000010  0
2 2994 2144961200288000400000000001000000000010919
2 2994 2180163900288000400000000000100000000001449
2 2994 2144966600288000400000000000110000000000919
2 2994 2156968580288000400000000000110000000000  0
2 2994 2148172000288000 00000000000000000000000  0
2 2994 2148875600288000400000000000110000000000  0
2 2994 2148178000288000 00000000000000000000000  0
2 2994 2191979200288002400100000001110000000000  0
2 2994 2145981000288000400000000000000000000000  0
2 5786 3244831200288000400000000010010000000000  0
2 5786 3287532100288000400000000010010000000000919
2 5786 3246943200288000400000000000000000000000  0
2 5786 3287652200288000400000000010010000000000  0
2 5786 3287755800288000400000000010000000000010919
2 5786 3248863000288000400000000010001000000000877
2 3047 3144928800288000401000000000000000000001  0
2 3047 3156930600288000401000000000000000000001  0
2 3047 3187737800288000401000000000000000000001  0
2 3047 3187639180288000400000000000110000000000  0
2 3047 3144940500288000401000000000000000000001  0
2 3047 3146943200288000400000000000000000000000  0
2 3047 3188952200288000401000000000000000000001  0
2 3047 3191955800288001401000000000000000000001  0
2 5169 4391928800288009400000000000100010000000877
2 5374 3191939600288009400000000000100010001000  0
2 4566 3191927000288002400000000001010000000000877
2 5662 6391966600288002400000000101010000000000939
2 5662 6391968400288002400000000101010000000000874
2 5662 6391970200288002400000000101110000000000569
2 5662 6391972000288002400000000101010000000000851
2 5662 6391973800288002400000000101010000000000878
2 5113 4487530600288000400000000100000000000011919
2 5113 4492932400288000400000000101110000000000  0
2 5113 4412934200288000400000000100000000000011  0
2 5113 4488935100288000400000000100000000000011  0
2 5113 4487537380288000400000000100000000000011  0
2 5113 4448839600288000400000000101110000000000  0
2 5113 4498140500288000400000000100000000000011919
2 5113 4444941400288000400000000101110000000000  0
2 5113 4446944100288000400000000000000000000000  0
2 5113 4448850400288000400000000100100000000010  0
2 5113 4444951000288000400000000101110000000000  0
2 5113 4487652200288000400000000100100000000010  0
2 4956 3244928800288000400001000000000000000001  0
2 4956 3291930600288009400001000000000000000001  0
2 4956 3291932400288002400001000000000000000001  0
2 4956 3288936000288000400001000000000000000001  0
2 4956 3280140500288000400001000000000000000001  0
2 4956 3244941400288000400001000000000000000001  0
2 4956 3246944100288000400000000000000000000000  0
2 4956 3285152200288000400001000000000000000001  0
2 4956 3287453580288000400001000000000000000001  0
2 4956 3250354960288000400001000000000000000001  0
2 4956 3256956280288000400001000000000000000001  0
2 4956 3212957600288000401000000000000000000001  0
2 4956 3296258320288000401000000000000000000001  0
2 4956 3287759040288000401000000000000000000001  0
2 4956 3282359760288000401000000000000000000001  0
2 4956 3280160480288000401000000000000000000001  0
2 4956 3244961200288000401000000000000000000001  0
2 4956 3287764800288000401000000000000000000001  0
2 4956 4291930600288002400001000000110000000000  0
2 4956 4291932400288002400001000000110000000000  0
2 4956 4291934200288002400001000000110000000000  0
2 4956 4288936000288000400001000000000000000001  0
2 4956 4280140500288000401000000000000000000001  0
2 4956 4244941400288000400001000000110000000000  0
2 4956 4246944100288000400000000000000000000000  0
2 4956 4285152200288000400001000000000000000001  0
2 4956 4287454480288000400001000000000000000001  0
2 4956 4250356760288000400001000000000000000001  0
2 4956 4256958980288000400001000000000000000001  0
2 4956 4244961200288000400001000000000000000001  0
2  801 2287743200288000400000000001010000000000  0
2  801 2248146800288000 00000000000000000000000  0
2  801 2246961200288000400000000000000000000000  0
