    9 3    9 2   11
    9 4    9 2   11
   15 4   15 1   21
   15 5   15 1   21
   16 6   16 2   31
   16 8   16 2   31
   26 2   26 1   41
   26 3   26 1   41
   28 3   28 2   51
   28 4   28 2   51
   31 3   31 1   61
   31 4   31 1   61
   37 3   37 1   71
   37 5   37 1   71
   38 2   38 1   81
   39 2   39 1   91
   39 3   39 1   91
   44 3   44 2  101
   45 2   45 1  111
   45 3   45 1  111
   47 4   47 2  121
   54 2   54 1  131
   54 3   54 1  131
   56 3   56 1  141
   57 2   57 1  151
   57 3   57 1  151
   60 4   60 1  161
   61 3   61 2  171
   61 4   61 2  171
   68 3   68 2  181
   71 3   71 2  191
   71 4   71 2  191
   74 4   74 2  201
   76 3   76 2  211
   76 4   76 2  211
   78 3   78 2  221
   78 4   78 2  221
   79 5   79 2  231
   83 3   83 2  241
   83 4   83 2  241
   85 3   85 2  251
   85 4   85 2  251
   95 3   95 2  261
   95 4   95 2  261
   97 4   97 2  271
   98 3   98 2  281
   98 4   98 2  281
  104 2  104 1  291
  111 5  111 4  301
  117 4  117 2  311
  118 3  118 2  321
  120 3  120 2  331
  127 3  127 2  341
  127 4  127 2  341
  128 3  128 2  351
  130 3  130 2  361
  134 2  134 1  371
  136 9  136 2  381
  13610  136 2  381
  137 2  137 1  391
  137 3  137 1  391
  140 2  140 1  401
  142 3  142 2  411
  142 4  142 2  411
  145 5  145 2  421
  146 4  146 2  431
  148 4  148 2  441
  148 5  148 2  441
  150 3  150 2  451
  162 3  162 1  461
  162 4  162 1  461
  163 3  163 1  471
  168 3  168 2  481
  168 4  168 2  481
  169 5  169 2  491
  188 2  188 1  501
  188 3  188 1  501
  191 4  191 2  511
  191 5  191 2  511
  194 6  194 2  521
  196 5  196 2  531
  196 6  196 2  531
  199 3  199 2  541
  199 4  199 2  541
  207 4  207 1  551
  207 5  207 1  551
  210 4  210 2  561
  210 5  210 2  561
  211 3  211 1  571
  226 3  226 1  581
  226 4  226 1  581
  227 3  227 2  591
  228 3  228 2  601
  228 4  228 2  601
  248 3  248 2  611
  248 4  248 2  611
  250 2  250 1  621
  250 6  250 1  621
  251 2  251 1  631
  254 3  254 2  641
  254 8  254 2  641
  261 2  261 1  651
  266 4  266 2  661
  274 4  274 1  671
  274 5  274 2  672
  291 2  291 1  681
  293 2  293 1  691
  297 3  297 2  701
  299 4  299 2  711
  301 3  301 2  721
  301 5  301 2  721
  302 4  302 2  731
  303 3  303 1  741
  306 3  306 2  751
  306 4  306 2  751
  307 4  307 2  761
  307 5  307 2  761
  308 5  308 2  771
  313 2  313 1  781
  313 3  313 1  781
  315 3  315 2  791
  315 4  315 2  791
  323 3  323 2  801
  323 4  323 2  801
  329 7  329 2  811
  329 8  329 2  811
  331 3  331 2  821
  335 3  335 2  831
  336 3  336 2  841
  337 3  337 2  851
  342 3  342 2  861
  342 4  342 2  861
  344 2  344 1  871
  344 3  344 1  871
  358 3  358 1  881
  362 3  362 2  891
  362 4  362 2  891
  365 3  365 2  901
  365 5  365 2  901
  367 3  367 2  911
  367 4  367 2  911
  368 4  368 2  921
  384 3  384 2  931
  384 4  384 2  931
  389 5  389 2  941
  389 7  389 2  941
  391 3  391 2  951
  394 4  394 2  961
  394 6  394 2  961
  406 3  406 2  971
  406 4  406 2  971
  409 3  409 1  981
  409 4  409 1  981
  417 3  417 2  991
  417 4  417 2  991
  421 3  421 2 1001
  421 4  421 2 1001
  426 2  426 1 1011
  426 3  426 1 1011
  428 3  428 2 1021
  428 4  428 2 1021
  430 2  430 1 1031
  432 3  432 2 1041
  434 3  434 2 1051
  434 5  434 2 1051
  440 4  440 2 1061
  441 3  441 2 1071
  441 4  441 2 1071
  442 2  442 1 1081
  443 3  443 2 1091
  443 4  443 2 1091
  451 4  451 2 1101
  451 5  451 2 1101
  455 3  455 2 1111
  461 3  461 2 1121
  461 4  461 2 1121
  468 3  468 2 1131
  471 3  471 2 1141
  472 4  472 2 1151
  472 5  472 2 1151
  480 4  480 1 1161
  488 3  488 2 1171
  499 2  499 1 1181
  499 4  499 1 1181
  514 4  514 2 1191
  514 5  514 2 1191
  521 2  521 1 1201
  521 3  521 1 1201
  524 3  524 2 1211
  531 2  531 1 1221
  531 3  531 1 1221
  536 3  536 2 1231
  536 4  536 2 1231
  539 4  539 2 1241
  539 5  539 2 1241
  547 3  547 2 1251
  553 3  553 2 1261
  555 2  555 1 1271
  556 4  556 2 1281
  575 3  575 1 1291
  575 4  575 1 1291
  576 4  576 2 1301
  578 3  578 2 1311
  578 4  578 2 1311
  582 3  582 2 1321
  582 4  582 2 1321
  584 5  584 2 1331
  590 3  590 2 1341
  603 4  603 3 1351
  605 3  605 2 1361
  606 7  606 2 1371
  606 8  606 2 1371
  612 4  612 2 1381
  612 5  612 2 1381
  613 3  613 1 1391
  613 4  613 2 1392
  615 4  615 3 1401
  619 2  619 1 1411
  623 3  623 2 1421
  627 2  627 1 1431
  627 3  627 1 1431
  631 4  631 2 1441
  632 4  632 2 1451
  632 5  632 2 1451
  633 4  633 2 1461
  636 4  636 2 1471
  636 5  636 2 1471
  637 3  637 2 1481
  637 4  637 2 1481
  650 2  650 1 1491
  650 3  650 1 1491
  652 3  652 2 1501
  652 5  652 2 1501
  655 3  655 2 1511
  655 5  655 2 1511
  657 4  657 2 1521
  659 2  659 1 1531
  660 3  660 2 1541
  665 3  665 1 1551
  666 4  666 2 1561
  669 3  669 2 1571
  670 3  670 2 1581
  672 3  672 2 1591
  676 4  676 2 1601
  676 5  676 2 1601
  677 4  677 2 1611
  677 5  677 2 1611
  680 3  680 2 1621
  680 4  680 2 1621
  687 3  687 2 1631
  687 4  687 2 1631
  690 3  690 1 1641
  693 3  693 1 1651
  695 4  695 2 1661
  695 5  695 2 1661
  707 3  707 2 1671
  707 4  707 2 1671
  713 2  713 1 1681
  713 3  713 1 1681
  714 2  714 1 1691
  714 3  714 1 1691
  715 4  715 2 1701
  715 6  715 2 1701
  719 3  719 2 1711
  722 2  722 1 1721
  722 3  722 1 1721
  724 3  724 2 1731
  725 6  725 2 1741
  731 5  731 2 1751
  732 3  732 2 1761
  732 4  732 2 1761
  740 2  740 1 1771
  742 3  742 1 1781
  742 4  742 1 1781
  745 3  745 2 1791
  746 3  746 2 1801
  746 4  746 2 1801
  747 3  747 2 1811
  748 4  748 1 1821
  748 5  748 1 1821
  749 4  749 2 1831
  749 5  749 2 1831
  750 3  750 1 1841
  750 4  750 1 1841
  758 2  758 1 1851
  758 3  758 1 1851
  764 4  764 2 1861
  765 2  765 1 1871
  768 3  768 2 1881
  769 2  769 1 1891
  769 3  769 1 1891
  770 3  770 1 1901
  779 4  779 2 1911
  781 3  781 2 1921
  781 4  781 2 1921
  786 5  786 2 1931
  786 6  786 2 1931
  789 5  789 2 1941
  789 7  789 2 1941
  793 5  793 2 1951
  793 6  793 2 1951
  797 4  797 2 1961
  800 2  800 1 1971
  801 2  801 1 1981
  802 2  802 1 1991
  803 3  803 2 2001
  803 4  803 2 2001
  810 3  810 2 2011
  811 5  811 1 2021
  811 6  811 1 2021
  820 4  820 2 2031
  827 3  827 2 2041
  828 3  828 2 2051
  832 3  832 2 2061
  832 4  832 2 2061
  833 3  833 1 2071
  838 5  838 2 2081
  839 5  839 2 2091
  849 3  849 2 2101
  851 2  851 1 2111
  851 3  851 1 2111
  854 2  854 1 2121
  859 3  859 2 2131
  860 3  860 2 2141
  860 4  860 2 2141
  862 3  862 2 2151
  862 4  862 2 2151
  864 3  864 2 2161
  864 5  864 2 2161
  866 4  866 2 2171
  866 5  866 2 2171
  878 2  878 1 2181
  879 3  879 2 2191
  880 6  880 5 2201
  882 4  882 2 2211
  885 4  885 2 2221
  885 5  885 2 2221
  888 3  888 2 2231
  892 3  892 2 2241
  892 4  892 2 2241
  920 2  920 1 2251
  920 3  920 1 2251
  926 3  926 1 2261
  926 4  926 1 2261
  938 4  938 2 2271
  938 5  938 2 2271
  967 2  967 1 2281
  971 3  971 2 2291
  971 5  971 2 2291
  972 4  972 2 2301
  972 5  972 2 2301
  974 3  974 2 2311
  980 2  980 1 2321
  981 3  981 2 2331
  981 4  981 2 2331
  986 5  986 2 2341
  997 5  997 2 2351
 1000 3 1000 2 2361
 1000 4 1000 2 2361
 1004 3 1004 1 2371
 1012 3 1012 2 2381
 1012 4 1012 2 2381
 1014 3 1014 1 2391
 1031 3 1031 2 2401
 1031 4 1031 2 2401
 1033 4 1033 2 2411
 1045 4 1045 2 2421
 1045 5 1045 2 2421
 1046 3 1046 2 2431
 1046 4 1046 2 2431
 1049 3 1049 1 2441
 1053 2 1053 1 2451
 1053 3 1053 1 2451
 1061 2 1061 1 2461
 1061 3 1061 1 2461
 1062 3 1062 2 2471
 1062 4 1062 2 2471
 1067 3 1067 2 2481
 1069 4 1069 2 2491
 1070 3 1070 2 2501
 1085 5 1085 1 2511
 1085 6 1085 1 2511
 1088 3 1088 2 2521
 1089 4 1089 2 2531
 1092 2 1092 1 2541
 1094 4 1094 2 2551
 1096 3 1096 2 2561
 1096 4 1096 2 2561
 1098 4 1098 2 2571
 1098 5 1098 2 2571
 1099 3 1099 2 2581
 1101 4 1101 1 2591
 1101 6 1101 1 2591
 1104 3 1104 2 2601
 1106 3 1106 2 2611
 1107 3 1107 2 2621
 1111 5 1111 2 2631
 1111 6 1111 2 2631
 1113 3 1113 2 2641
 1113 4 1113 2 2641
 1114 4 1114 2 2651
 1114 6 1114 2 2651
 1115 4 1115 2 2661
 1117 4 1117 2 2671
 1134 3 1134 2 2681
 1134 4 1134 2 2681
 1137 2 1137 1 2691
 1137 3 1137 1 2691
 1138 3 1138 2 2701
 1143 3 1143 1 2711
 1143 4 1143 1 2711
 1151 3 1151 2 2721
 1151 4 1151 2 2721
 1158 3 1158 2 2731
 1158 5 1158 2 2731
 1159 3 1159 1 2741
 1159 6 1159 1 2741
 1169 4 1169 2 2751
 1179 3 1179 2 2761
 1179 4 1179 2 2761
 1184 3 1184 2 2771
 1184 4 1184 2 2771
 1190 3 1190 2 2781
 1190 4 1190 2 2781
 1192 4 1192 2 2791
 1197 3 1197 2 2801
 1217 5 1217 2 2811
 1217 6 1217 2 2811
 1218 2 1218 1 2821
 1218 3 1218 1 2821
 1219 3 1219 2 2831
 1223 3 1223 2 2841
 1223 4 1223 2 2841
 1224 3 1224 2 2851
 1230 3 1230 2 2861
 1237 3 1237 1 2871
 1239 4 1239 1 2881
 1239 5 1239 1 2881
 1241 3 1241 1 2891
 1241 5 1241 1 2891
 1245 2 1245 1 2901
 1251 3 1251 2 2911
 1251 4 1251 2 2911
 1256 4 1256 2 2921
 1261 6 1261 2 2931
 1261 7 1261 2 2931
 1268 3 1268 1 2941
 1272 3 1272 2 2951
 1272 5 1272 2 2951
 1273 3 1273 2 2961
 1273 4 1273 2 2961
 1275 3 1275 2 2971
 1277 2 1277 1 2981
 1278 3 1278 2 2991
 1279 2 1279 1 3001
 1279 3 1279 1 3001
 1280 7 1280 2 3011
 1280 8 1280 2 3011
 1287 4 1287 1 3021
 1287 6 1287 5 3022
 1290 3 1290 2 3031
 1290 4 1290 2 3031
 1293 3 1293 2 3041
 1298 3 1298 2 3051
 1298 4 1298 2 3051
 1300 4 1300 2 3061
 1300 5 1300 2 3061
 1302 3 1302 2 3071
 1303 3 1303 2 3081
 1303 4 1303 2 3081
 1304 3 1304 2 3091
 1305 4 1305 2 3101
 1310 3 1310 2 3111
 1310 4 1310 2 3111
 1311 2 1311 1 3121
 1311 3 1311 1 3121
 1312 2 1312 1 3131
 1313 2 1313 1 3141
 1320 3 1320 2 3151
 1320 4 1320 2 3151
 1323 5 1323 1 3161
 1330 3 1330 2 3171
 1340 3 1340 2 3181
 1342 4 1342 2 3191
 1346 4 1346 2 3201
 1350 4 1350 2 3211
 1350 5 1350 2 3211
 1355 3 1355 2 3221
 1359 2 1359 1 3231
 1361 2 1361 1 3241
 1362 3 1362 2 3251
 1362 4 1362 2 3251
 1365 4 1365 2 3261
 1366 3 1366 2 3271
 1371 3 1371 2 3281
 1375 3 1375 2 3291
 1378 3 1378 2 3301
 1378 4 1378 2 3301
 1379 3 1379 2 3311
 1385 2 1385 1 3321
 1385 3 1385 1 3321
 1386 3 1386 2 3331
 1394 3 1394 2 3341
 1394 4 1394 2 3341
 1395 3 1395 2 3351
 1397 4 1397 2 3361
 1398 4 1398 2 3371
 1399 3 1399 2 3381
 1399 4 1399 2 3381
 1403 6 1403 2 3391
 1403 7 1403 3 3392
 1406 4 1406 2 3401
 1407 2 1407 1 3411
 1407 3 1407 1 3411
 1408 3 1408 2 3421
 1408 4 1408 2 3421
 1409 3 1409 2 3431
 1409 4 1409 2 3431
 1412 4 1412 2 3441
 1412 5 1412 2 3441
 1413 2 1413 1 3451
 1415 5 1415 2 3461
 1417 2 1417 1 3471
 1423 3 1423 2 3481
 1424 3 1424 2 3491
 1424 4 1424 2 3491
 1426 4 1426 2 3501
 1426 5 1426 2 3501
 1431 4 1431 2 3511
 1431 5 1431 2 3511
 1443 3 1443 2 3521
 1443 4 1443 2 3521
 1444 2 1444 1 3531
 1444 3 1444 1 3531
 1447 2 1447 1 3541
 1453 3 1453 2 3551
 1454 2 1454 1 3561
 1460 3 1460 2 3571
 1461 3 1461 2 3581
 1461 4 1461 2 3581
 1463 3 1463 2 3591
 1463 4 1463 2 3591
 1464 3 1464 2 3601
 1465 3 1465 2 3611
 1466 3 1466 2 3621
 1466 4 1466 2 3621
 1469 3 1469 1 3631
 1476 3 1476 2 3641
 1487 4 1487 2 3651
 1487 6 1487 2 3651
 1490 4 1490 2 3661
 1491 3 1491 2 3671
 1491 4 1491 2 3671
 1492 2 1492 1 3681
 1492 3 1492 1 3681
 1495 3 1495 2 3691
 1498 3 1498 2 3701
 1498 4 1498 2 3701
 1500 3 1500 2 3711
 1503 4 1503 2 3721
 1503 5 1503 2 3721
 1506 3 1506 2 3731
 1506 4 1506 2 3731
 1508 2 1508 1 3741
 1508 3 1508 1 3741
 1513 4 1513 2 3751
 1514 3 1514 2 3761
 1521 2 1521 1 3771
 1529 3 1529 2 3781
 1529 4 1529 2 3781
 1531 3 1531 1 3791
 1534 3 1534 2 3801
 1534 5 1534 2 3801
 1537 3 1537 2 3811
 1537 4 1537 2 3811
 1549 2 1549 1 3821
 1554 7 1554 2 3831
 1554 8 1554 2 3831
 1562 3 1562 2 3841
 1563 3 1563 2 3851
 1563 4 1563 2 3851
 1564 3 1564 2 3861
 1564 4 1564 2 3861
 1566 5 1566 4 3872
 1566 6 1566 2 3871
 1570 4 1570 2 3881
 1576 4 1576 2 3891
 1576 5 1576 2 3891
 1587 3 1587 1 3901
 1588 3 1588 2 3911
 1595 4 1595 3 3922
 1595 5 1595 2 3921
 1596 2 1596 1 3931
 1596 3 1596 1 3931
 1597 3 1597 2 3941
 1598 4 1598 2 3951
 1601 3 1601 2 3961
 1601 4 1601 2 3961
 1608 4 1608 2 3971
 1608 5 1608 2 3971
 1609 5 1609 3 3981
 1611 3 1611 2 3991
 1611 4 1611 2 3991
 1614 3 1614 2 4001
 1614 5 1614 2 4001
 1633 3 1633 2 4011
 1636 4 1636 2 4021
 1636 5 1636 2 4021
 1637 3 1637 2 4031
 1637 4 1637 2 4031
 1640 3 1640 2 4041
 1643 3 1643 1 4051
 1643 4 1643 1 4051
 1652 3 1652 2 4061
 1654 3 1654 2 4071
 1654 4 1654 2 4071
 1655 3 1655 2 4081
 1655 4 1655 2 4081
 1656 3 1656 2 4091
 1659 3 1659 2 4101
 1659 4 1659 2 4101
 1670 3 1670 2 4111
 1671 3 1671 2 4121
 1678 3 1678 1 4131
 1681 4 1681 1 4141
 1681 5 1681 1 4141
 1685 3 1685 2 4151
 1685 4 1685 2 4151
 1695 4 1695 2 4161
 1696 3 1696 2 4171
 1696 4 1696 2 4171
 1697 3 1697 2 4181
 1701 2 1701 1 4191
 1701 3 1701 1 4191
 1715 4 1715 1 4201
 1721 3 1721 2 4211
 1722 5 1722 1 4221
 1726 4 1726 2 4231
 1726 5 1726 2 4231
 1727 4 1727 2 4241
 1727 5 1727 2 4241
 1732 3 1732 2 4251
 1760 3 1760 2 4261
 1762 2 1762 1 4271
 1762 3 1762 1 4271
 1765 4 1765 2 4281
 1765 6 1765 2 4281
 1777 2 1777 1 4291
 1777 3 1777 1 4291
 1778 3 1778 2 4301
 1778 4 1778 2 4301
 1787 3 1787 2 4311
 1787 4 1787 2 4311
 1788 3 1788 2 4321
 1790 3 1790 1 4331
 1790 4 1790 1 4331
 1791 5 1791 2 4341
 1792 7 1792 2 4351
 1792 9 1792 2 4351
 1794 3 1794 1 4361
 1795 2 1795 1 4371
 1798 3 1798 2 4381
 1800 4 1800 2 4391
 1802 4 1802 2 4401
 1812 5 1812 2 4411
 1814 4 1814 2 4421
 1818 3 1818 2 4431
 1818 4 1818 2 4431
 1820 3 1820 2 4441
 1822 4 1822 1 4451
 1822 5 1822 1 4451
 1830 3 1830 2 4461
 1830 4 1830 2 4461
 1837 3 1837 2 4471
 1837 4 1837 2 4471
 1839 5 1839 2 4481
 1858 2 1858 1 4491
 1864 4 1864 2 4501
 1866 3 1866 2 4511
 1866 4 1866 2 4511
 1869 3 1869 2 4521
 1869 4 1869 2 4521
 1877 3 1877 2 4531
 1877 4 1877 2 4531
 1879 4 1879 2 4541
 1879 5 1879 2 4541
 1882 3 1882 1 4551
 1882 4 1882 1 4551
 1886 4 1886 2 4561
 1886 6 1886 2 4561
 1891 4 1891 2 4571
 1891 5 1891 2 4571
 1900 3 1900 2 4581
 1900 5 1900 2 4581
 1902 4 1902 2 4591
 1902 5 1902 2 4591
 1904 2 1904 1 4601
 1906 3 1906 1 4611
 1906 4 1906 1 4611
 1907 3 1907 1 4621
 1907 4 1907 1 4621
 1909 3 1909 2 4631
 1910 5 1910 4 4641
 1915 3 1915 2 4651
 1915 4 1915 2 4651
 1919 5 1919 2 4661
 1919 6 1919 2 4661
 1921 3 1921 2 4671
 1921 5 1921 2 4671
 1926 3 1926 2 4681
 1928 4 1928 2 4691
 1928 5 1928 2 4691
 1932 3 1932 2 4701
 1932 4 1932 2 4701
 1943 4 1943 2 4711
 1944 2 1944 1 4721
 1944 4 1944 1 4721
 1948 2 1948 1 4731
 1948 3 1948 1 4731
 1950 3 1950 1 4741
 1961 4 1961 2 4751
 1961 8 1961 2 4751
 1972 3 1972 2 4761
 1974 4 1974 2 4771
 1976 4 1976 2 4781
 1984 5 1984 2 4791
 1989 3 1989 2 4801
 1990 5 1990 1 4811
 1990 6 1990 2 4812
 1993 3 1993 2 4821
 1995 2 1995 1 4831
 1997 5 1997 2 4841
 1998 3 1998 2 4851
 1998 4 1998 2 4851
 2001 3 2001 2 4861
 2001 4 2001 2 4861
 2014 4 2014 2 4871
 2014 5 2014 2 4871
 2024 4 2024 2 4881
 2024 5 2024 2 4881
 2029 3 2029 2 4891
 2029 4 2029 2 4891
 2030 4 2030 2 4901
 2035 3 2035 2 4911
 2035 4 2035 2 4911
 2039 3 2039 2 4921
 2045 3 2045 2 4931
 2048 3 2048 2 4941
 2048 4 2048 2 4941
 2049 3 2049 2 4951
 2049 4 2049 2 4951
 2057 5 2057 2 4961
 2058 5 2058 2 4971
 2059 3 2059 2 4981
 2059 4 2059 2 4981
 2066 3 2066 2 4991
 2071 4 2071 2 5001
 2077 4 2077 2 5011
 2079 3 2079 2 5021
 2079 4 2079 2 5021
 2084 3 2084 2 5031
 2084 4 2084 2 5031
 2089 8 2089 2 5041
 2092 2 2092 1 5051
 2099 2 2099 1 5061
 2099 3 2099 1 5061
 2102 5 2102 2 5071
 2102 6 2102 2 5071
 2103 3 2103 2 5081
 2104 4 2104 2 5091
 2106 3 2106 1 5101
 2110 3 2110 2 5111
 2110 4 2110 2 5111
 2116 3 2116 2 5121
 2117 3 2117 2 5131
 2121 3 2121 2 5141
 2122 3 2122 2 5151
 2124 7 2124 2 5161
 2126 3 2126 1 5171
 2126 4 2126 1 5171
 2127 2 2127 1 5181
 2129 3 2129 1 5191
 2132 3 2132 2 5201
 2137 2 2137 1 5211
 2139 2 2139 1 5221
 2139 4 2139 1 5221
 2140 4 2140 3 5231
 2144 4 2144 2 5241
 2145 2 2145 1 5251
 2145 3 2145 1 5251
 2153 3 2153 2 5261
 2153 4 2153 2 5261
 2156 3 2156 1 5271
 2156 4 2156 1 5271
 2159 3 2159 2 5281
 2159 4 2159 2 5281
 2160 3 2160 2 5291
 2170 3 2170 2 5301
 2178 5 2178 2 5311
 2178 6 2178 2 5311
 2179 2 2179 1 5321
 2179 3 2179 1 5321
 2182 3 2182 1 5331
 2182 4 2182 1 5331
 2192 3 2192 2 5341
 2193 2 2193 1 5351
 2193 3 2193 1 5351
 2196 3 2196 2 5361
 2200 4 2200 1 5371
 2200 5 2200 1 5371
 2204 3 2204 2 5381
 2208 3 2208 2 5391
 2208 4 2208 2 5391
 2216 4 2216 2 5401
 2220 4 2220 2 5411
 2220 5 2220 2 5411
 2226 2 2226 1 5421
 2226 3 2226 1 5421
 2233 4 2233 2 5431
 2233 5 2233 2 5431
 2234 5 2234 2 5441
 2234 7 2234 2 5441
 2244 3 2244 2 5451
 2244 4 2244 2 5451
 2256 4 2256 1 5461
 2259 3 2259 2 5471
 2259 4 2259 2 5471
 2283 3 2283 2 5481
 2285 2 2285 1 5491
 2289 4 2289 2 5501
 2289 5 2289 2 5501
 2294 3 2294 2 5511
 2294 4 2294 2 5511
 2306 3 2306 2 5521
 2311 3 2311 2 5531
 2312 3 2312 1 5541
 2312 4 2312 1 5541
 2315 4 2315 2 5551
 2317 4 2317 2 5561
 2319 4 2319 2 5571
 2319 5 2319 2 5571
 2322 3 2322 2 5581
 2322 4 2322 2 5581
 2324 3 2324 2 5591
 2324 4 2324 2 5591
 2326 5 2326 2 5601
 2330 2 2330 1 5611
 2332 3 2332 2 5621
 2339 5 2339 2 5631
 2344 3 2344 2 5641
 2344 4 2344 2 5641
 2349 3 2349 2 5651
 2354 2 2354 1 5661
 2360 4 2360 2 5671
 2366 3 2366 2 5681
 2367 3 2367 2 5691
 2368 3 2368 2 5701
 2372 4 2372 2 5711
 2372 5 2372 2 5711
 2387 2 2387 1 5721
 2387 3 2387 1 5721
 2390 6 2390 4 5731
 2390 7 2390 4 5731
 2392 2 2392 1 5741
 2395 3 2395 2 5751
 2395 4 2395 2 5751
 2403 3 2403 2 5761
 2408 3 2408 1 5771
 2408 4 2408 1 5771
 2411 2 2411 1 5781
 2420 2 2420 1 5791
 2420 3 2420 1 5791
 2421 3 2421 2 5801
 2422 3 2422 2 5811
 2426 3 2426 2 5821
 2427 3 2427 2 5831
 2439 3 2439 2 5841
 2442 3 2442 2 5851
 2442 4 2442 2 5851
 2444 5 2444 2 5861
 2444 6 2444 3 5862
 2446 2 2446 1 5871
 2448 3 2448 2 5881
 2450 3 2450 2 5891
 2450 7 2450 2 5891
 2460 3 2460 2 5901
 2460 4 2460 2 5901
 2464 3 2464 2 5911
 2464 4 2464 2 5911
 2470 3 2470 2 5921
 2475 3 2475 2 5931
 2475 4 2475 2 5931
 2479 4 2479 2 5941
 2482 5 2482 1 5951
 2482 6 2482 1 5951
 2486 3 2486 2 5961
 2488 4 2488 2 5971
 2493 3 2493 1 5981
 2493 4 2493 1 5981
 2494 3 2494 1 5991
 2520 3 2520 2 6001
 2520 4 2520 2 6001
 2525 4 2525 1 6011
 2525 6 2525 1 6011
 2531 3 2531 1 6021
 2531 4 2531 1 6021
 2536 3 2536 2 6031
 2537 3 2537 2 6041
 2542 3 2542 1 6051
 2548 3 2548 2 6061
 2554 3 2554 2 6071
 2558 3 2558 2 6081
 2558 4 2558 2 6081
 2561 2 2561 1 6091
 2562 3 2562 2 6101
 2562 4 2562 2 6101
 2570 5 2570 2 6111
 2572 3 2572 2 6121
 2572 4 2572 2 6121
 2574 3 2574 2 6131
 2574 4 2574 2 6131
 2576 4 2576 2 6141
 2578 2 2578 1 6151
 2588 3 2588 1 6161
 2597 3 2597 1 6171
 2597 4 2597 1 6171
 2599 3 2599 2 6181
 2608 3 2608 2 6191
 2608 4 2608 2 6191
 2618 5 2618 1 6201
 2631 4 2631 2 6211
 2632 3 2632 2 6221
 2635 4 2635 2 6231
 2639 3 2639 2 6241
 2645 3 2645 2 6251
 2663 5 2663 2 6261
 2663 6 2663 2 6261
 2664 3 2664 2 6271
 2667 3 2667 2 6281
 2675 3 2675 2 6291
 2675 4 2675 2 6291
 2676 3 2676 2 6301
 2685 5 2685 2 6311
 2687 2 2687 1 6321
 2694 3 2694 2 6331
 2696 2 2696 1 6341
 2704 2 2704 1 6351
 2708 4 2708 2 6361
 2715 3 2715 2 6371
 2715 4 2715 2 6371
 2718 3 2718 1 6381
 2718 4 2718 2 6382
 2719 3 2719 2 6391
 2726 3 2726 1 6401
 2732 3 2732 2 6411
 2732 4 2732 2 6411
 2736 3 2736 2 6421
 2738 5 2738 2 6431
 2745 3 2745 2 6441
 2752 2 2752 1 6451
 2754 3 2754 2 6461
 2754 4 2754 2 6461
 2755 3 2755 2 6471
 2756 3 2756 2 6481
 2761 3 2761 2 6491
 2761 4 2761 2 6491
 2762 3 2762 2 6501
 2771 4 2771 2 6511
 2782 2 2782 1 6521
 2783 3 2783 2 6531
 2783 5 2783 2 6531
 2785 2 2785 1 6541
 2793 3 2793 2 6551
 2798 5 2798 2 6561
 2804 4 2804 2 6571
 2804 5 2804 2 6571
 2814 3 2814 2 6581
 2814 4 2814 2 6581
 2817 3 2817 2 6591
 2819 4 2819 2 6601
 2819 5 2819 2 6601
 2826 3 2826 2 6611
 2830 3 2830 2 6621
 2833 5 2833 2 6631
 2834 2 2834 1 6641
 2834 4 2834 1 6641
 2837 4 2837 2 6651
 2837 5 2837 2 6651
 2838 3 2838 2 6661
 2838 6 2838 2 6661
 2848 2 2848 1 6671
 2849 6 2849 2 6681
 2849 7 2849 2 6681
 2850 5 2850 2 6691
 2852 4 2852 2 6701
 2852 5 2852 2 6701
 2854 4 2854 2 6711
 2857 3 2857 1 6721
 2862 3 2862 1 6731
 2867 3 2867 2 6741
 2867 4 2867 2 6741
 2868 2 2868 1 6751
 2868 3 2868 1 6751
 2870 2 2870 1 6761
 2878 3 2878 2 6771
 2881 3 2881 2 6781
 2881 4 2881 2 6781
 2882 3 2882 2 6791
 2885 3 2885 2 6801
 2885 4 2885 2 6801
 2887 4 2887 2 6811
 2887 5 2887 2 6811
 2891 3 2891 2 6821
 2903 4 2903 2 6831
 2909 3 2909 1 6841
 2909 4 2909 1 6841
 2914 3 2914 2 6851
 2918 3 2918 2 6861
 2918 4 2918 2 6861
 2923 3 2923 2 6871
 2925 4 2925 2 6881
 2928 3 2928 1 6891
 2928 4 2928 1 6891
 2929 4 2929 2 6901
 2938 2 2938 1 6911
 2945 3 2945 2 6921
 2945 4 2945 2 6921
 2946 3 2946 2 6931
 2946 4 2946 2 6931
 2947 3 2947 2 6941
 2950 3 2950 2 6951
 2950 4 2950 2 6951
 2951 4 2951 3 6961
 2951 5 2951 3 6961
 2955 2 2955 1 6971
 2957 3 2957 2 6981
 2962 3 2962 2 6991
 2966 4 2966 3 7001
 2970 5 2970 2 7011
 2980 3 2980 2 7021
 2980 4 2980 2 7021
 2991 5 2991 2 7031
 2991 6 2991 2 7031
 2994 2 2994 1 7041
 2995 2 2995 1 7051
 2995 3 2995 1 7051
 2997 3 2997 2 7061
 2997 4 2997 2 7061
 3000 3 3000 2 7071
 3000 4 3000 2 7071
 3002 3 3002 1 7081
 3005 3 3005 1 7091
 3005 4 3005 1 7091
 3014 3 3014 1 7101
 3019 2 3019 1 7111
 3019 3 3019 1 7111
 3022 3 3022 2 7121
 3028 6 3028 2 7131
 3028 7 3028 2 7131
 3032 3 3032 2 7141
 3036 3 3036 2 7151
 3041 3 3041 2 7161
 3046 4 3046 2 7171
 3046 5 3046 2 7171
 3053 3 3053 2 7181
 3053 4 3053 2 7181
 3054 4 3054 2 7191
 3063 2 3063 1 7201
 3063 3 3063 1 7201
 3067 3 3067 2 7211
 3067 4 3067 2 7211
 3068 4 3068 2 7221
 3071 3 3071 2 7231
 3071 4 3071 2 7231
 3074 3 3074 2 7241
 3077 3 3077 2 7251
 3077 4 3077 2 7251
 3085 3 3085 1 7261
 3085 4 3085 1 7261
 3093 4 3093 2 7271
 3095 3 3095 2 7281
 3095 4 3095 2 7281
 3099 4 3099 1 7291
 3099 5 3099 1 7291
 3100 3 3100 2 7301
 3103 2 3103 1 7311
 3103 3 3103 1 7311
 3121 3 3121 2 7321
 3121 5 3121 2 7321
 3122 5 3122 2 7331
 3128 3 3128 2 7341
 3131 4 3131 2 7351
 3138 2 3138 1 7361
 3144 2 3144 1 7371
 3144 3 3144 1 7371
 3153 6 3153 2 7381
 3160 3 3160 2 7391
 3163 4 3163 2 7401
 3163 5 3163 2 7401
 3164 3 3164 2 7411
 3168 4 3168 2 7421
 3168 5 3168 2 7421
 3169 2 3169 1 7431
 3170 3 3170 1 7441
 3180 5 3180 2 7451
 3180 6 3180 2 7451
 3184 3 3184 2 7461
 3184 4 3184 2 7461
 3189 4 3189 2 7471
 3192 3 3192 2 7481
 3192 5 3192 2 7481
 3195 5 3195 2 7491
 3196 4 3196 1 7501
 3196 5 3196 1 7501
 3198 3 3198 2 7511
 3198 4 3198 2 7511
 3202 3 3202 1 7521
 3203 3 3203 2 7531
 3205 3 3205 2 7541
 3207 4 3207 1 7551
 3219 2 3219 1 7561
 3219 3 3219 1 7561
 3223 3 3223 2 7571
 3223 4 3223 2 7571
 3225 3 3225 1 7581
 3225 4 3225 1 7581
 3228 2 3228 1 7591
 3231 4 3231 2 7601
 3232 3 3232 2 7611
 3232 5 3232 2 7611
 3235 3 3235 2 7621
 3235 4 3235 2 7621
 3241 3 3241 2 7631
 3251 5 3251 2 7641
 3258 3 3258 2 7651
 3258 4 3258 2 7651
 3259 3 3259 2 7661
 3259 4 3259 2 7661
 3260 2 3260 1 7671
 3260 3 3260 1 7671
 3267 3 3267 2 7681
 3269 4 3269 2 7691
 3269 5 3269 2 7691
 3273 3 3273 1 7701
 3275 3 3275 1 7711
 3275 4 3275 1 7711
 3278 4 3278 2 7721
 3283 2 3283 1 7731
 3293 2 3293 1 7741
 3293 3 3293 1 7741
 3297 3 3297 2 7751
 3297 4 3297 2 7751
 3298 4 3298 2 7761
 3308 4 3308 1 7771
 3308 5 3308 1 7771
 3310 2 3310 1 7781
 3312 2 3312 1 7791
 3318 3 3318 2 7801
 3318 5 3318 2 7801
 3322 3 3322 1 7811
 3330 3 3330 2 7821
 3337 5 3337 1 7831
 3338 5 3338 2 7841
 3340 3 3340 2 7851
 3345 4 3345 2 7861
 3348 3 3348 2 7871
 3348 4 3348 2 7871
 3357 4 3357 2 7881
 3359 3 3359 2 7891
 3360 3 3360 2 7901
 3360 4 3360 2 7901
 3364 2 3364 1 7911
 3364 3 3364 1 7911
 3367 2 3367 1 7921
 3368 3 3368 2 7931
 3368 5 3368 2 7931
 3378 4 3378 2 7941
 3380 4 3380 2 7951
 3380 5 3380 2 7951
 3381 3 3381 2 7961
 3381 4 3381 2 7961
 3383 4 3383 2 7971
 3390 4 3390 2 7981
 3391 3 3391 1 7991
 3391 4 3391 1 7991
 3394 3 3394 2 8001
 3396 4 3396 1 8011
 3397 2 3397 1 8021
 3399 5 3399 7 8031
 3399 6 3399 7 8031
 3400 3 3400 1 8041
 3401 3 3401 2 8051
 3401 4 3401 2 8051
 3402 2 3402 1 8061
 3402 3 3402 1 8061
 3403 3 3403 2 8071
 3403 4 3403 2 8071
 3406 3 3406 2 8081
 3409 3 3409 2 8091
 3409 4 3409 2 8091
 3411 2 3411 1 8101
 3414 3 3414 2 8111
 3415 4 3415 1 8121
 3420 3 3420 2 8131
 3424 4 3424 1 8141
 3427 3 3427 2 8151
 3427 4 3427 2 8151
 3432 3 3432 2 8161
 3432 4 3432 2 8161
 3434 3 3434 1 8171
 3443 5 3443 2 8181
 3444 3 3444 2 8191
 3444 4 3444 2 8191
 3446 3 3446 2 8201
 3446 4 3446 2 8201
 3452 3 3452 2 8211
 3457 4 3457 2 8221
 3460 3 3460 2 8231
 3460 4 3460 2 8231
 3462 2 3462 1 8241
 3463 3 3463 2 8251
 3478 3 3478 2 8261
 3478 5 3478 2 8261
 3482 3 3482 2 8271
 3482 4 3482 2 8271
 3491 3 3491 2 8281
 3491 4 3491 2 8281
 3495 3 3495 2 8291
 3495 4 3495 2 8291
 3496 2 3496 1 8301
 3497 2 3497 1 8311
 3501 2 3501 1 8321
 3510 4 3510 2 8331
 3510 5 3510 2 8331
 3513 2 3513 1 8341
 3513 3 3513 1 8341
 3515 2 3515 1 8351
 3515 3 3515 1 8351
 3516 3 3516 2 8361
 3516 4 3516 2 8361
 3517 3 3517 2 8371
 3517 4 3517 2 8371
 3520 3 3520 2 8381
 3527 5 3527 3 8391
 3530 5 3530 2 8401
 3534 3 3534 2 8411
 3535 4 3535 2 8421
 3538 5 3538 1 8431
 3538 6 3538 1 8431
 3541 3 3541 2 8441
 3542 3 3542 2 8451
 3542 4 3542 2 8451
 3548 3 3548 2 8461
 3549 3 3549 2 8471
 3558 2 3558 1 8481
 3560 5 3560 4 8491
 3560 6 3560 4 8491
 3563 3 3563 2 8501
 3564 4 3564 2 8511
 3566 4 3566 1 8521
 3566 5 3566 3 8522
 3568 3 3568 2 8531
 3568 4 3568 2 8531
 3569 3 3569 2 8541
 3578 2 3578 1 8551
 3585 4 3585 2 8561
 3586 4 3586 2 8571
 3588 3 3588 2 8581
 3588 5 3588 2 8581
 3589 2 3589 1 8591
 3592 3 3592 2 8601
 3594 4 3594 2 8611
 3594 5 3594 2 8611
 3603 3 3603 2 8621
 3603 4 3603 2 8621
 3613 3 3613 2 8631
 3613 4 3613 2 8631
 3622 3 3622 2 8641
 3622 4 3622 2 8641
 3626 4 3626 2 8651
 3628 3 3628 1 8661
 3630 2 3630 1 8671
 3630 4 3630 1 8671
 3632 3 3632 2 8681
 3632 4 3632 2 8681
 3633 5 3633 2 8691
 3639 3 3639 2 8701
 3639 4 3639 2 8701
 3641 3 3641 2 8711
 3646 3 3646 2 8721
 3651 3 3651 2 8731
 3656 3 3656 2 8741
 3656 4 3656 2 8741
 3658 2 3658 1 8751
 3660 2 3660 1 8761
 3661 4 3661 2 8771
 3666 2 3666 1 8781
 3666 3 3666 1 8781
 3667 3 3667 1 8791
 3667 4 3667 1 8791
 3668 3 3668 1 8801
 3668 4 3668 1 8801
 3675 3 3675 2 8811
 3677 3 3677 2 8821
 3677 4 3677 2 8821
 3704 4 3704 2 8831
 3704 5 3704 2 8831
 3711 3 3711 2 8841
 3711 4 3711 2 8841
 3713 4 3713 2 8851
 3713 5 3713 2 8851
 3715 2 3715 1 8861
 3716 3 3716 2 8871
 3716 4 3716 2 8871
 3717 4 3717 2 8881
 3717 5 3717 2 8881
 3728 2 3728 1 8891
 3736 4 3736 2 8901
 3736 5 3736 2 8901
 3737 3 3737 2 8911
 3737 4 3737 2 8911
 3741 5 3741 2 8921
 3742 4 3742 2 8931
 3743 3 3743 2 8941
 3746 5 3746 2 8951
 3746 6 3746 2 8951
 3747 3 3747 2 8961
 3753 2 3753 1 8971
 3757 4 3757 2 8981
 3757 5 3757 2 8981
 3764 7 3764 5 8991
 3764 8 3764 5 8991
 3771 3 3771 2 9001
 3773 3 3773 2 9011
 3774 4 3774 2 9021
 3778 4 3778 2 9031
 3780 2 3780 1 9041
 3780 5 3780 1 9041
 3786 3 3786 2 9051
 3786 4 3786 2 9051
 3788 6 3788 4 9061
 3794 3 3794 2 9071
 3797 3 3797 2 9081
 3802 4 3802 2 9091
 3806 2 3806 1 9101
 3806 3 3806 1 9101
 3807 3 3807 1 9111
 3807 4 3807 2 9112
 3817 3 3817 2 9121
 3817 4 3817 2 9121
 3818 3 3818 2 9131
 3818 4 3818 2 9131
 3822 2 3822 1 9141
 3822 3 3822 1 9141
 3823 3 3823 2 9151
 3823 4 3823 2 9151
 3826 3 3826 1 9161
 3833 3 3833 2 9171
 3833 4 3833 2 9171
 3843 3 3843 2 9181
 3845 3 3845 2 9191
 3845 5 3845 2 9191
 3851 4 3851 2 9201
 3852 3 3852 2 9211
 3854 4 3854 2 9221
 3858 3 3858 2 9231
 3861 4 3861 2 9241
 3861 5 3861 2 9241
 3868 5 3868 1 9251
 3868 6 3868 1 9251
 3869 3 3869 2 9261
 3869 4 3869 2 9261
 3871 3 3871 2 9271
 3872 4 3872 2 9281
 3872 5 3872 2 9281
 3882 2 3882 1 9291
 3883 3 3883 2 9301
 3883 4 3883 2 9301
 3888 3 3888 2 9311
 3888 4 3888 2 9311
 3889 3 3889 2 9321
 3889 4 3889 2 9321
 3902 3 3902 2 9331
 3902 4 3902 2 9331
 3906 3 3906 2 9341
 3911 3 3911 2 9351
 3913 4 3913 2 9361
 3913 5 3913 3 9362
 3918 3 3918 2 9371
 3918 4 3918 2 9371
 3925 3 3925 2 9381
 3925 4 3925 2 9381
 3930 4 3930 2 9391
 3931 3 3931 2 9401
 3931 5 3931 2 9401
 3940 4 3940 2 9411
 3942 3 3942 2 9421
 3943 3 3943 2 9431
 3943 4 3943 2 9431
 3944 2 3944 1 9441
 3944 3 3944 1 9441
 3956 4 3956 2 9451
 3956 5 3956 2 9451
 3957 3 3957 1 9461
 3957 4 3957 1 9461
 3960 3 3960 1 9471
 3960 4 3960 1 9471
 3965 3 3965 1 9481
 3965 5 3965 1 9481
 3966 2 3966 1 9491
 3974 5 3974 2 9501
 3976 6 3976 1 9511
 3976 7 3976 1 9511
 3981 2 3981 1 9521
 3981 3 3981 1 9521
 3983 5 3983 2 9531
 3985 3 3985 2 9541
 3987 3 3987 2 9551
 3987 4 3987 2 9551
 3988 2 3988 1 9561
 3992 4 3992 2 9571
 3992 5 3992 2 9571
 3994 2 3994 1 9581
 3996 4 3996 2 9591
 3996 5 3996 2 9591
 4006 2 4006 1 9601
 4006 3 4006 1 9601
 4009 3 4009 2 9611
 4009 4 4009 2 9611
 4010 3 4010 2 9621
 4010 4 4010 2 9621
 4011 3 4011 2 9631
 4011 4 4011 2 9631
 4016 4 4016 3 9641
 4019 6 4019 4 9651
 4021 4 4021 1 9661
 4022 3 4022 2 9671
 4022 4 4022 2 9671
 4027 3 4027 2 9681
 4029 2 4029 1 9691
 4029 3 4029 1 9691
 4038 4 4038 2 9701
 4039 4 4039 1 9711
 4047 5 4047 2 9721
 4049 2 4049 1 9731
 4052 4 4052 1 9741
 4054 4 4054 2 9751
 4055 3 4055 1 9761
 4061 3 4061 1 9771
 4067 4 4067 1 9781
 4071 3 4071 1 9791
 4071 4 4071 1 9791
 4084 3 4084 2 9801
 4094 2 4094 1 9811
 4098 2 4098 1 9821
 4105 3 4105 2 9831
 4105 5 4105 2 9831
 4107 3 4107 2 9841
 4112 2 4112 1 9851
 4113 2 4113 1 9861
 4113 3 4113 1 9861
 4119 2 4119 1 9871
 4126 4 4126 2 9881
 4126 5 4126 2 9881
 4127 3 4127 2 9891
 4128 3 4128 2 9901
 4128 4 4128 2 9901
 4129 2 4129 1 9911
 4129 3 4129 1 9911
 4136 3 4136 2 9921
 4136 4 4136 2 9921
 4138 3 4138 2 9931
 4138 4 4138 2 9931
 4140 7 4140 3 9941
 4140 8 4140 3 9941
 4141 3 4141 2 9951
 4141 4 4141 2 9951
 4145 4 4145 2 9961
 4146 3 4146 1 9971
 4149 5 4149 2 9981
 4149 6 4149 2 9981
 4152 5 4152 1 9991
 4153 2 4153 110001
 4153 4 4153 110001
 4162 2 4162 110011
 4167 3 4167 210021
 4167 4 4167 210021
 4169 4 4169 210031
 4173 2 4173 110041
 4173 4 4173 110041
 4181 4 4181 210051
 4187 3 4187 210061
 4196 3 4196 210071
 4205 3 4205 210081
 4205 4 4205 210081
 4211 3 4211 210091
 4211 4 4211 210091
 4219 2 4219 110101
 4219 4 4219 110101
 4220 3 4220 210111
 4220 4 4220 210111
 4221 4 4221 210121
 4227 4 4227 210131
 4229 2 4229 110141
 4229 4 4229 110141
 4230 2 4230 110151
 4231 3 4231 210161
 4233 4 4233 210171
 4236 3 4236 110181
 4238 3 4238 210191
 4238 4 4238 210191
 4239 2 4239 110201
 4242 4 4242 210211
 4246 2 4246 110221
 4246 3 4246 110221
 4249 4 4249 210231
 4254 3 4254 210241
 4254 4 4254 210241
 4264 3 4264 210251
 4264 4 4264 210251
 4267 4 4267 210261
 4267 5 4267 210261
 4277 3 4277 210271
 4285 4 4285 110281
 4287 3 4287 210291
 4288 3 4288 210301
 4288 4 4288 210301
 4289 3 4289 210311
 4296 3 4296 210321
 4296 4 4296 210321
 4301 4 4301 210331
 4304 3 4304 210341
 4304 4 4304 210341
 4312 6 4312 110351
 4312 7 4312 110351
 4317 3 4317 110361
 4317 4 4317 110361
 4321 3 4321 110371
 4326 6 4326 210381
 4329 4 4329 210391
 4329 5 4329 210391
 4339 4 4339 210401
 4339 5 4339 210401
 4343 4 4343 210411
 4359 4 4359 110421
 4359 5 4359 110421
 4360 3 4360 210431
 4360 4 4360 210431
 4361 2 4361 110441
 4365 5 4365 210451
 4370 3 4370 210461
 4370 4 4370 210461
 4373 2 4373 110471
 4377 4 4377 210481
 4385 3 4385 210491
 4385 4 4385 210491
 4397 3 4397 210501
 4397 4 4397 210501
 4402 3 4402 210511
 4404 3 4404 210521
 4404 4 4404 210521
 4405 3 4405 210531
 4405 4 4405 210531
 4411 2 4411 110541
 4416 4 4416 210551
 4416 5 4416 210551
 4418 3 4418 110561
 4418 4 4418 110561
 4419 3 4419 210571
 4420 3 4420 210581
 4430 6 4430 210591
 4442 4 4442 210601
 4443 2 4443 110611
 4443 4 4443 110611
 4453 2 4453 110621
 4453 4 4453 110621
 4455 4 4455 210631
 4455 6 4455 210631
 4461 3 4461 210641
 4461 4 4461 210641
 4464 4 4464 210651
 4469 4 4469 210661
 4470 2 4470 110671
 4471 4 4471 210681
 4475 4 4475 210691
 4476 2 4476 110701
 4476 3 4476 110701
 4484 5 4484 210711
 4500 2 4500 110721
 4500 3 4500 110721
 4501 3 4501 210731
 4501 4 4501 210731
 4504 3 4504 210741
 4506 3 4506 110751
 4506 4 4506 110751
 4507 4 4507 210761
 4529 2 4529 110771
 4529 3 4529 110771
 4530 3 4530 110781
 4530 4 4530 110781
 4531 4 4531 210791
 4536 3 4536 210801
 4536 4 4536 210801
 4543 5 4543 210811
 4543 6 4543 210811
 4550 2 4550 110821
 4550 3 4550 110821
 4565 4 4565 110831
 4565 5 4565 110831
 4572 3 4572 210841
 4572 4 4572 210841
 4574 3 4574 210851
 4574 4 4574 210851
 4587 4 4587 110861
 4587 5 4587 110861
 4588 3 4588 210871
 4599 2 4599 110881
 4601 3 4601 210891
 4601 4 4601 210891
 4602 6 4602 210901
 4616 2 4616 110911
 4616 3 4616 110911
 4633 4 4633 210921
 4641 3 4641 210931
 4648 3 4648 210941
 4648 4 4648 210941
 4650 2 4650 110951
 4650 3 4650 110951
 4651 4 4651 110961
 4658 3 4658 210971
 4665 3 4665 210981
 4665 4 4665 210981
 4672 3 4672 210991
 4672 4 4672 210991
 4678 3 4678 111001
 4678 4 4678 111001
 4687 3 4687 211011
 4687 4 4687 211011
 4688 2 4688 111021
 4688 4 4688 111021
 4694 6 4694 211031
 4697 3 4697 211041
 4697 4 4697 211041
 4704 3 4704 211051
 4704 4 4704 211051
 4706 3 4706 111061
 4706 4 4706 211062
 4707 5 4707 211071
 4707 6 4707 211071
 4710 3 4710 211081
 4710 4 4710 211081
 4711 5 4711 211091
 4716 4 4716 211101
 4718 3 4718 211111
 4720 3 4720 211121
 4725 3 4725 111131
 4726 5 4726 211141
 4727 4 4727 311151
 4731 3 4731 211161
 4734 5 4734 211171
 4739 5 4739 211181
 4757 4 4757 211191
 4764 2 4764 111201
 4764 3 4764 111201
 4766 3 4766 211211
 4766 4 4766 211211
 4767 8 4767 211221
 4767 9 4767 511222
 4769 5 4769 211231
 4769 7 4769 211231
 4770 4 4770 211241
 4771 2 4771 111251
 4772 3 4772 211261
 4772 4 4772 211261
 4777 3 4777 211271
 4781 4 4781 111281
 4781 5 4781 111281
 4788 4 4788 211291
 4788 5 4788 211291
 4791 3 4791 211301
 4799 5 4799 211311
 4803 3 4803 111321
 4809 2 4809 111331
 4816 5 4816 211341
 4816 6 4816 211341
 4818 3 4818 111351
 4820 2 4820 111361
 4820 3 4820 111361
 4821 5 4821 211371
 4823 4 4823 211381
 4823 5 4823 211381
 4828 3 4828 211391
 4828 4 4828 211391
 4832 5 4832 211401
 4832 6 4832 211401
 4838 5 4838 411411
 4847 3 4847 211421
 4857 5 4857 211431
 4857 6 4857 211431
 4859 5 4859 111441
 4859 6 4859 111441
 4863 2 4863 111451
 4863 4 4863 111451
 4874 4 4874 211461
 4885 5 4885 211471
 4885 6 4885 211471
 4886 2 4886 111481
 4891 4 4891 211491
 4894 3 4894 211501
 4900 3 4900 211511
 4900 4 4900 211511
 4901 5 4901 211521
 4911 3 4911 211531
 4911 5 4911 211531
 4914 4 4914 211541
 4915 2 4915 111551
 4924 2 4924 111561
 4925 3 4925 111571
 4926 5 4926 211581
 4926 7 4926 211581
 4927 3 4927 211591
 4927 4 4927 211591
 4937 3 4937 211601
 4938 5 4938 211611
 4939 3 4939 211621
 4939 4 4939 211621
 4941 5 4941 211631
 4941 6 4941 211631
 4948 3 4948 211641
 4958 2 4958 111651
 4958 3 4958 111651
 4962 2 4962 111661
 4962 3 4962 111661
 4966 3 4966 211671
 4966 4 4966 211671
 4971 3 4971 211681
 4971 4 4971 211681
 4981 3 4981 211691
 4983 4 4983 211701
 4983 5 4983 311702
 4988 3 4988 211711
 4990 3 4990 211721
 4991 2 4991 111731
 5002 2 5002 111741
 5014 3 5014 211751
 5016 2 5016 111761
 5017 3 5017 211771
 5017 4 5017 211771
 5032 4 5032 211781
 5033 3 5033 211791
 5033 4 5033 211791
 5034 4 5034 211801
 5037 3 5037 211811
 5046 4 5046 211821
 5049 3 5049 111831
 5052 3 5052 211841
 5052 4 5052 211841
 5053 5 5053 211851
 5053 6 5053 211851
 5054 2 5054 111861
 5055 4 5055 211871
 5063 4 5063 211881
 5063 5 5063 211881
 5064 4 5064 111891
 5069 3 5069 211901
 5071 3 5071 111911
 5077 3 5077 211921
 5078 3 5078 211931
 5078 5 5078 211931
 5087 3 5087 211941
 5094 3 5094 211951
 5094 4 5094 211951
 5098 3 5098 211961
 5102 3 5102 111971
 5104 3 5104 211981
 5104 5 5104 211981
 5106 2 5106 111991
 5108 3 5108 212001
 5113 3 5113 212011
 5113 4 5113 212011
 5114 3 5114 112021
 5115 3 5115 212031
 5116 3 5116 212041
 5117 4 5117 212051
 5120 2 5120 112061
 5127 3 5127 212071
 5127 5 5127 212071
 5131 3 5131 212081
 5138 3 5138 212091
 5142 3 5142 212101
 5143 3 5143 212111
 5146 2 5146 112121
 5147 3 5147 112131
 5152 3 5152 212141
 5153 4 5153 112151
 5154 4 5154 212161
 5154 5 5154 212161
 5156 3 5156 212171
 5162 4 5162 212181
 5162 5 5162 212181
 5165 3 5165 112191
 5174 2 5174 112201
 5174 3 5174 112201
 5176 3 5176 212211
 5177 4 5177 212221
 5179 2 5179 112231
 5180 3 5180 212241
 5181 5 5181 212251
 5195 3 5195 212261
 5197 2 5197 112271
 5201 2 5201 112281
 5201 3 5201 112281
 5202 3 5202 212291
 5215 4 5215 212301
 5217 4 5217 212311
 5217 5 5217 212311
 5220 3 5220 212321
 5225 3 5225 212331
 5226 2 5226 112341
 5246 3 5246 212351
 5247 3 5247 212361
 5247 4 5247 212361
 5256 3 5256 212371
 5256 4 5256 212371
 5261 3 5261 212381
 5261 4 5261 212381
 5264 3 5264 112391
 5271 3 5271 112401
 5271 4 5271 212402
 5280 4 5280 112411
 5280 5 5280 112411
 5281 4 5281 212421
 5284 2 5284 112431
 5284 3 5284 112431
 5285 3 5285 212441
 5285 4 5285 212441
 5288 3 5288 212451
 5288 4 5288 212451
 5295 2 5295 112461
 5295 3 5295 112461
 5299 5 5299 112471
 5299 6 5299 212472
 5302 3 5302 212481
 5306 3 5306 212491
 5306 4 5306 212491
 5308 3 5308 212501
 5308 4 5308 212501
 5311 3 5311 212511
 5315 3 5315 212521
 5315 4 5315 212521
 5316 2 5316 112531
 5316 3 5316 112531
 5322 3 5322 212541
 5323 3 5323 212551
 5326 3 5326 212561
 5326 4 5326 212561
 5328 2 5328 112571
 5328 3 5328 112571
 5332 3 5332 212581
 5335 4 5335 112591
 5338 3 5338 112601
 5338 5 5338 412602
 5341 4 5341 212611
 5345 4 5345 212621
 5345 5 5345 212621
 5348 2 5348 112631
 5349 5 5349 212641
 5357 2 5357 112651
 5359 3 5359 212661
 5359 5 5359 212661
 5361 3 5361 212671
 5370 3 5370 112681
 5370 4 5370 112681
 5383 4 5383 212691
 5383 5 5383 212691
 5390 3 5390 212701
 5390 4 5390 212701
 5394 5 5394 212711
 5398 5 5398 412721
 5402 3 5402 212731
 5410 3 5410 212741
 5413 2 5413 112751
 5413 4 5413 112751
 5431 3 5431 212761
 5435 3 5435 212771
 5438 2 5438 112781
 5445 5 5445 312791
 5445 6 5445 312791
 5451 2 5451 112801
 5451 8 5451 312802
 5452 3 5452 212811
 5458 2 5458 112821
 5458 3 5458 112821
 5463 3 5463 112831
 5463 4 5463 112831
 5473 3 5473 212841
 5475 2 5475 112851
 5497 3 5497 212861
 5497 4 5497 212861
 5501 3 5501 212871
 5514 5 5514 412881
 5514 7 5514 412881
 5517 3 5517 212891
 5517 4 5517 212891
 5518 3 5518 212902
 5518 4 5518 112901
 5521 2 5521 112911
 5521 3 5521 112911
 5522 3 5522 212921
 5522 4 5522 212921
 5531 3 5531 112931
 5534 3 5534 212941
 5539 4 5539 212951
 5540 3 5540 212961
 5542 4 5542 212971
 5553 3 5553 212981
 5554 3 5554 212991
 5558 3 5558 213001
 5562 3 5562 213011
 5562 4 5562 213011
 5569 3 5569 213021
 5569 4 5569 213021
 5579 3 5579 213031
 5579 4 5579 213031
 5580 3 5580 113041
 5580 4 5580 113041
 5590 3 5590 113051
 5590 4 5590 113051
 5605 3 5605 213061
 5605 4 5605 213061
 5613 3 5613 213071
 5613 5 5613 213071
 5623 2 5623 113081
 5624 2 5624 113091
 5626 3 5626 213101
 5626 4 5626 213101
 5627 3 5627 113111
 5630 4 5630 213121
 5630 5 5630 213121
 5632 3 5632 213131
 5632 4 5632 213131
 5636 3 5636 213141
 5641 4 5641 113151
 5641 5 5641 113151
 5646 4 5646 213161
 5649 4 5649 213171
 5657 3 5657 213181
 5658 2 5658 113191
 5661 4 5661 213201
 5662 5 5662 213211
 5662 6 5662 213211
 5663 2 5663 113221
 5663 3 5663 113221
 5669 3 5669 113231
 5674 3 5674 213241
 5680 4 5680 213251
 5680 5 5680 213251
 5692 3 5692 113261
 5694 2 5694 113271
 5695 4 5695 213281
 5695 5 5695 213281
 5705 6 5705 413291
 5727 3 5727 113301
 5731 3 5731 213311
 5731 4 5731 213311
 5739 2 5739 113321
 5739 3 5739 113321
 5745 3 5745 213331
 5754 3 5754 213341
 5755 3 5755 213351
 5760 3 5760 113361
 5760 4 5760 113361
 5764 4 5764 213371
 5768 3 5768 213381
 5768 4 5768 213381
 5774 2 5774 113391
 5774 3 5774 113391
 5777 5 5777 113401
 5783 2 5783 113411
 5793 2 5793 113421
 5794 4 5794 213431
 5796 3 5796 213441
 5827 3 5827 213451
 5839 3 5839 213461
 5840 3 5840 213471
 5845 2 5845 113481
 5854 3 5854 213491
 5854 4 5854 213491
 5860 4 5860 213501
 5861 3 5861 113511
 5892 6 5892 313521
 5898 3 5898 213531
 5905 3 5905 213541
 5914 4 5914 113551
 5914 5 5914 113551
 5931 4 5931 213561
 5931 5 5931 213561
 5934 4 5934 213571
 5936 2 5936 113581
 5938 3 5938 213591
 5941 3 5941 213601
 5941 4 5941 213601
 5951 3 5951 213611
 5983 3 5983 213621
 5991 4 5991 213631
 5992 3 5992 113641
 5999 3 5999 213651
 6000 4 6000 113661
 6000 6 6000 113661
 6007 3 6007 213671
 6007 4 6007 213671
 6035 3 6035 213681
 6041 2 6041 113691
 6046 3 6046 113701
 6053 2 6053 113711
 6056 2 6056 113721
 6060 2 6060 113731
 6060 3 6060 113731
 6062 3 6062 213741
 6062 4 6062 213741
 6064 2 6064 113751
 6064 4 6064 113751
 6074 2 6074 113761
 6097 4 6097 213771
 6097 5 6097 213771
 6100 3 6100 213781
 6110 3 6110 113791
 6123 4 6123 213801
 6128 3 6128 113811
 6128 5 6128 113811
 6131 2 6131 113821
 6145 3 6145 213831
 6145 4 6145 213831
 6150 2 6150 113841
 6182 2 6182 113851
 6186 4 6186 213861
 6186 5 6186 213861
 6189 3 6189 113871
 6216 2 6216 113881
 6216 3 6216 113881
 6223 2 6223 113891
 6234 2 6234 113901
 6236 2 6236 113911
 6240 3 6240 213921
 6242 3 6242 213931
 6242 5 6242 213931
 6257 2 6257 113941
 6257 3 6257 113941
 6260 3 6260 113951
 6264 3 6264 213961
 6272 3 6272 213971
 6272 4 6272 213971
 6279 3 6279 213981
 6279 4 6279 213981
 6296 5 6296 113991
 6296 6 6296 113991
 6299 4 6299 214001
 6299 5 6299 214001
 6302 4 6302 214011
 6302 5 6302 214011
 6303 6 6303 114021
 6313 2 6313 114031
 6313 4 6313 114031
 6331 4 6331 114041
 6331 5 6331 114041
 6337 3 6337 114051
 6337 4 6337 214052
 6344 2 6344 114061
 6349 5 6349 214071
10003 610003 214081
10003 710003 214081
10007 410007 214091
10008 310008 214101
10010 410010 214111
10012 310012 214121
10012 510012 214121
10014 210014 114131
10018 310018 114141
10019 310019 114151
10019 410019 114151
10022 410022 314162
10022 510022 214161
10026 310026 214171
10028 410028 214181
10028 510028 214181
10034 310034 214191
10034 410034 214191
10037 210037 114201
10038 310038 214211
10038 410038 214211
10039 410039 214221
10039 510039 214221
10047 310047 214231
10047 410047 214231
10051 210051 114241
10052 410052 214251
10053 310053 214261
10053 410053 214261
10056 310056 214271
10056 410056 214271
10057 310057 214281
10057 410057 214281
10059 410059 214291
10059 710059 214291
10066 410066 214301
10066 510066 214301
10067 310067 214311
10067 610067 214311
10071 310071 214321
10071 410071 214321
10072 310072 214331
10072 410072 214331
10076 310076 214341
10076 410076 214341
10077 510077 214351
10077 610077 214351
10080 410080 214361
10080 510080 214361
10081 310081 214371
10081 410081 214371
10083 410083 214381
10083 510083 214381
10085 310085 214391
10085 410085 214391
10087 210087 114401
10089 310089 214411
10089 510089 214411
10090 410090 214421
10095 510095 214431
10097 410097 214441
10097 510097 214441
10106 310106 214451
10106 410106 214451
10111 310111 214461
10111 410111 214461
10112 310112 214471
10112 410112 214471
10115 310115 214481
10115 610115 214481
10120 310120 214491
10123 310123 214501
10127 310127 114511
10131 410131 214521
10132 310132 214531
10134 310134 214541
10134 410134 214541
10136 210136 114551
10149 310149 214561
10152 310152 214571
10152 410152 214571
10165 510165 214581
10165 610165 214581
10167 310167 214591
10171 310171 214601
10171 410171 214601
10173 410173 214611
10177 510177 214621
10177 610177 214621
10195 310195 214631
10195 410195 214631
10196 510196 214641
10201 610201 214651
10218 410218 214661
10218 510218 214661
10219 310219 214671
10225 310225 114681
10225 410225 114681
10228 210228 114691
10232 410232 214701
10242 310242 214711
10242 410242 214711
10243 410243 214721
10243 710243 214721
10245 310245 114731
10245 410245 114731
10250 210250 114741
10250 310250 114741
10251 510251 214751
10251 710251 214751
10262 310262 214761
10269 710269 614771
10269 810269 614771
10270 610270 414781
10270 710270 414781
10271 210271 114791
10272 610272 314801
10291 310291 214811
10291 410291 214811
10292 410292 314821
10293 210293 114831
10297 610297 514841
10303 310303 214851
10303 610303 214851
10306 310306 214861
10309 410309 214871
10309 510309 214871
10327 310327 214881
10328 510328 214891
10328 610328 214891
10331 410331 214901
10332 310332 214911
10344 310344 214921
10344 510344 214921
10346 510346 214931
10349 310349 214941
10349 710349 614942
10352 310352 214951
10357 510357 414961
10360 310360 214971
10363 410363 314981
10363 510363 314981
10367 310367 214991
10367 410367 214991
10368 310368 215001
10368 410368 215001
10379 510379 415011
10381 710381 215021
10381 810381 215021
10388 710388 315031
10395 210395 115041
10398 410398 215051
10404 410404 215061
10408 610408 215071
10408 710408 215071
10409 310409 215081
10409 410409 215081
10412 410412 215091
10415 310415 215101
10429 310429 215111
10434 410434 115121
10434 510434 115121
10437 410437 215131
10437 510437 215131
