3 2732 4 3 9.0 01515115 0 9.01111122315005400055 14 3 40  25  0  0.00  0  0.00  0  0.00 12  0.00 28  0.00  0  0.00  0  0.00 37  0.00  0  0.00  1  0.00  1  0.00  1  0.00  0  0.00  0  0.00  0  0.00213000000000001  85.005555  00000 01155555  0  0 2 0 0 0 01 7.0 2  0.0 0  0.0 0  0.0 0  0.0 0  0.0 0  0.0 0  0.00 0  0.00 0  0.00 0  0.00 0  0.00 2  0.00 0  0.00 0  0.00  2999999 0 099999.0012000.009999.001511 60.003100.00  0.00  0.00  0.00  0.00  0.00  0.00  0.00
3  475 3 3 6.0 01515155 0 9.01111122324005760055 18 6 60  21  0  0.00  0  0.00999999.00999999.00999999.00999999.00  0  0.00999999.00999999.00999999.00999999.00999999.00999999.00  0  0.00  0  0.00113000000000001   3.001515  00000 01155555  0  0 3 0 1 0 0118.0 0 99.999999.099999.099999.099999.099999.0 0  0.00 0  0.00 0  0.00 0  0.00 0100.00 0  0.00 0  0.00 0  0.00999999999 1 1 6000.00 8000.009998.001515 60.002 80.50  0.00  0.00  0.00  5.00  0.00 18.00  1.00
3 2121 3 127.0 0151515136 0.01111122324005400055 37 5 80  31  0  0.00  0  0.00  0  0.00 10  0.00 34  0.00 36  0.00  0  0.00 77  0.00  1  0.00  0  0.00  1  0.00  0  0.00  1  0.00  0  0.00  0  0.00120551555555551  80.005515  00000 01155555  0  0 2 2 2 0 11 8.0 0100.0 0  0.0 0  0.0 0  0.0 0  0.0 0  0.0 0  0.00 0  0.00 0  0.00 0  0.00 4  0.00 0  0.00 0  0.00 0  0.00999  4999 1 199999.0020000.00 719.505551 98.002100.00  0.00  0.00  0.00  0.00  0.00  0.00  0.00
3 1504 4 125.0 015151559999.01111122324005400055999999999999999999.00999999.00999999.00999999.00999999.00999999.00999999.00999999.00999999.00999999.00999999.00999999.00999999.00999999.00999999.009205155555555519999.009515  00000 09999995  0  099 099 099999.099999.099999.099999.099999.099999.099999.099999.0099999.0099999.0099999.0099999.0099999.0099999.0099999.00  0  1  0 2 299999.0099999.009999.005999999.009999.00999.00999.00999.00999.00999.00999.00999.00
3 1466 49710.5 01115155 012.01111122234007380011119 22471301  0  0.00  0  0.00  0  0.00 18  0.00 19  0.00 19  0.00 28  0.00229  0.00  5  0.00 10  0.00  3  0.00998998.00999999.00  2  0.00  0 25.00112000000000001  17.002511  25515 01155555999999 2 220 0 0110.018  0.0 0  0.0 1  0.0 0  0.0 3  0.0 0  0.022  0.0017  0.00 0  0.00 0  0.00 4  0.00 1  0.00 0  0.00 0  0.00 109999991010    5.00    5.459999.005555 55.003 75.00 20.00  0.00  0.00  5.00  0.00  0.00  0.00
3 6097 59712.0 01111115 012.01111122225006660011134 3 87  51  8  0.00  8  0.00 15  0.00 19  0.00 24  0.00  9  0.00 63  0.00  0 52.00  0 19.00  0  3.00  9  0.00  0  1.00999999.00  3  0.00  0 37.00212000000000001 105.003551 611555 01111551 61  03118 0 0 0110.028  0.0 3  0.0 0  0.0 0  0.0 0  0.0 0  0.015  0.0016  0.00 3  0.00 2  0.00 5  0.00 0  0.00 0  0.00 0  0.00 11  0 16 919    5.50    6.699999.001911 38.003100.00  0.00  0.00  0.00  0.00  0.00  0.00  0.00
3 2344 4 150.0 01515111 0 9.01111122306005400055 65 7 74  85  0  0.00  0  0.00 14  0.00 30  0.00 29  0.00  1  0.00  0  0.00 72  0.00  1  0.00  0  0.00  1  0.00  0  0.00  0  0.00  5  0.00  0  0.00120551555555551 140.005515  00000 01155555  0  0 6 0 5 0 01 6.011  0.0 0  0.0 0  0.0 0  0.0 0  0.0 0  0.099999.00 3  0.00 4  0.0099999.00 3  0.00 1  0.0099999.00 0  0.00  4  2  5 3 1 4800.00 6500.001500.001115 85.002 90.00  0.00  0.00  0.00  0.00 10.00  0.05  0.00
3 4453 4 115.0 0115515150 0.01111122234006480055 85 5 75 211  0  0.00  0  0.00 19  0.00 15  0.00 30  0.00 11  0.00  0  0.00 58  0.00  2  0.00  9  0.00  0  3.00  0  0.00  3  0.00  0  0.00  2  0.001130000000000019999.0099919999999991155555  0  0 5 5 2 0 0112.0 7  0.0 0  0.0 0  0.0 0  0.0 0  0.0 0  0.0 7  0.00 0  0.00 0  0.00 0  0.00 0  0.00 0  0.00 0  0.00 0  0.00  4  0  0 4 2    7.00    8.259999.005521 65.002100.00  0.00  0.00  0.00  0.00  0.00  0.00  0.00
3 4264 3 415.0 01155115 011.01111122279006300055 65 4 60  31  0  0.00  0  0.00 15  0.00 15  0.00 13  0.00  2  0.00 15  0.00 49  0.00 10  0.00  0  0.00  2  0.00  0  0.00  0  0.00  5  0.00  4  0.00120555555155551 280.005511  15155 11155555  0  0 4 414 0 01 6.011  0.0 7  0.0 0  0.0 0  0.0 0  0.0 0  0.099999.00 8  0.0099999.0099999.00 6  0.00 4  0.0099999.00 0  0.00  3999 18 4 324000.0026000.00 633.001511 85.001 50.00  0.00 50.00  0.00  0.00  0.00  0.00  0.00
3 4264 4 415.0 01155115 011.01111122279006300055 65 4 60  31  0  0.00  0  0.00 15  0.00 15  0.00 13  0.00  2  0.00 15  0.00 49  0.00 10  0.00  0  0.00  2  0.00  0  0.00  0  0.00  5  0.00  4  0.00120555555155551 280.005511  15155 11155555  0  0 4 414 0 01 6.011  0.0 7  0.0 0  0.0 0  0.0 0  0.0 0  0.099999.00 8  0.0099999.0099999.00 6  0.00 4  0.0099999.00 0  0.00  3999 18 4 324000.0026000.00 633.001511 85.001 50.00  0.00 50.00  0.00  0.00  0.00  0.00  0.00
3   45 29732.0 01111155 0 9.01111122288005040011513 1513 301  0  0.00  0  0.00  0  0.00 20  0.00308  0.00185  0.00  0  0.00 24  0.00484  0.00  3  0.00  2  0.00999999.00  5  0.00 59  0.00465  0.00120999999999995   0.000005  00000 01111551513  027272727 01 9.0 5  0.049  0.099999.099999.099999.0 0  0.054  0.0018  0.0021  0.0011  0.00 3  0.00 0  0.00 0  0.00 0  0.00  3999  4 7 712800.0013542.005909.141511 77.002999.00999.00999.00999.00999.00999.00999.00999.00
3  756 4 2 5.0 0151511543 0.01111122279005400055 20 1 19  21  0  0.00  0  0.00  0  0.00  6  0.00  5  0.00  8  0.00  0  0.00  5  0.00  1  0.00  7  0.00  0  0.00  0  0.00  6  0.00  1  0.00 19  0.00120155555555555   0.000005  00000 01111551 19  0 3 2 2 1 0119.0 3  0.0 0  0.0 0  0.0 0  0.0 0  0.0 0  0.0 0  0.00 2  0.00 0  0.00 0  0.00 1  0.00 0  0.00 0  0.00 0  0.00  1  3999 0 016000.0099999.009999.001911999.002  0.00100.00  0.00  0.00  0.00  0.00  0.00  0.00
3 4277 3 420.0 0155515550 0.01111122270006480055323 8143  81  0  0.00  0  0.00 30  0.00 42  0.00 48  0.00  0  0.00 17  0.00 68  0.00 31  0.00 23  0.00 18  0.00  0  0.00  3  0.00 57  0.00 33  0.001205551551551599999.009991 555551 01111551 33  016161511 01 7.021  0.0 5  0.0 5  0.0 0  0.0 0  0.0 0  0.0 0  0.00 4  0.00 0  0.00 6  0.0017  0.00 4  0.00 0  0.00 0  0.00  5999 27 6 699999.0099999.009999.001111 85.002 50.00  0.00  0.00  0.00  0.00  0.00  0.00 50.00
3 6100 3 126.0 01515155 0 9.01111122315004230055125 8105  51  0  0.00  0  0.00 24  0.00 36  0.00 45  0.00  0  0.00  0  0.00103  0.00  0  0.00  1  0.00  0  0.00  1  0.00  0  0.00  0  0.00999999.00113000000000001   5.002551  31555 01155555  0  0 3 0 0 0 0112.0 3  0.0 0  0.0 0  0.0 0  0.0 0  0.0 0  0.0 0  0.00 0  0.00 0  0.00 0  0.00 3  0.00 0  0.00 0  0.00 0  0.00  0  0  0 1 1 4000.00 4500.00 345.001555 50.002 97.00  0.00  3.00  0.00  0.00  0.00  0.00  0.00
3 5143 3 117.0 01515155 0 9.01111222306003960055999 2 37  21  0  0.00  0  0.00  0  0.00  0  0.00999999.00999999.00999999.00 37  0.00  0  0.00  0  0.00  0  0.00  0  0.00  0  0.00  0  0.00  0  0.00120551555555551  50.005555  00000 01155555  0  0 3 0 0 0 01 3.0 3  0.0 0  0.0 0  0.0 0  0.0 0  0.0 0  0.0 1  0.00 1  0.00 0  0.00 0  0.00 0  0.00 1  0.00 0  0.00 0  0.00  0  0999 1 1 2300.00 5000.00 391.005525 80.002100.00  0.00  0.00  0.00  0.00  0.00  0.00  0.00
3 2966 497 7.0 0111515534 0.01111122342005580055 20 6  5  51  0  0.00  0  0.00  0  0.00 24  0.00 15  0.00 15  0.00  0  0.00 53  0.00  0  0.00  0  0.00  1  0.00  0  0.00  0  0.00  0  0.00  0  0.002999999999999911500.006555  00000 05000005999999 4 1 0 0 01 6.0 4  0.0 0  0.0 0  0.0 0  0.0 0  0.0 0  0.0 0  0.00 0  0.00 0  0.00 0  0.00 4  0.00 0  0.00 0  0.00 0  0.00  0  0999 1 1 6300.0025200.00 600.001521 45.002100.00  0.00  0.00  0.00  0.00  0.00  0.00  0.00
3 1104 3 312.0 01111115 012.01111122261006390055 99 4 85  51  0  0.00  0  0.00  0 15.00  0 20.00  0 25.00  0 25.00  0 15.00 84  0.00  0  0.00  0  0.00  1  0.00  0  0.00  0  0.00999999.00  0  0.00212000000000001 415.0055599999999991155555  0  013 8 9 4 01 6.5 0100.0 0  0.0 0  0.0 0  0.0 0  0.0 0  0.0 1  0.00 6  0.00 0  0.00 0  0.00 5  0.00 1  0.00 0  0.00 0  0.00  6999 13 2 214560.0015000.009999.001111 37.003100.00  0.00  0.00  0.00  0.00  0.00  0.00  0.00
3 3641 3 722.0 0555515536 0.01111122306004500055 29 3 60  05  0  0.00  0  0.00  0  0.00  8  0.00  8  0.00  8  0.00  0  0.00 22  0.00  0  0.00  2  0.00  0  0.00  0  0.00  0  0.00  0  0.00  0  0.00120555555555151  10.002555  00000 01155555  0  0 3 0 0 0 01 6.0 3  0.0 0  0.0 0  0.0 0  0.0 0  0.0 0  0.0 3  0.00 0  0.00 1  0.00 0  0.00 0  0.00 0  0.00 0  0.00 0  0.00  1999999 1 0    6.65    7.50  20.005511 85.001100.00  0.00  0.00  0.00  0.00  0.00  0.00  0.00
3 1972 397 5.0 01115155 012.01111122234006480055 81 5 84  31  5  0.00  4  0.00 14  0.00 20  0.00 30  0.00  3  0.00  6  0.00 74  0.00  5  0.00  2  0.00  3  0.00  0  0.00  0  0.00  0  0.00  6  0.00211000000000001 520.005551  65551 01155555  0  01410 5 3 0110.014  0.0 1  0.0 0  0.0 0  0.0 0  0.0 0  0.014  0.00 1  0.00 1  0.00 0  0.00 6  0.00 0  0.00 0  0.00 2  0.00  2  0  0 7 699999.0099999.009999.005115 40.002100.00  0.00  0.00  0.00  0.00  0.00  0.00  0.00
3 4296 4 720.0 0111511552 0.01111122234006480011 77 4 77  65  6  0.00  4  0.00 14  0.00 20  0.00 20  0.00  4  0.00  5  0.00 20  0.00  1  0.00  0  0.00  0  0.00  1  0.00  0  0.00  5  0.00  6  0.00213000000000001 120.003511  65155 61111551  0  015 6 7 2 0999.0 1  0.0 1  0.0 0  0.0 0  0.0 0  0.0 0  0.0 9  0.00 5  0.00 0  0.00 0  0.00 1  0.00 0  0.00 0  0.00 0  0.00  5  0  9 5 4    5.50    7.504500.001555 66.002 85.00  3.33  3.33  3.33  0.00  0.00  5.00  0.00
3 2843 5 7 3.0 0111511152 0.01111122198006480011 46 5 46  61  2  0.00  2  0.00 10  0.00 10  0.00  5  0.00  5  0.00 12  0.00 38  0.00  3  0.00  2  0.00  2  0.00  1  0.00  0  0.00  0  0.00 14  0.00213000000000001 101.253551 145155141111555  0  0 8 6 2 099999.035  0.0 5  0.0 1  0.0 2  0.0 1  0.099999.0 8  0.00 2  0.00 2  0.00 0  0.00 0  0.00 0  0.00 0  0.00 0  0.00  0  1  0 4 115500.0016500.009999.005551998.001998.00998.00998.00998.00998.00998.00998.00998.00
3 5694 2 231.0 01111155 0 9.0111112227900522005528314359 621  0  0.00  0  0.00  0  0.00  0 30.00  0 70.00  0  0.00  0  0.00235  0.00 90  0.00 11  0.00  5  0.00  0  0.00 18  0.00  0 15.00  0 75.00120155155555555   0.000005  00000 01511551  0 8921 420 4 0120.035  0.0 6  0.0 0  0.0 0  0.0 0  0.0 0  0.0 2  0.00 6  0.0015  0.00 1  0.0011  0.00 0  0.00 0  0.00 0  0.00 10  0 41 8 8 9500.0011750.002493.005511 85.001  0.00 99.00  1.00  0.00  0.00  0.00  0.00  0.00
3   76 3 130.0 01515155 0 8.51111122999999999955 60132509999  0  0.00  0  0.00  0  0.00 90  0.00155  0.00  5  0.00  0  0.00240  0.00  0  0.00  2  0.00  2  0.00  2  0.00  4  0.00  0  0.00  0  0.00220551555555551  66.005515  00000 05000005  0  0 3 2 3 2 0110.0 6  0.0 0  0.0 0  0.0 0  0.0 0  0.0 0  0.0 0  0.00 3  0.00 0  0.00 0  0.00 3  0.00 0  0.00 0  0.00 0  0.00999999999 1 199999.0099999.00 100.005515 80.003 99.00  0.00  0.00  0.00  0.00  0.00  0.00  1.00
3 3372 397 6.0 01111115 012.0111112223400648005514610142  41  8  0.00 13  0.00 17  0.00 17  0.00 14  0.00  6  0.00 12  0.00999999.00999999.00999999.00999999.00999999.00999999.00  0  5.00  1  0.00113000000000001 161.003551  15551 011115519999991715 9 3 01 7.525  0.099999.099999.099999.0 1  0.0 0  0.0 5  0.00 4  0.0012  0.00 1  0.00 4  0.00 0  0.00 0  0.00 0  0.00  7999  8 6 717680.0099999.009999.005111 70.002 95.00  0.00  0.00  1.00  0.00  0.00  4.00  0.00
3 3372 497 6.0 01111115 012.0111112223400648005514610142  41  8  0.00 13  0.00 17  0.00 17  0.00 14  0.00  6  0.00 12  0.00999999.00999999.00999999.00999999.00999999.00999999.00  0  5.00  1  0.00113000000000001 161.003551  15551 011115519999991715 9 3 01 7.525  0.099999.099999.099999.0 1  0.0 0  0.0 5  0.00 4  0.0012  0.00 1  0.00 4  0.00 0  0.00 0  0.00 0  0.00  7999  8 6 717680.0099999.009999.005111 70.002 95.00  0.00  0.00  1.00  0.00  0.00  4.00  0.00
3  765 2 3 8.0 01515155 012.01111122216006660011168 8151 201  0  0.00  0  0.00 20  0.00 29  0.00 50  0.00998998.00 56  0.00998998.00998998.00998998.00998998.00998998.00998998.00  2  0.00  2  0.00212000000000001  67.503551 371555991111555  0  01513 0 0 0112.010  0.0 1  0.0 4  0.0 0  0.0 0  0.0 0  0.0 0  0.0015  0.00 0  0.00 0  0.00 0  0.00 0  0.00 0  0.00 0  0.00  0  0999 0 011440.0012480.00   6.505551 40.003100.00  0.00  0.00  0.00  0.00  0.00  0.00  0.00
3 3482 3 132.0 01515151 0 9.01111122234006480011999 1 20  11  0  0.00  0  0.00  0  0.00  0 10.00  0 10.00  0 10.00  0 70.00  0 98.00  0  0.00  0  0.00  0  2.00  0  0.00  0  0.00  0  0.00  0  2.00120551515555551 150.005515  00000 01151555  0 8015 7 2 1 0117.016  0.0 0  0.0 1  0.0 0  0.0 0  0.0 0  0.0 2  0.00 5  0.00 0  0.00 1  0.00 8  0.00 1  0.00 0  0.0099999.00  0  0  0 1 018250.0021000.001900.001551 80.001 60.00  0.00  0.00  0.00  0.00 35.00  5.00  0.00
3 2045 39725.0 01115115 012.01111122234006480011 52 3 32  51  1  0.00  5  0.00  6  0.00  7  0.00 11  0.00  2  0.00  0  0.00 18  0.00 14  0.00  0  0.00  0  0.00  0  0.00  0  0.00  0  0.00 18  0.00213000000000001  70.003511 185155181151551  0 50 5 3 299991 6.0 3  0.0 2  0.0 0  0.0 0  0.0 0  0.0 0  0.0 5  0.00 0  0.00 0  0.00 0  0.00 0  0.00 0  0.00 0  0.00 0  0.00999  5999 2 110400.0013000.009998.005511 50.003998.00998.00998.00998.00998.00998.00998.00998.00
3 2616 4 338.0 01115115 010.01111122270006120051 50 5 709981  0  0.00  0  0.00  0  0.00 14  0.00 16  0.00 20  0.00  8  0.00 68  0.00  2  0.00  0  0.00  0  0.00  0  0.00  0  0.00  3  0.00  0  2.00113000000000001 200.005515  00000 01151555  0  0 9 4 199 0999.014  0.0 0  0.0 0  0.0 0  0.0 0  0.0 0  0.014  0.00 7  0.00 2  0.00 0  0.00 3  0.00 0  0.00 0  0.00 0  0.00999999999 0 099999.0099999.009999.001111999.002999.00999.00999.00999.00999.00999.00999.00999.00
3 1529 49710.0 01151155 0 9.01111122318004140055 36 2 32  21  0  0.00  0  0.00  0  0.00  7  0.00 11  0.00 14  0.00  0  0.00 29  0.00999999.00999999.00  2  0.00999999.00  1  0.00  0  0.00998998.00113000000000005   0.000005  00000 01155555  0  0 1 0 1 0 01 9.0 2  0.0 0  0.0 0  0.0 0  0.0 0  0.0 0  0.0 1  0.0099999.0099999.0099999.00 1  0.0099999.0099999.00 0  0.00  2  2  2 2 2 6500.00 5000.009999.001555998.002 99.00  0.00  0.00  0.00  1.00  0.00  0.00  0.00
3  406 3 111.0 01515151 0 9.0111112233300477005517213162  51  0  0.00 22  0.00 35  0.00 39  0.00999999.00999999.00 16  0.00  0100.00  0  0.00  0  0.00  0  0.00  0  0.00  0  0.00  0  0.00  0  0.00113000000000001 130.005515  00000 01155555  0  029 013 0 01 8.0 0100.0 0  0.0 0  0.0 0  0.0 0  0.0 0  0.099999.00 4  0.0099999.0099999.0020  0.00 4  0.0099999.0099999.00999999100 6 4 7800.00 9100.009998.005555 65.001 90.00  0.00  0.00  0.00  0.00  0.00 10.00  0.00
3  655 5 125.0 01555155 012.01111122252006300011999 39999999999999.00999999.00999999.00999999.00999999.00999999.00998998.00998998.00998998.00998998.00998998.00998998.00999999.00  0  0.00  0  0.002130000000000019999.005551  25515 05000005  0  09999999999110.0 0100.0 0  0.0 0  0.0 0  0.0 0  0.0 0  0.0 0  0.00 0  0.00 0  0.00 0  0.0010  0.00 0  0.00 0  0.00 0  0.00999999999 4 499999.0099999.009999.005521999.009100.00  0.00  0.00  0.00  0.00  0.00  0.00  0.00
3 3231 4 121.0 0155515152 0.01111122234006480011 65 5 60  51999999.00999999.00999999.00999999.00999999.00999999.00  0  0.00999999.00  2  0.00  0  0.00  0  0.00  0  0.00999999.00  0  0.00  0  0.00113000000000001  12.009555  00000 01551555  0  011 4 0 0 01 6.0 0  0.0 1  0.0 0  0.098998.098998.0 0  0.011  0.00 2  0.00 1  0.00 0  0.00 0  0.00 0  0.00 0  0.00 0  0.00999999  2 2 2    5.25    6.259999.005591 75.009100.00  0.00  0.00  0.00  0.00  0.00  0.00  0.00
3 1882 4 725.0 0151515536 0.01111122252005220055 87 4 74  41  0  0.00  0  0.00  0  0.00 19  0.00 46  0.00  9  0.00  0  0.00  9  0.00 63  0.00  2  0.00  0  0.00  0  0.00  0  0.00  3  0.00 30  0.00120155555555555   0.000005  00000 01111551999999 4 4 4 4 0110.0 0  0.0 7  0.0 1  0.0 0  0.0 0  0.0 0  0.0 1  0.00 7  0.00 6  0.00 1  0.0099999.0099999.0099999.00 0  0.00  3999999 2 2 7056.0010785.002500.001521 70.002998.00998.00998.00998.00998.00998.00998.00998.00
3   85 3 428.0 0111111551 0.01111122252006480055244 82071005  0  0.00 27  0.00 37  0.00 87  0.00 81  0.00 31  0.00 18  0.00998998.00998998.00998998.00998998.00998998.00998998.00  5  0.00132  0.001205555551551519999.009111 731555 01111551191  0904060 0 01 6.098998.098998.098998.098998.098998.098998.0 0  0.0090  0.00 0  0.00 1  0.0011  0.00 1  0.00 0  0.00 0  0.00 90  0  0757599999.0013821.009999.005111 71.001 76.00  0.00 24.00  0.00  0.00  0.00  0.00  0.00
3   85 4 428.0 0111111551 0.01111122252006480055244 82071005  0  0.00 27  0.00 37  0.00 87  0.00 81  0.00 31  0.00 18  0.00998998.00998998.00998998.00998998.00998998.00998998.00  5  0.00132  0.001205555551551519999.009111 731555 01111551191  0904060 0 01 6.098998.098998.098998.098998.098998.098998.0 0  0.0090  0.00 0  0.00 1  0.0011  0.00 1  0.00 0  0.00 0  0.00 90  0  0757599999.0013821.009999.005111 71.001 76.00  0.00 24.00  0.00  0.00  0.00  0.00  0.00
3 2159 3 7 4.0 01115115 012.01111122216006480055 34 4 40 105  0  0.00  6  0.00 10  0.00 10  0.00  8  0.00  6  0.00  2  0.00 38  0.00  2  0.00  0  0.00  0  0.00  0  0.00  0  0.00  0  0.00998998.00213000000000001  65.003551  25155 21111555  0  0 7 5 0 0 1999.0 5  0.0 2  0.0 0  0.0 0  0.0 0  0.0 0  0.0 4  0.00 1  0.0099999.0099999.00 2  0.0099999.0099999.00 0  0.00  1999999 3 310400.0012000.009998.005511 50.003100.00  0.00  0.00  0.00  0.00  0.00  0.00  0.00
3 2159 4 7 4.0 01115115 012.01111122216006480055 34 4 40 105  0  0.00  6  0.00 10  0.00 10  0.00  8  0.00  6  0.00  2  0.00 38  0.00  2  0.00  0  0.00  0  0.00  0  0.00  0  0.00  0  0.00998998.00213000000000001  65.003551  25155 21111555  0  0 7 5 0 0 1999.0 5  0.0 2  0.0 0  0.0 0  0.0 0  0.0 0  0.0 4  0.00 1  0.0099999.0099999.00 2  0.0099999.0099999.00 0  0.00  1999999 3 310400.0012000.009998.005511 50.003100.00  0.00  0.00  0.00  0.00  0.00  0.00  0.00
3 1219 3 7 9.0 01115115 012.01111122270006300055 74 7 70  21  9  0.00 12  0.00 15  0.00 19  0.00 13  0.00  3  0.00  0  0.00 55  0.00  2  0.00 11  0.00  2  0.00  0  0.00  0  0.00  1  0.00  3  0.00213000000000001 284.005551  25551 01151555  0  010 8 2 0 01 7.0 4  0.0 2  0.0 6  0.0 0  0.0 0  0.0 0  0.012  0.00 4  0.0099999.0099999.00 1  0.0099999.0099999.0012  0.00  1999 1213 7 8500.00 8750.003200.005521 48.002100.00  0.00  0.00  0.00  0.00  0.00  0.00  0.00
3 5680 4 118.0 01515155 0 9.0111112232400504005599910133  41  5  0.00 15  0.00 24  0.00 39  0.00 45  0.00  5  0.00  0  0.00133  0.00  0  0.00  0  0.00  0  0.00  0  0.00  0  0.00  0  0.00  0  0.001205515555555519999.005515  00000 05000005  0  025 0 0 0 01 5.024  0.0 0  0.0 1  0.0 0  0.0 0  0.0 0  0.025  0.00 0  0.00 0  0.00 1  0.00 1  0.00 0  0.00 0  0.00 0  0.00  0  0  0 4 499999.0099999.009999.005551 80.001100.00  0.00  0.00  0.00  0.00  0.00  0.00  0.00
3 4220 4 129.0 01515111 011.0111112232100534005599914200  41  0  0.00  0  0.00 20  0.00 70  0.00 60  0.00 35  0.00 15  0.00167  0.00  0  0.00  3  0.00 30  0.00  0  0.00  0  0.00  1  0.00  2  0.00120551515555551 108.005515  00000 01155555  0  0 5 1 9 0 01 7.014  0.0 0  0.0 0  0.0 0  0.0 0  0.0 0  0.0 0  0.00 3  0.00 1  0.00 1  0.0010  0.00 0  0.00 0  0.00 0  0.00  2  0 10 0 021350.0026880.009999.005515 80.002100.00  0.00  0.00  0.00  0.00  0.00  0.00  0.00
3 2931 5 119.0 01515151 0 9.0111112226100630001127512275 105  0  0.00  0  0.00 12  0.00 64  0.00 48  0.00 40  0.00 44  0.00268  0.00  4  0.00  1  0.00  2  0.00  0  0.00  0  0.00  0  0.00998998.00120551555555551 500.006511  21155 1155155599999922 8 7 199110.0 0100.0 0  0.0 0  0.0 0  0.0 0  0.0 0  0.012  0.00 1  0.00 0  0.00 0  0.00 6  0.00 3  0.00 0  0.00 0  0.00  3999 22 3 299999.0099999.009999.005519 87.003 90.00  0.00  0.00  0.00  0.00  0.00 10.00  0.00
3 1525 4 7 9.0 0151515552 0.01111122234006480011157 7113  51 12  0.00 16  0.00 14  0.00 10  0.00 15  0.00 15  0.00 31  0.00  0 93.00  0  2.00  0  0.00  0  5.00  0  0.00  0  0.00  0  0.00  5  0.002110000000000019999.0099919999999991999995999999241613 5 01 9.521  0.0 1  0.0 1  0.0 1  0.0 0  0.0 0  0.0 2  0.00 4  0.00 0  0.00 7  0.00 6  0.0099999.0099999.0099999.00  4  0 24 5 599999.0099999.009999.001111999.009 98.00 98.00998.00998.00  0.00  0.00  0.00  0.00
3   83 4 1 8.0 01555151 012.01111122324004320055125 91049999  5  0.00 10  0.00 18  0.00 34  0.00 44  0.00 61  0.00  0  0.00155  0.00  1  0.00 16  0.00999999.00999999.00999999.00  0  0.00  0  0.00120551555555551 150.005555  00000 0115555599999920 1 5 0 0999.013  0.0 0  0.0 6  0.0 0  0.0 0  0.0 0  0.099999.0099999.00 3  0.0099999.00 5  0.00 1  0.0099999.00 0  0.00  2  2 13 5 2 7800.0099999.009999.005115 80.002100.00  0.00  0.00  0.00  0.00  0.00  0.00  0.00
3 4134 4 115.0 01515115 0 9.0212112234200489005517212233 101  0  0.00 36  0.00 73  0.00 72  0.00 55  0.00999999.00999999.00228  0.00  0  0.00  0  0.00  5  0.00  0  0.00  0  0.00  0  0.00  1  0.00113000000000001 748.586515  00000 01155555  0  027 0 0 0 01 7.027  0.0 0  0.0 0  0.0 0  0.0 0  0.0 0  0.029  0.0013  0.0099999.00 1  0.00 7  0.00 1  0.00 0  0.00 3  0.00999999 27 6 1 3194.46 5092.46 809.591511 81.001 99.00  0.00  0.00  0.00  0.00  0.00  1.00  0.00
3  365 3 215.0 01515155 0 9.02111222318003960055 37 3 37  11  0  0.00  0  0.00  0  0.00  5  0.00 23  0.00  9  0.00  0  0.00 37  0.00  0  0.00  0  0.00  0  0.00  0  0.00  0  0.00  0  0.00  0  0.00113000000000001  35.005555  00000 01155555  0  0 1 0 0 0 0111.0 1  0.0 0  0.0 0  0.0 0  0.0 0  0.0 0  0.0 0  0.00 0  0.00 0  0.00 0  0.00 1  0.00 0  0.00 0  0.00 0  0.00  0  0  0 1 1 6000.00 6000.009998.005515 75.002 75.00  0.00  0.00  0.00  0.00  0.00 25.00  0.00
3 5613 59925.0 01115155 012.01111122261006300051999 3220 105  7  0.00 12  0.00 22  0.00 29  0.00 28  0.00 44  0.00 36  0.00  0 96.00  0  2.00  0  0.00  0  1.00  0  0.00  0  1.00  3  0.00 35  0.001130000000000019999.009991 355155351111551  0 154825 2 299999.0 0 98.0 0  1.0 0  0.0 0  0.0 0  0.0 0  1.0 0  0.00 9  0.00 2  0.0010  0.0025  0.00 2  0.00 0  0.00 0  0.00 25  0  0 2 2    7.50    8.509999.005111 80.001 80.00 10.00 10.00  0.00  0.00  1.00  5.00  0.00
3  892 4 310.0 0151511552 0.01111122252006660011999 9103  71  0  0.00  0  0.00  0  0.00 25  0.00 10  0.00 20  0.00 27  0.00999999.00999999.00999999.00999999.00999999.00999999.00  2  0.00999999.00113000000000001 499.005551  5155599115555599999917 69999 0110.015  0.0 0  0.0 0  0.0 1  0.0 1  0.0 0  0.099999.0099999.0099999.0099999.0099999.0099999.0099999.0099999.0099999999999 999999.0099999.009999.005511 96.001 98.00  0.00  0.00  0.00  0.00  0.00  2.00  0.00
3 4862 4 115.0 01515115 0 9.0111122233300468005599912127  81  0  0.00 11  0.00 36  0.00 32  0.00 36  0.00 12  0.00  0  0.00123  0.00  0  0.00  0  0.00  0  0.00  0  0.00  4  0.00  0  0.00  0  0.00120551555555551 126.005515  00000 01155555  0  010 0 8 0 0999.018  0.0 0  0.0 0  0.0 0  0.0 0  0.0 0  0.0 3  0.00 2  0.00 0  0.00 1  0.0010  0.00 2  0.00 0  0.00 0  0.00  0  0 18 6 5  650.00  670.00  58.005111 80.002 99.00  0.00  0.00  0.00  0.00  0.00  1.00  0.00
3 4239 2 312.0 01115115 012.01111122234006480055 50 6 50  35  0  0.00  0  0.00 14  0.00 20  0.00 10  0.00  0  0.00  8  0.00 41  0.00  2  0.00  3  0.00  0  0.00  2  0.00  0  0.00  0  0.00  2  0.00113000000000001 390.005551  61555 21111551  6  0 6 6 0 0 01 8.0 5  0.0 0  0.0 0  0.0 1  0.0 0  0.0 0  0.0 0  0.00 0  0.00 0  0.00 1  0.00 3  0.00 2  0.00 0  0.00 0  0.00  6999999 2 214560.0014560.003250.001511 87.002 75.00  4.00 20.00  0.00  0.00  0.00  1.00  0.00
3 5528 297 5.0 01115155 012.01111112216005760055  6 2  6  25  3  0.00  2  0.00  1  0.00  0  0.00  0  0.00  0  0.00  0  0.00  4  0.00  1  0.00  1  0.00  0  0.00  0  0.00  0  0.00  0  0.00  6  0.00120515555555555   0.0000099999999991111555  0  053 0 5 1 01 2.0 6  0.0 0  0.0 0  0.0 0  0.0 0  0.0 0  0.0 2  0.00 1  0.0099999.0099999.00 3  0.0099999.0099999.0099999.00  0  0  0 7 5    0.00    0.009999.001555 70.001  0.00999.00999.00998.00998.00998.00998.00998.00
3 4211 4 134.0 01515155 0 9.0111112233600522005513214252 101  0  0.00  0  0.00  0  0.00108  0.00108  0.00 36  0.00  0  0.00245  0.00  4  0.00  0  0.00  3  0.00  0  0.00  0  0.00  3  0.00  0  0.00213000000000001  75.005515  00000 01155555  0  0 8 017 0 01 6.025  0.0 0  0.0 0  0.0 0  0.0 0  0.0 0  0.0 0  0.00 0  0.00 0  0.00 0  0.00 8  0.00 0  0.00 0  0.00 0  0.00999999 17 1 1    8.00   10.009999.005555 80.003100.00  0.00  0.00  0.00  0.00  0.00  0.00  0.00
3 3516 4 744.0 01515115 010.01111122333005670055100 7 90  31  0  0.00  0  0.00 20  0.00 10  0.00 30  0.00 30  0.00  0  0.00  0100.00  0  0.00  0  0.00  0  0.00  0  0.00  0  0.00  0  0.00  0  0.001130000000000019999.005555  00000 05000005  0  0 6 0 1 099999.0 0100.0 0  0.0 0  0.0 0  0.0 0  0.0 0  0.0 0  0.00 0  0.00 0  0.00 0  0.00 0 10.00 0 90.00 0  0.00 0  0.00999999  6 2 2   50.0099999.009999.005155 65.003100.00  0.00  0.00  0.00  0.00  0.00  0.00  0.00
3 3567 3 125.0 01111111 012.01111122261006480011115 5120 401  0  0.00  0  0.00  6  0.00 18  0.00 16  0.00 16  0.00 64  0.00112  0.00  5  0.00  4  0.00  0  6.00  1  0.00  1  0.00  0  0.00  7  0.00120551555555551   2.001551  71555 01151555  0  0 7 3 6 3 0110.012  0.0 1  0.0 0  0.0 0  0.0 0  0.0 0  0.012  0.00 5  0.00 1  0.00 2  0.00 2  0.00 0  0.00 0  0.00 1  0.00  5  0 13 4 4 9240.00 9000.00 200.001511 60.002 95.00  0.00  2.50  0.00  0.00  0.00  2.00  0.00
3  451 4 2 5.0 01511115 010.01111122324005580055108 6108  65  0  0.00  0  0.00  0  0.00  0  0.00108  0.00  0  0.00  0  0.00 61  0.00 18  0.00 10  0.00 19  0.00  0  0.00  0  0.00  0 22.00  0 39.00120555155555155   0.0000011085551 01155555  0  0 3 3 5 1 0118.0 0100.0 0  0.0 0  0.0 0  0.0 0  0.0 0  0.099999.0099999.0099999.0099999.00 0 66.67 0 33.3399999.00 0  0.00  1  3999 0 030000.0055000.002315.001511 45.002  0.00 95.00  0.00  5.00  0.00  0.00  0.00  0.00
3 5315 4 7 9.0 01115155 011.01111122288006480011 14 2 29  11  0  0.00  0  0.00  2  0.00  9  0.00  5  0.00  3  0.00 10  0.00 21  0.00  2  0.00  3  0.00  3  0.00  0  0.00  0  0.00  3  0.00  1  0.00213000000000001 600.005551  11555 01111151  0  0 2 2 1 1 01 4.0 2  0.0 1  0.0 0  0.0 0  0.0 0  0.0 0  0.0 3  0.00 2  0.0099999.0099999.00 1  0.0099999.0099999.00 0  0.00  2999999 0 016000.0054000.00 605.005521 50.003 90.00 10.00  0.00  0.00  0.00  0.00  0.00  0.00
3  789 7 124.0 01515155 0 9.01111122315005670055 49 3110  41  0  0.00  0  0.00  0  0.00 38  0.00 32  0.00 30  0.00 10  0.00106  0.00  0  0.00  0  0.00  4  0.00  0  0.00  0  0.00  0  0.00998998.00120551555555551 125.005515  00000 01155555999999 7 0 099 01 9.0 7  0.0 0  0.0 0  0.0 0  0.0 0  0.0 0  0.0 0  0.00 0  0.00 2  0.00 0  0.00 3  0.00 2  0.00 0  0.00 0  0.00999999  2 0 099999.00 7280.001000.005521 75.002100.00  0.00  0.00  0.00  0.00  0.00  0.00  0.00
3 1223 4 112.0 01515155 0 9.01111122324005310055 24 4 89  41  0  0.00  0  0.00  0  0.00  0 25.00  0 50.00  0 25.00  0  0.00  0 90.00  0  0.00  0  9.00  0  1.00  0  0.00  0  0.00  0  0.00  1  0.002130000000000019999.005551  15515 01155555  0  0 2 2 3 0 01 8.0 5  0.0 0  0.0 0  0.0 0  0.0 0  0.0 0  0.0 0  0.00 2  0.00 0  0.00 0  0.00 2  0.00 1  0.00 0  0.00 0  0.00  0  0  5 0 0 3500.00 7000.00 135.005551 55.003100.00  0.00  0.00  0.00  0.00  0.00  0.00  0.00
3 3646 3 127.0 0111111152 0.01111122234006480055123 7 82  91 14  0.00 12  0.00 16  0.00 15  0.00 15  0.00 10  0.00  0  0.00 72  0.00  3  0.00  0  0.00  0  0.00  0  0.00  7  0.00  1  0.00  7  0.00120551555555551  90.003551  71555 71151551 68  02015 2 0 01 7.5 0100.0 0  0.0 0  0.0 0  0.0 0  0.0 0  0.0 9  0.00 3  0.00 6  0.00 0  0.00 0  0.00 0  0.00 0  0.00 2  0.00  1999 13 4 4    6.00 5802.003800.005551 78.002 76.00  0.00  0.00  0.00  0.00  0.00  0.00 24.00
3 2408 4 715.0 01115115 012.01111122225006570011112 5 85  91  0  0.00  8  0.00 10  0.00 19  0.00 15  0.00 15  0.00 18  0.00 68  0.00  7  0.00  6  0.00  4  0.00  0  0.00  0  0.00  1  0.00  0  0.002120000000000019999.009995  00000 01999995  0  01514 4 3 01 6.014  0.0 1  0.0 0  0.0 0  0.0 0  0.0 0  0.014  0.00 8  0.00 0  0.00 0  0.00 5  0.00 0  0.00 0  0.00 0  0.00  0  0  021 9    7.00    7.159998.005511 54.003100.00  0.00  0.00  0.00  0.00  0.00  0.00  0.00
3 2326 5 2 6.0 01511155 010.01111122315005400055999 3 40  51  0  0.00  0  0.00  0  0.00  0 15.00  0 20.00  0  5.00  0 60.00  0 95.00  0  5.00  0  0.00  0  0.00  0  0.00  0  0.00 40  0.00 15  0.00920555155555551  10.002555  00000 01111555  0 20 2 2 2 2 0115.0 0100.0 0  0.0 0  0.0 0  0.0 0  0.0 0  0.0 0 50.00 0  0.00 0  0.00 0  0.00 0 50.00 0  0.00 0  0.00 0  0.00999  1999 0 025000.0036000.004000.005999999.009999.00999.00999.00999.00999.00999.00999.00999.00
3 4874 4 110.0 0111511152 0.01111122234006480011 60 3 32  75  3  0.00  2  0.00  5  0.00  4  0.00  1  0.00  8  0.00  9  0.00 30  0.00  1  0.00  1  0.00  0  0.00  0  0.00  0  0.00  0  0.00  0  0.00120551555555551  55.003555  00000 01155555  0  0 6 4 0 0 01 9.5 6  0.0 0  0.0 0  0.0 0  0.0 0  0.0 0  0.0 4  0.00 2  0.00 0  0.00 0  0.00 0  0.00 0  0.00 0  0.00 0  0.00999999999 0 2    5.0099999.009999.005521999.002100.00  0.00  0.00  0.00  0.00  0.00  0.00  0.00
3 2852 4 127.0 0151515540 0.01111122306005400055 20 3 42  05  0  0.00  0  0.00  0  0.00 20  0.00 22  0.00  0  0.00  0  0.00 40  0.00  0  0.00  0  0.00  2  0.00  0  0.00  0  0.00  0  0.00  0  0.00113000000000001 110.005555  00000 01155555  0  0 2 0 0 0 0110.0 2  0.0 0  0.0 0  0.0 0  0.0 0  0.0 0  0.0 0  0.00 0  0.00 0  0.00 0  0.00 1  0.00 1  0.00 0  0.00 0  0.00  0  0  0 0 099998.0019500.009999.005511 65.002100.00  0.00  0.00  0.00  0.00  0.00  0.00  0.00
3 1275 3 3 5.0 01111115 012.01111122234006660011132 6144 101 16  0.00999999.00 16  0.00 41  0.00 40  0.00999999.00 30  0.00114  0.00 24  0.00  3  0.00 10  0.00  0  0.00  0  0.00  1  0.00  4  0.00213000000000001 145.003555  00000 01111555  0  018159999 0112.0 6  0.013  0.0 0  0.0 0  0.0 0  0.0 0  0.0 8  0.00 6  0.00 1  0.00 0  0.00 3  0.00 0  0.00 0  0.00 0  0.00999999 18 4 313500.0099999.009999.005999999.009999.00999.00999.00999.00999.00999.00999.00999.00
3 2289 4 1 1.0 01515111 012.01212121318004380051999 3 36  01  0  0.00  0  0.00  0  0.00 12  0.00  0  0.67  0  0.33  0  0.00  0 98.00  0  1.00  0  1.00  0  0.00  0  0.00  0  0.00  1  0.00  2  0.00120551555555551  70.005515  00000 01155555999999 4 1 2 0 01 6.0 0100.0 0  0.0 0  0.0 0  0.0 0  0.0 0  0.0 0 50.00 0 50.00 0  0.00 0  0.00 3  0.00 0  0.00 0  0.00 0  0.00999999  6 2 2 3150.00 3100.00 130.005529 65.002 95.00  0.00  0.00  0.00  0.00  0.00  5.00  0.00
3 2979 5 1 9.0 01115151 012.01111122234006300011 55 7105  31  7  0.00 10  0.00  7  0.00 10  0.00 13  0.00 27  0.00 30  0.00102  0.00  1  0.00  3  0.00  0  0.00  0  0.00  0  0.00  0  0.00  4  0.00113000000000001  60.003511  35155 31151555  0  01111 0 0 0115.011  0.0 0  0.0 0  0.0 0  0.0 0  0.0 0  0.011  0.00 2  0.00 2  0.00 1  0.00 0  0.00 0  0.00 0  0.00 0  0.00999999  2 4 110000.0011000.002400.001515  5.003100.00  0.00  0.00  0.00  0.00  0.00  0.00  0.00
3 2368 3 7 5.0 0115511552 0.01111122252006480011 95 4 92  31 13  0.00  2  0.00 18  0.00 25  0.00 23  0.00 10  0.00  0  0.00 90  0.00  0  0.00  1  0.00  1  0.00  0  0.00  0  0.00  0  0.00  4  0.00213000000000001 130.003551  61555995000005  0  017111410 01 7.017  0.0 0  0.0 0  0.0 0  0.0 0  0.0 0  0.015  0.00 3  0.00 1  0.00 0  0.00 2  0.00 0  0.00 0  0.00 0  0.00999999 17 0 8    7.50    6.009998.001999999.009999.00999.00999.00999.00999.00999.00999.00999.00
3 1858 2 345.0 0111511552 0.01111122216006480011 68 6 80 251  2  0.00  3  0.00  8  0.00  8  0.00  8  0.00  8  0.00 39  0.00  0 80.00  0 10.00  0 10.00  0  0.00  0  0.00  0  0.00  0  0.00  0 95.00213000000000001  17.002551 755551 01155555999999 6 6 0 0 0113.0 3  0.0 0  0.0 3  0.0 0  0.0 0  0.0 0  0.0 6  0.00 5  0.00 1  0.00 1  0.00 0  0.00 0  0.00 0  0.00 0  0.00999999999 0 199999.0099999.009999.001921999.009998.00998.00998.00998.00998.00998.00998.00998.00
3 3077 4 123.0 01515115 0 9.01111122315005490055999 8105  61  0  0.00  0  0.00  0  0.00 39  0.00 64  0.00  2  0.00  0  0.00105  0.00  0  0.00  0  0.00  0  0.00  0  0.00  0  0.00  0  0.00  0  0.00113000000000001  65.005515  00000 01155555  0  0 2 0 3 0 0121.0 5  0.0 0  0.0 0  0.0 0  0.0 0  0.0 0  0.0 1  0.00 0  0.00 0  0.00 0  0.00 4  0.00 0  0.00 0  0.00 0  0.00  0999999 0 099999.0099999.009999.005551 80.003100.00  0.00  0.00  0.00  0.00  0.00  0.00  0.00
3 1717 3 3 8.0 0111515552 0.01111122234006660011150 7117  55  4  0.00 12  0.00 20  0.00 15  0.00 30  0.00 10  0.00 26  0.00 90  0.00 10  0.00 11  0.00  1  0.00999999.00  5  0.00  2  0.00  5  0.00213000000000001  86.003555  00000 01151555  2  015 8 3 2 0114.511  0.0 0  0.0 2  0.0 2  0.0 0  0.0 0  0.012  0.00 3  0.00 5  0.0099999.00 2  0.00 1  0.0099999.00 0  0.00999 12999 5 310000.0015000.009998.001511 43.003 99.00  0.00  0.00  0.00  0.00  0.00  1.00  0.00
3 4939 3 2 2.5 01515155 010.01111122324004050051  8 1  8  01  0  0.00  0  0.00  0  0.00  2  0.00  1  0.00  4  0.00  1  0.00  8  0.00  0  0.00  0  0.00  0  0.00  0  0.00  0  0.00  8  0.00  0  0.00120555155555555   0.000001  89999 01155555  0  0 6 1 2 0 01 8.0 6  0.0 0  0.0 0  0.0 0  0.0 0  0.0 0  0.0 0  0.00 1  0.00 0  0.00 0  0.00 2  0.00 2  0.00 0  0.00 0  0.00  1  0  6 0 017000.0020000.009999.001511 85.001  0.00 20.00  0.00 80.00  0.00  0.00  0.00  0.00
3 3514 4 699.0991515155 010.51111122342004320055 20 1 13  09  0  0.00  0  0.00  0  0.00  4  0.00  9  0.00  0  0.00  0  0.00 10  0.00  2  0.00  2  0.00  0  0.00  0  0.00  0  0.00  0  0.00999999.00120555555555151  85.005555  00000 05000005999999 1 0 1 0 0110.0 2  0.0 0  0.0 0  0.0 0  0.0 0  0.0 0  0.099999.00 1  0.0099999.0099999.00 1  0.0099999.0099999.00 0  0.00999  2999 0 099999.0010000.00  80.005511 99.001 80.00  0.00  0.00 20.00  0.00  0.00  0.00  0.00
3 2914 3 7 7.0 01115155 012.01111122216006660011214 8170  91 11  0.00 10  0.00 20  0.00 30  0.00 35  0.00 35  0.00 50  0.00998998.00998998.00998998.00998998.00998998.00998998.00  5  0.00998998.00213000000000001  67.503551 251555 0111155199999925209999 0999.098998.099999.098998.098998.098998.098998.098998.0098998.0098998.0098998.0098998.0098998.0098998.0098998.00  4 209999999    5.50    6.509998.005511998.003998.00998.00998.00998.00998.00998.00998.00998.00
3 4725 39710.0 0115111552 0.0111112221600648001130013290 101 28  0.00 42  0.00 70  0.00 90  0.00 40  0.00 20  0.00  0  0.00 90  0.00128  0.00 35  0.00 30  0.00  0  0.00  7  0.00 15  0.00  7  0.001190000000000019999.009151  71555 01111551  0  06225 8 8 01 7.011  0.041  0.0 7  0.0 1  0.0 1  0.0 1  0.029  0.00 8  0.0019  0.00 3  0.00 3  0.00 0  0.00 0  0.00 0  0.00 15 62  0 0 1    7.15    9.94 199.005111 98.001100.00  0.00  0.00  0.00  0.00  0.00  0.00  0.00
3 3672 3 722.0 01151555 012.01111122252006480011 45 4 60  81  0  0.00  0  0.00  4  0.00 15  0.00 16  0.00  8  0.00 17  0.00 58  0.00  0  0.00  1  0.00  0  0.00  1  0.00  0  0.00  5  0.00  9  0.00113000000000001 435.005551  51555 01111551  9  0 7 5 2 0 11 8.0 9  0.0 0  0.0 0  0.0 0  0.0 0  0.0 0  0.0 0  0.00 1  0.00 0  0.00 4  0.00 2  0.00 0  0.00 0  0.00 0  0.00  1999999 0 213520.0014025.005671.001521 76.003 91.00  3.00  0.00  0.00  0.00  0.00  6.00  0.00
3 3672 4 722.0 01151555 012.01111122252006480011 45 4 60  81  0  0.00  0  0.00  4  0.00 15  0.00 16  0.00  8  0.00 17  0.00 58  0.00  0  0.00  1  0.00  0  0.00  1  0.00  0  0.00  5  0.00  9  0.00113000000000001 435.005551  51555 01111551  9  0 7 5 2 0 11 8.0 9  0.0 0  0.0 0  0.0 0  0.0 0  0.0 0  0.0 0  0.00 1  0.00 0  0.00 4  0.00 2  0.00 0  0.00 0  0.00 0  0.00  1999999 0 213520.0014025.005671.001521 76.003 91.00  3.00  0.00  0.00  0.00  0.00  6.00  0.00
3 2735 5 7 4.0 01155151 012.01111122234006660099 60 3 45  11  0  0.00  0  0.00  0  0.00 10  0.00 20  0.00  8  0.00  7  0.00 41  0.00  0  0.00  0  0.00  4  0.00  0  0.00  0  0.00  0  0.00  0  0.00213000000000001 425.005555  00000 01111555  0  0 9 79999 01 8.0 9  0.0 0  0.0 0  0.0 0  0.0 0  0.0 0  0.0 9  0.00 2  0.00 0  0.00 1  0.00 2  0.00 0  0.00 0  0.00 0  0.00999999999 3 3    6.2599999.009999.005511 75.002100.00  0.00  0.00  0.00  0.00  0.00  0.00  0.00
3 6325 3 7 6.0 01115155 012.01111122216006480011 89 8120 401  8  0.00 12  0.00 10  0.00 20  0.00 20  0.00 15  0.00 35  0.00  0 75.00  0 25.00  0  0.00  0  0.00  0  0.00  0  0.00  0  0.00 45  0.00213000000000001  17.802551 445551 0111155599999921 912 0 0999.020  0.0 1  0.0 0  0.0 0  0.0 0  0.0 0  0.011  0.00 8  0.0099999.00 1  0.00 1  0.0099999.0099999.00 0  0.00 21 21999 8 210712.0012896.009999.005521 50.003 70.00 30.00  0.00  0.00  0.00  0.00  0.00  0.00
3 1350 5 3 5.0 0151555136 0.01212122279006210051 44 3 609999  0  0.00  0  0.00  0  0.00 20  0.00 10  0.00 30  0.00 28  0.00  0 94.00  0  0.00  0  3.00  0  3.00  0  0.00  0  0.00  0  0.00  0  5.00113000000000001  50.005515  00000 05000005  0  0 1 0 2 0 0110.0 3  0.0 0  0.0 0  0.0 0  0.0 0  0.0 0  0.0 0100.0098998.00 0  0.00 0  0.00 0  0.00 0  0.00 0  0.00 0  0.00  0999999 1 111586.0011586.00 725.005521 79.002 86.00  0.00  0.00  0.00  0.00  0.00 14.00  0.00
3 3432 3 713.0 0111515552 0.01111122216006300011 60 5 55  75  0  0.00  9  0.00 10  0.00 14  0.00 12  0.00  0  0.00 10  0.00 54  0.00  1  0.00  0  0.00  0  0.00  0  0.00  0  0.00  0  3.00  2  0.00299999999999991  50.003551  95155991151555  0  0 6 5 099 0999.0 6  0.0 0  0.0 0  0.0 0  0.0 0  0.0 0  0.0 5  0.00 0  0.00 0  0.00 0  0.00 1  0.00 0  0.00 0  0.00 0  0.00999  6  6 2 3 9880.0075000.009999.005511999.003100.00  0.00  0.00  0.00  0.00  0.00  0.00  0.00
3 3432 4 713.0 0111515552 0.01111122216006300011 60 5 55  75  0  0.00  9  0.00 10  0.00 14  0.00 12  0.00  0  0.00 10  0.00 54  0.00  1  0.00  0  0.00  0  0.00  0  0.00  0  0.00  0  3.00  2  0.00299999999999991  50.003551  95155991151555  0  0 6 5 099 0999.0 6  0.0 0  0.0 0  0.0 0  0.0 0  0.0 0  0.0 5  0.00 0  0.00 0  0.00 0  0.00 1  0.00 0  0.00 0  0.00 0  0.00999  6  6 2 3 9880.0075000.009999.005511999.003100.00  0.00  0.00  0.00  0.00  0.00  0.00  0.00
3 1151 4 210.0 01151155 0 9.0111112227000630005515012150 181  0  0.00  0  0.00  0  0.00 75  0.00 65  0.00 10  0.00  0  0.00  0 70.00  0 25.00  0  5.00  0  0.00  0  0.00  0  0.00 43  0.00  0 95.00120155555555555   0.000005  00000 01111551150  0 9 91111 01 5.017  0.0 3  0.0 0  0.0 0  0.0 0  0.0 0  0.0 0  0.00 0  0.00 0  0.00 0  0.00 0 50.00 0 50.00 0  0.00 0  0.00  5 10999 2 222000.0028000.005000.001511 82.009  0.00100.00  0.00  0.00  0.00  0.00  0.00  0.00
3 5579 3 713.0 01115155 012.01111122234006480011 55 4 90 451  0  0.00 10  0.00  6  0.00 14  0.00 10  0.00 10  0.00 40  0.00  0 88.00  0  5.00  0  5.00  0  0.00  0  2.00  0  0.00  0  0.00  0 50.00213000000000001  65.003551 455551 01155555  0  0 5 5 1 0 0999.0 3  0.0 0  0.0 1  0.0 1  0.0 0  0.0 0  0.0 3  0.00 1  0.00 0  0.00 0  0.00 1  0.00 0  0.00 0  0.00 0  0.00999999999 1 199999.0099999.009999.005555 60.003 55.00 25.00 20.00  0.00  0.00  0.00  0.00  0.00
3  590 3 7 8.0 01155555 012.01111122216006480011 38 3 36  21  5  0.00  2  0.00  2  0.00  6  0.00  5  0.00  4  0.00 12  0.00 34  0.00  0  0.00  0  0.00  2  0.00  0  0.00  0  0.00  0 10.00  2  0.00213000000000001  18.002551 101555995000005  0  0 5 4 0 0 0110.0 5  0.0 0  0.0 0  0.0 0  0.0 0  0.0 0  0.0 5  0.00 1  0.00 0  0.00 1  0.00 0  0.00 0  0.00 0  0.00 0  0.00999999999 0 1 7000.0010000.009999.001551 75.002 80.00  0.00 20.00  0.00  0.00  0.00  0.00  0.00
3 2196 3 212.0 01515115 0 9.0111122232100558005120099115  55  0  0.00  0  0.00  2  0.00 40  0.00  0  0.00 20  0.00  0  0.00100  0.00  1  0.00  0  0.00  1  0.00  2  0.00  0  0.00  1  0.00  0  0.00220555155555551  85.005555  00000 01155555  0  0 8 0 299 01 9.0 8  0.0 0  0.0 0  0.0 0  0.0 0  0.0 0  0.099999.0099999.0099999.0099999.0099999.0099999.0099999.0099999.00999999999 1 199999.0099999.009999.001511 98.003100.00  0.00  0.00  0.00  0.00  0.00  0.00  0.00
3 2257 2 110.0 0115511152 0.01111122234006390011999 6112 165 16  0.00 16  0.00 20  0.00 20  0.00 20  0.00 20  0.00999999.00  0  0.00  0100.00  0  0.00  0  0.00  0  0.00  0  0.00  0  0.00  0 90.00120551555555551  95.0035519991555 01111551  0 8519191311 01 7.0 0  0.0 0100.0 0  0.0 0  0.0 0  0.0 0  0.0 4  0.0012  0.00 1  0.00 1  0.00 1  0.0099999.0099999.00 0  0.00 10999999999910400.0099999.009999.001511999.003999.00999.00999.00999.00999.00999.00999.00999.00
3 2257 3 110.0 01155111 012.01111122234006390011999 6112 165 16  0.00 16  0.00 20  0.00 20  0.00 20  0.00 20  0.00999999.00  0  0.00  0100.00  0  0.00  0  0.00  0  0.00  0  0.00  0  0.00  0 90.00120551555555551  95.0035519991555 01111551  0 8519191311 01 7.0 0  0.0 0100.0 0  0.0 0  0.0 0  0.0 0  0.0 4  0.0012  0.00 1  0.00 1  0.00 1  0.0099999.0099999.00 0  0.00 10999999999910400.0099999.009999.001511999.003998.00998.00998.00998.00998.00998.00998.00998.00
3 1498 49724.0 01515155 0 9.01111122324004140055 21 2 39  35  0  0.00  0  0.00  0  0.00  4  0.00 17  0.00  8  0.00  0  0.00 38  0.00  0  0.00  1  0.00  0  0.00  0  0.00  0  0.00  0  0.00  0  0.00120555555551551  88.005515  00000 01155555  0  0 2 0 1 0 0111.0 2  0.0 0  0.0 0  0.0 0  0.0 0  0.0 0  0.0 0  0.00 0  0.00 0  0.00 1  0.00 1  0.00 0  0.00 0  0.00 0  0.00999999999 0 011000.0012000.00 998.001511 85.002 90.00  0.00  0.00  0.00  0.00  0.00 10.00  0.00
3 1210 4 111.0 01515151 0 9.01111122333006390011115 6100  41  9  0.00  8  0.00 15  0.00 12  0.00 12  0.00  0  0.00 44  0.00100  0.00  0  0.00  0  0.00  0  0.00  0  0.00  0  0.00  3  0.00998998.001205515555555519999.009551 10555199111555199999916129999 01 6.099999.099999.099999.099999.099999.099999.0 2  0.00 1  0.00 4  0.00 3  0.00 4  0.00 2  0.00 0  0.00 0  0.00999999999 2 299999.0099999.009999.001511 88.002999.00999.00999.00999.00999.00999.00999.00999.00
3 2324 497 1.0 0155511552 0.0111112223400666001122511130 101  6  0.00  6  0.00 16  0.00 25  0.00 25  0.00 10  0.00 42  0.00 30  0.00 50  0.00 20  0.00  0  0.00  0  0.00  0  0.00  3  0.00  0 35.00212000000000001  90.003551 401555 01111551  0 351513 0 0 0999.0 6  0.0 7  0.0 2  0.0 0  0.0 0  0.0 0  0.0 0 95.00 0  2.00 0  0.00 0  0.00 0  0.00 0  1.00 0  0.00 0  0.00  2 159991213 9996.0010500.003650.001551 40.002 80.00 20.00  0.00  0.00  0.00  0.00  0.00  0.00
3  285 4 115.0 01515155 0 9.01111122339005580055999 4 45  25  0  0.00  0  0.00  0  0.00  9  0.00 33  0.00  3  0.00  0  0.00 42  0.00  1  0.00  0  0.00  0  0.00  1  0.00  1  0.00  1  0.00998998.00113000000000001  50.005555  00000 05000005  0  0 1 1 1 0 0115.0 2  0.0 0  0.0 0  0.0 0  0.0 0  0.0 0  0.0 0  0.00 2  0.00 0  0.00 0  0.00 0  0.00 0  0.00 0  0.00 0  0.00999999999 0 011000.00 8300.009999.005555 75.002 90.00  0.00  0.00  0.00  2.00  4.00  4.00  0.00
3  578 4 1 2.0 0111515152 0.01111122216006480011 60 3 57  51  7  0.00  5  0.00  9  0.00 12  0.00 14  0.00  2  0.00  5  0.00998998.00  2  0.00998998.00998998.00998998.00998998.00  0  0.00 10  0.00213000000000001  60.003555  00000 01151555  0  011 9 2 0 0999.0 9  0.099999.099999.099999.099999.099999.010  0.00 3  0.0099999.0098998.00 1  0.0098998.0098998.0098998.00  0  0  9 4 2    5.50    6.00 998.005511 90.001100.00  0.00  0.00  0.00  0.00  0.00  0.00  0.00
3  715 4 210.0 01515115 0 9.01111122342005040055 65 5 659989  0  0.00  0  0.00  0  0.00 20  0.00 80  0.00  0  0.00  0  0.00 63  0.00  0  0.00  1  0.00  1  0.00  0  0.00  0  0.00  0  0.00  0  0.00120999999999991  64.007555  00000 01155555  0  0 2 0 1 0 0110.0 2  0.0 0  0.0 0  0.0 0  0.0 0  0.0 0  0.0 0  0.00 1  0.00 0  0.00 0  0.00 1  0.00 0  0.00 0  0.00 0  0.00  0  0  0 0 012000.00 8000.009998.005521 90.002100.00  0.00  0.00  0.00  0.00  0.00  0.00  0.00
3 2525 6 7 7.0 01155555 012.01111122216009999911 38 3 32  31  1  0.00  3  0.00  2  0.00 10  0.00  4  0.00  8  0.00  1  0.00  0 98.00  0  0.00  0  0.00  0  2.00  0  0.00  0  0.00  0  0.00  6  0.00213000000000001  18.002551  65155 01111555  0  0 3 3 099 0110.0 5  0.0 0  0.0 0  0.0 0  0.0 0  0.0 0  0.0 0 50.00 0 50.00 0  0.00 0  0.00 0  0.00 0  0.00 0  0.00 0  0.00  2999  2 1 1 7000.0014000.00  10.005999999.009999.00999.00999.00999.00999.00999.00999.00999.00
3 4536 3 713.0 01111115 012.01111122216006480011 75 3125  41  0  0.00  0 20.00  0  0.00  0 40.00  0  0.00  0 30.00  0 10.00  0 80.00  0  1.00  0  5.00  0 14.00  0  0.00  0  0.00  0  0.00  0  5.00213000000000001 102.503551  61555 01111551  0 201812 4 2 01 8.517  0.0 1  0.0 0  0.0 0  0.0 0  0.0 0  0.0 2  0.00 0  0.00 2  0.00 0  0.0014  0.00 0  0.00 0  0.00 0  0.00999 18 18 810    6.25    6.509998.001521 50.003998.00998.00998.00998.00998.00998.00998.00998.00
3  297 3 6 4.0 0111111552 0.01111122252006480055108 9114  61 10  0.00 18  0.00 18  0.00 39  0.00 22  0.00  7  0.00  1  0.00103  0.00  2  0.00  6  0.00  3  0.00  0  0.00  0  0.00999999.00999999.00113000000000001 170.0035119991555991111551  0  010102523 41 5.034  0.0 0  0.0 1  0.0 0  0.0 0  0.0 0  0.035  0.00 0  0.00 0  0.00 7  0.00 3  0.00 2  0.00 0  0.00 0  0.00999999999 2 213832.0014789.00  83.545521 63.001 63.00  0.00  1.00 14.00  0.00  0.00 12.00 10.00
310136 2 723.0 01115115 012.01111222279006300011146 9141  91  0  0.00  5  0.00 25  0.00 46  0.00 37  0.00  1  0.00 26  0.00  0 65.00  0  8.00  0  9.00 17  0.00  0  1.00  0  0.00  0  0.00  0  0.001130000000000015400.007511  15155 11155555  0  0161014 8 51 8.0 0 52.0 0 25.0 0 10.0 0 13.0 0  0.0 0  0.016  0.00 0  0.00 0  0.00 0  0.00 0  0.00 0  0.00 0  0.00 0  0.00  0  0 16131122000.0030000.006900.001511 70.003 97.00  0.00  2.00  0.00  0.00  0.00  3.00  1.00
310111 4 7 6.0 01115155 012.01111122252006480011 76 6 64  01 16  0.00  8  0.00  8  0.00 18  0.00 12  0.00998998.00999999.00 60  0.00  0  0.00  1  0.00  3  0.00  0  0.00  0  0.00  0  0.00  0  0.00213000000000001 607.505555  00000 01155551  0  0 6 612 6 01 8.015  0.0 1  0.0 0  0.0 1  0.099999.0 0  0.0 0  0.00 4  0.00 1  0.00 0  0.00 1  0.00 0  0.00 0  0.00 0  0.00  0  0  09999  665.00  600.009999.005521 45.003998.00998.00998.00998.00998.00998.00998.00999.00
310008 3 5 5.0 0111511552 0.01111122252006660055 94 8 75  51 10  0.00 15  0.00 12  0.00 14  0.00999999.00 18  0.00999999.00 53  0.00  9  0.00  4  0.00  2  0.00999999.00999999.00  0  0.00  0  0.00212000000000001 145.0035519999999 01155555  0  02317 7 4 01 4.0 7  0.0 7  0.0 3  0.0 4  0.0 0  0.0 0  0.023  0.00 4  0.00 2  0.00 3  0.0011  0.00 0  0.00 0  0.00 0  0.00  5999 20 6 414000.0016000.009999.005511 50.001100.00  0.00  0.00  0.00  0.00  0.00  0.00  0.00
310149 3 711.0 01115155 012.01111122252006480051 80 5 72  31  4  0.00  7  0.00 17  0.00 23  0.00 19  0.00  2  0.00999999.00  5  0.00  1  0.00 66  0.00  0  0.00  0  0.00  0  0.00  0  0.00999999.00213000000000001  85.0035519995515 0115155599999918 2 4 2 0999.0 0  0.0 0  0.018  0.0 0  0.0 0  0.0 0  0.018  0.0014  0.0010  0.00 9  0.00 7  0.00 3  0.00 1  0.00 0  0.00 18999999 6 311960.0014560.009999.001511999.001100.00  0.00  0.00  0.00  0.00  0.00  0.00  0.00
310255 4 1 8.0 01115111 012.01111122216006480011400 43259999 18  0.00 34  0.00 36  0.00 56  0.00 68  0.00 24  0.00115  0.00  0 85.00  0  7.00  0  7.00  0  1.00  0  0.00  0  0.00  5  0.00  0  0.00120551555555551 110.003551  199999911155559999997540 3 1 0999.099999.099999.099999.099999.099999.099999.099999.0099999.0099999.0099999.0099999.0099999.0099999.0099999.00 18  0 1410 3    5.50    6.009999.001521 40.003 98.00  0.00  0.00  0.00  0.00  0.00  2.00  0.00
310189 3 717.0 01515115 012.01111122288006120055 49 6 80  85  0  0.00  0  0.00 10  0.00 30  0.00 30  0.00 15  0.00  0  0.00  0 78.00  0  2.00  0  0.00  0 10.00998998.00  0  2.00  1  0.00  0  5.001130000000000011160.006515  00000 01155555  0  0 6 2 1 0251 5.0 5  0.0 0  0.0 1  0.0 0  0.0 0  0.0 0  0.0 0  0.00 0  0.00 0  0.00 2  0.00 3  0.00 1  0.00 0  0.00 0  0.00  3  0  0 1 110000.0021260.002400.005521 78.001100.00  0.00  0.00  0.00  0.00  0.00  0.00  0.00
310080 5 2 5.0 0151111536 0.01111122288005430055 42 4 30  21  0  0.00  0  0.00  0  0.00  4  0.00  6  0.00 17  0.00  3  0.00 16  0.00  4  0.00 10  0.00  0  0.00  0  0.00  0  0.00 12  0.00  0100.00120155555555555   0.000005  00000 01511555  0100 4 4 4 4 01 8.0 8  0.0 0  0.0 0  0.0 0  0.0 0  0.0 0  0.0 0  0.00 0  0.00 0  0.00 1  0.00 3  0.00 4  0.00 0  0.00 0  0.00  0  4  0 2 299999.0099999.009999.001111 70.002  0.00  5.00 25.00 70.00  0.00  0.00  0.00  0.00
310267 3 110.0 0151515136 0.01111122252006480011 35 2 35  01  0  0.00  0  0.00  0  0.00 15  0.00 20  0.00  0  0.00 25  0.00 17  0.00 27  0.00 13  0.00  3  0.00  0  0.00  0  0.00  0  0.00  0  0.001110000000000012400.005515  00000 01151555  0  0 3 3 1 1 0120.0 3  0.0 1  0.0 0  0.0 0  0.0 0  0.0 0  0.0 0  0.00 0  0.00 1  0.00 0  0.00 2  0.00 0  0.00 0  0.00 0  0.00  2  0  0 1 119000.0020000.009999.001511 90.001 80.00  0.00  0.00  0.00  0.00 20.00  0.00  0.00
3 2481 4 7 3.0 01155155 012.01111122252006480055 17 2 17  05  4  0.00  3  0.00 10  0.00  0  0.00  0  0.00  0  0.00  0  0.00  0  0.00 17  0.00  0  0.00  0  0.00  0  0.00  0  0.00  0  0.00 11  0.00213000000000001  22.002555  00000 01111555  0  0 4 4 1 0 01 4.0 0  0.0 5  0.0 0  0.0 0  0.0 0  0.0 0  0.0 3  0.00 1  0.00 0  0.00 0  0.00 1  0.00 0  0.00 0  0.00 0  0.00999  3999 0 2 8400.00 9660.009998.005555 80.002 55.00  0.00 45.00  0.00  0.00  0.00  0.00  0.00
3 4789 2 3 8.0 01115155 012.01111122243006480055135 6 90  41  6  0.00 16  0.00 12  0.00 13  0.00 15  0.00  9  0.00999999.00  0 40.00  0 60.00  0  0.00  0  0.00  0  0.00  0  0.00  0  2.00  0  0.00213000000000001 155.003555  00000 01151555  0  0232010 8 31 5.510  0.0 7  0.0 1  0.0 1  0.0 0  0.0 0  0.0 0100.00 0 10.00 1  0.00 3  0.00 6  0.0099999.0099999.0099999.00  6999999 8 415000.0018000.009999.005519 85.002 90.00  0.00  0.00  0.00  0.00  0.00 10.00  0.00
3 2311 3 7 7.0 01115155 0 9.01111122198006480011 60 5 75 101  0  0.00  0  0.00  0  0.00 12  0.00 18  0.00 10  0.00 35  0.00  8  0.00 54  0.00 15  0.00  0  0.00  0  0.00  0  0.00999999.00  0100.00213000000000001  75.003551 711555751111151  0100 6 6 1 1991 8.0 3  0.0 2  0.0 1  0.0 0  0.0 0  0.0 0  0.0 6  0.00 2  0.00 1  0.00 0  0.00 0  0.00 0  0.00 0  0.00 0  0.00999  699910 4    5.00 7000.009999.005151999.002 90.00 75.00 75.00  0.00  0.00  0.00  0.00  0.00
3  553 3 523.0 01515115 0 9.01111122306005220055 20 1200 155999999.00999999.00999999.00  6  0.00  7  0.00  7  0.00999999.00998998.00998998.00999999.00999999.00999999.00999999.00  2  0.00999999.00120155555555555   0.00000999999999911115599999991010101099999.098998.098998.098998.098998.098998.098998.098998.0098998.0098998.0098998.0098998.0098998.0098998.0098998.00999999999999999999.0099999.009999.009991999.009998.00998.00998.00998.00998.00998.00998.00998.00
3 5886 3 715.0 01115555 012.01111122216006480011 85 5 76  45  4  0.00  9  0.00  9  0.00 12  0.00 10  0.00  1  0.00 27  0.00  1  0.00 69  0.00  0  0.00  0  0.00  0  0.00  0  0.00  0  0.00 60  0.00213000000000001  90.0031119991555601111555  0  0 8 8 1 1 91 6.0 0  0.0 9  0.0 0  0.0 0  0.0 0  0.0 0  0.0 0  0.00 0  0.00 8  0.00 0  0.00 0  0.00 0  0.00 0  0.00 0  0.00  2  0  0 4 4    5.15 9000.009999.005151999.001998.00998.00998.00998.00998.00998.00998.00998.00
3 5195 397 4.0 01111111 012.01111122234006480011114 7104  81 20  0.00 12  0.00 20  0.00 15  0.00 22  0.00  4  0.00 11  0.00  4  0.00100  0.00  0  0.00  0  0.00  0  0.00  0  0.00  2  0.00 95  0.00213000000000001  65.003511 955155951111551 95  01412 2 1 2999.0 0  0.014  0.0 0  0.0 0  0.0 0  0.0 0  0.014  0.0099999.00 4  0.0099999.0099999.0099999.0099999.00 0  0.00999999 10 2 1    5.00    7.50  35.001511 50.003  5.00  5.00 90.00  0.00  0.00  0.00  0.00  0.00
3 4809 2 713.0 0115515552 0.01111122234006300055 29 3 22  45  4  0.00  6  0.00 12  0.00  0  0.00  0  0.00  0  0.00  0  0.00 20  0.00  2  0.00  0  0.00  0  0.00  0  0.00  0  0.00999999.00 20  0.00120555555555151 293.005151 205155201111551  0 80 6 6 09999110.0 0100.0 0  0.0 0  0.0 0  0.0 0  0.0 0  0.0 0  0.00 0  2.00 0  1.00 0  1.00 0  1.00 0  1.00 0  0.00 0  0.00  6999999 4 4    5.50    7.00 100.001111 50.001998.00998.00998.00998.00998.00998.00998.00999.00
3  605 3 217.0 0151111536 0.01111122252005220051 91 4 85  51  0  0.00  0  0.00  0  0.00  0  0.00 15  0.00  5  0.00 65  0.00  0  0.00 85  0.00  0  0.00  0  0.00  0  0.00  0  0.00  0  0.00998998.00120555155555555   0.000005  00000 01511559  0 80 4 4 4 499121.0 3  0.0 1  0.0 0  0.0 0  0.0 0  0.0 0  0.0 0  0.00 0  0.00 0  0.00 0  0.00 3  0.00 1  0.00 0  0.00 0  0.00999999  4 1 121000.0029000.009999.001511999.009  0.00 30.00 50.00 20.00  0.00  0.00  0.00  0.00
3  758 3 3 6.0 01111115 0 9.01111122252006300055140 5100 141  0  0.00  0  0.00  0  0.00  0 25.00  0 40.00  0 35.00999999.00  4  0.00 96  0.00  0  0.00  0  0.00  0  0.00  0  0.00 11  0.00999999.00120155555555555   0.00000999999999911115599999991717 799 0112.0 0  0.017  0.0 0  0.0 0  0.0 0  0.0 0  0.099999.0099999.00 4  0.00 3  0.00 1  0.0099999.0099999.0099999.00999999999 2 399999.0099999.009999.009551999.009998.00998.00998.00998.00998.00998.00998.00999.00
3 1794 397 7.0 0111515550 0.01111122198006300011 12 1 129999  2  0.00  2  0.00  3  0.00  4  0.00  1  0.00  0  0.00  0  0.00  0  0.00  0100.00  0  0.00  0  0.00  0  0.00  0  0.00  0  0.00  3  0.00113000000000001   8.002595  00000 01111551 12  0 1 19999991 6.0 0  0.0 2  0.0 0  0.0 0  0.0 0  0.0 0  0.0 2  0.0099999.0099999.0099999.0099999.0099999.0099999.00 0  0.00  1999999999999999.0099999.009999.005599999.009999.00999.00999.00999.00999.00999.00999.00999.00
3 1361 2 1 0.0101155155 012.01111122252006120055 50 4 16  11  0  0.00  3  0.00  4  0.00  4  0.00  5  0.00  0  0.00  0  0.00  1  0.00 15  0.00  0  0.00  0  0.00  0  0.00  0  0.00  0  0.00998998.00113000000000001  55.003151  45515 41551555  0  0 3 0 3 0 01 5.0 0  0.099999.099999.099999.099999.0 0  0.0 6  0.0099999.00 0  0.0099999.00 1  0.0099999.0099999.00 0  0.00  2999999 0 0    0.00    0.00  50.005551  0.002 90.00  0.00  0.00  0.00  0.00  0.00 10.00  0.00
3 5697 4 7 9.0 0111511152 0.01111122234006480051 84 7 84  41  6  0.00  5  0.00 13  0.00 14  0.00 13  0.00 14  0.00 19  0.00 17  0.00 66  0.00  0  0.00  0  0.00  0  0.00  0  0.00  0  0.00 51  0.00213000000000001  65.003551 545155511151555999999 8 8 2 0 0999.0 5  0.0 3  0.0 0  0.0 0  0.0 0  0.0 0  0.0 8  0.00 3  0.00 1  0.00 0  0.00 0  0.00 0  0.00 0  0.00 0  0.00  8  8  0 4 4    5.15    5.359999.005521999.009999.00999.00999.00999.00999.00999.00999.00999.00
3 4685 3 7 7.0 01555155 012.01111122216006300055 12 3 12  01  2  0.00  2  0.00  2  0.00  2  0.00  2  0.00  2  0.00  0  0.00  0  0.00 12  0.00  0  0.00  0  0.00  0  0.00  0  0.00  0  0.00  2  0.00213000000000001  40.003555  00000 01111551 12  0 2 2 1 1 11 4.0 0  0.0 3  0.0 0  0.0 0  0.0 0  0.0 0  0.0 1  0.00 0  0.00 0  0.00 1  0.00 0  0.00 0  0.00 0  0.00 0  0.00  0  2999 0 099999.0099999.009999.005511999.002 80.00 50.00998.00998.00998.00  0.00  0.00  0.00
3 3667 4 2 5.0 01515115 010.01111122306005400055 40 2 40  11  0  0.00  0  0.00  0  0.00  0  0.00 40  0.00  0  0.00  0  0.00  0  0.00 40  0.00  0  0.00  0  0.00  0  0.00  0  0.00  0  0.00 10  0.00120555155555555   0.000001 401555 01155551 40  0 1 1 1 1 0120.0 0  0.0 2  0.0 0  0.0 0  0.0 0  0.0 0  0.0 0  0.00 0  0.00 0  0.00 0  0.00 0  0.00 1  0.00 0  0.00 0  0.00999999999 0 024000.0039000.009999.001111999.009  0.00 70.00 30.00  0.00  0.00  0.00  0.00  0.00
3 1453 3 210.0 0151515536 0.01111122297005040051 56 3 56  75  0  0.00  0  0.00  0  0.00 16  0.00  0  0.00 40  0.00  0  0.00  0  0.00 46  0.00  9  0.00  1  0.00  0  0.00  0  0.00  0  0.00  0 95.00120555155555155   0.000005  00000 01511555  0100 6 6 3 3 0119.0 2  0.0 4  0.0 0  0.0 0  0.0 0  0.0 0  0.0 6  0.00 3  0.00 0  0.00 0  0.00 0  0.00 3  0.00 0  0.00 0  0.00999  3999 0 026000.0049000.009999.001511999.009  0.00100.00  0.00  0.00  0.00  0.00  0.00  0.00
3 6153 49723.0 0111111537 0.01111122270005040055240999999999999999.00999999.00999999.00 40  0.00237  0.00  6  0.00999999.00  2  0.00237  0.00999999.00  0  0.00  0  0.00  0  0.00  3  0.00  0 40.00120555555555515   0.000005  00000 01111551  010024241212 0999.098998.098998.098998.098998.098998.098998.099999.0099999.00 8  0.00 1  0.00 4  0.00 1  0.00 0  0.00 0  0.00999 2499999 099999.0099999.009999.001991999.009  0.00999.00999.00999.00  0.00  0.00  0.00999.00
3 1935 3 3 8.0 01115555 0 9.01111122252006300051 30 4 30  21998998.00998998.00998998.00998998.00998998.00998998.00998998.00998998.00998998.00998998.00998998.00998998.00998998.00  1  0.00 10  0.00113000000000001  15.002555  00000 01111555  0  0 4 4 0 0 01 6.098998.098998.098998.098998.098998.098998.0 4  0.00 2  0.0099999.00 1  0.00 1  0.0099999.0099999.00 0  0.00999999999 0 020000.0012000.00  50.005551999.002 50.00999.00999.00999.00999.00999.00999.00999.00
3 3361 5 1 3.0 01515155 0 9.01111122270006480051 60 2 60  31  0  0.00  0  0.00  0  0.00 30  0.00 26  0.00  4  0.00  0  0.00  0  0.00 60  0.00  0  0.00  0  0.00  0  0.00  0  0.00999999.00999999.00120155555555555   0.000001 601555981111551 60  0 3 3 3 3 0110.0 1  0.0 5  0.0 0  0.0 0  0.0 0  0.0 0  0.0 1  0.00 1  0.00 1  0.0099999.00 3  0.0099999.0099999.00 0  0.00  2999999 0 014560.0014560.009998.001511 50.002999.00998.00998.00998.00998.00999.00998.00999.00
3 5999 3 312.0 01551111 012.01111122216006660011250 8195 121 12  0.00 23  0.00 30  0.00 37  0.00 30  0.00  6  0.00 61  0.00  0  1.00  0 98.00  0  1.00  0  0.00  0  0.00  0  0.00  0  0.00  0  1.00120511555511551 400.0055519991155 01111551  0  03020 6 3 0999.0 0  1.0 0 98.0 0  1.0 0  0.0 0  0.0 0  0.0 0100.0098998.00 0 20.00 0  0.00 0  1.00 0  1.00 0  0.00 0  0.00  1  0  3 5 412000.0013500.009998.005521 45.002 90.00  0.00  1.00  0.00  0.00  8.00  1.00  0.00
3 2687 2 2 1.0 0151111536 0.01111122297004770055 80 5 80 111  0  0.00  0  0.00  0  0.00  0  0.00  0100.00  0  0.00  0  0.00  0 11.00  0 88.00  0  1.00  0  0.00  0  0.00  0  0.00  0  0.00  0100.00120555155555555   0.000005  00000 01511555  0  0 5 5 5 5 0116.0 6  0.0 4  0.0 0  0.0 0  0.0 0  0.0 0  0.0 0  0.00 0  0.00 5  0.00 0  0.00 5  0.00 0  0.00 0  0.00 0  0.00999999 10 0 022000.0027000.003100.005511 90.009999.00998.00998.00999.00999.00999.00999.00999.00
3 2679 6 2 5.0 01511115 010.01111122252005760055999 1140 101  0  0.00  0  0.00  0  0.00 40  0.00100  0.00  0  0.00  0  0.00  0 70.00  0 28.00  0  2.00  0  0.00  0  0.00  0  0.00  0 10.00  0 60.00120155555555555   0.000005  00000 011115559999991414 499 0110.0 7  0.0 7  0.0 0  0.0 0  0.0 0  0.0 0  0.0 6  0.00 0  0.00 8  0.00 0  0.00 0  0.00 0  0.00 0  0.00 0  0.00 26 26999 6 2 9000.0099999.009999.001511999.009998.00998.00998.00998.00998.00998.00998.00998.00
3  627 2 2 6.0 01515115 0 9.01111122324005760055999142389991  0  0.00  0  0.00  0  0.00 79  0.00159  0.00  0  0.00  0  0.00999999.00999999.00999999.00999999.00999999.00999999.00 30  0.00999999.00120155555555555   0.0000099999999991511551  0 95 9 91212 0118.099999.0 2  0.099999.099999.099999.099999.0 0  0.00 0  0.00 3  0.00 0  0.00 6  0.00 1  0.00 0  0.00 0  0.00  1999 99 0 023000.0028500.005171.001111999.009  0.00 80.00  0.00 20.00  0.00  0.00  0.00  0.00
3  627 3 2 6.0 01515115 0 9.01111122324005760055999142389991  0  0.00  0  0.00  0  0.00 79  0.00159  0.00  0  0.00  0  0.00999999.00999999.00999999.00999999.00999999.00999999.00 30  0.00999999.00120155555555555   0.0000099999999991511551  0 95 9 91212 0118.099999.0 2  0.099999.099999.099999.099999.0 0  0.00 0  0.00 3  0.00 0  0.00 6  0.00 1  0.00 0  0.00 0  0.00  1999999 0 023000.0028500.005171.001111999.009  0.00 80.00  0.00 20.00  0.00  0.00  0.00  0.00
3 3822 3 712.0 01115115 012.01111122243006390055 60 6 54  61  0  0.00  0  0.00  0  0.00  8  0.00 27  0.00 19  0.00  0  0.00  2  0.00 21  0.00 30  0.00  0  0.00  0  0.00  1  0.00  0  0.00  4  0.00120515555555551  25.003151 491555 01111551 54  0 7 79999 01 9.0 0  0.0 5  0.0 2  0.0 0  0.0 0  0.0 0  0.0 7  0.00 7  0.00 5  0.00 1  0.00 0  0.00 0  0.00 0  0.00 0  0.00  7999999 0 015000.0016000.00  37.761111 70.002  9.20 61.29  0.00  0.00 28.19  0.00  1.32  0.00
3 3736 4 121.0 01515155 0 9.01112222336005400055 84 51329999  0  0.00 20  0.00 24  0.00 36  0.00 48  0.00  4  0.00  0  0.00130  0.00  1  0.00  0  0.00  0  0.00  0  0.00  1  0.00  0  0.00999999.00113000000000001  12.009515  00000 01155555  0  010 015 0 01 6.025  0.0 0  0.0 0  0.0 0  0.0 0  0.0 0  0.015  0.00 6  0.00 3  0.00 1  0.00 0  0.00 0  0.00 0  0.00 0  0.00999 25999 7 299999.0099999.009999.005555 80.001 98.00  0.00  0.00  0.00  0.00  0.00  1.00  1.00
3  714 399 1.0 01511115 0 9.01111122342005940055119 2252 165  0  0.00  0  0.00  0  0.00999999.00999999.00999999.00999999.00 13  0.00199  0.00 37  0.00  0  0.00  0  0.00  0  0.00  0 10.00  0 90.00120155555555555   0.0000012521555 01111551  0 98 7 7 8 8 01 9.0 8  0.0 8  0.0 2  0.0 0  0.0 0  0.0 0  0.018  0.0014  0.0011  0.00 4  0.00 0  0.00 0  0.00 0  0.00 0  0.00  8 15999 1 0    8.60   10.004200.001511 85.009999.00999.00999.00999.00999.00999.00999.00999.00
3 1217 5 220.0 01511115 0 9.01111122279005430055 60 3 48  15  0  0.00  0  0.00  0  0.00  0  0.00 48  0.00  0  0.00  0  0.00  0  0.00 48  0.00  0  0.00  0  0.00  0  0.00  0  0.00  8  0.00 38  0.00120555155555555   0.000001 405551 01999995  0 85 3 3 3 3 0120.0 1  0.0 2  0.0 0  0.0 0  0.0 0  0.0 0  0.0 0  0.00 0  0.00 0  0.00 0  0.00 1  0.00 2  0.00 0  0.00 0  0.00999999999 0 021000.0027000.009998.005111 85.009999.00998.00998.00999.00999.00999.00999.00999.00
3 1217 6 220.0 01511115 0 9.01111122279005430055 60 3 48  15  0  0.00  0  0.00  0  0.00  0  0.00 48  0.00  0  0.00  0  0.00  0  0.00 48  0.00  0  0.00  0  0.00  0  0.00  0  0.00  8  0.00 38  0.00120555155555555   0.000001 405551 01999995  0 85 3 3 3 3 0120.0 1  0.0 2  0.0 0  0.0 0  0.0 0  0.0 0  0.0 0  0.00 0  0.00 0  0.00 0  0.00 1  0.00 2  0.00 0  0.00 0  0.00999999999 0 021000.0027000.009998.005111 85.009999.00998.00998.00999.00999.00999.00999.00999.00
3 3673 3 1 0.0 21555111 010.01111122234006480011999 1 129991  0  0.00  0  0.00  0  0.00  0  0.00  0  0.00  0  0.00  0100.00  0  0.00 12  0.00  0  0.00  0  0.00  0  0.00  0  0.00  0  0.00998998.00113000000000001  80.003555  00000 01151555  0  0 2 2 0 0 0112.0 0  0.0 2  0.0 0  0.0 0  0.0 0  0.0 0  0.0 0  0.00 0  0.00 0  0.00 0  0.00 0  0.00 1  0.00 1  0.00 0  0.00999999999 0 020000.0025000.009999.005511999.009999.00999.00999.00999.00999.00999.00999.00999.00
3   54 3 130.0 01115151 012.0111112224300630005516599 81  71  0  0.00 18  0.00 12  0.00 36  0.00 15  0.00  0  0.00  0  0.00998998.00998998.00998998.00998998.00998998.00998998.00  0  0.00  0  0.001110000000000019999.003551  35155 31111555  0  01111 0 0 0999.011  0.0 0  0.0 0  0.0 0  0.0 0  0.0 0  0.011  0.00 4  0.00 3  0.00 0  0.00 3  0.00 0  0.00 0  0.00 0  0.00  3 10 10 1 012480.0099999.009999.005951999.003100.00  0.00  0.00  0.00  0.00  0.00  0.00  0.00
3 5405 4 1 5.0 01111111 012.01111122252006480055 40 2 25  21  0  0.00  0  0.00  9  0.00  6  0.00 10  0.00  0  0.00  0  0.00  0  0.00 25  0.00  0  0.00  0  0.00  0  0.00  0  0.00  0  0.00  4  0.00113000000000001  85.003551  45155 41111551 25  0 2 2 1 1 0110.0 0  0.0 0100.0 0  0.0 0  0.0 0  0.0 0  0.0 0  0.00 0  0.00 0  0.00 2  0.00 0  0.00 0  0.00 0  0.00 0  0.00999  1999 3 3    7.50    7.509999.001111999.002998.00998.00998.00998.00998.00998.00998.00998.00
3 3987 3 215.0 0111111136 0.01111122270005400055 60 3 59  51  0  0.00  0  0.00  0  0.00  0  0.00 59  0.00  0  0.00  0  0.00 11  0.00 48  0.00  0  0.00  0  0.00  0  0.00  0  0.00  0  0.00  0 70.00120555555555155   0.0000019999999991999995 78  0 2 2 2 2 0120.0 1  0.0 1  0.0 0  0.0 0  0.0 0  0.0 0  0.0 0  0.00 0  0.00 0  0.00 0  0.00 2  0.00 0  0.00 0  0.00 0  0.00999  0999 1 121000.0027000.001500.001999999.009999.00999.00999.00999.00999.00999.00999.00999.00
3 4149 6 215.0 0111111136 0.01111122270005400055 60 3 59  51  0  0.00  0  0.00  0  0.00  0  0.00 59  0.00  0  0.00  0  0.00 11  0.00 48  0.00  0  0.00  0  0.00  0  0.00  0  0.00  0  0.00  0 70.00120555555555155   0.0000019999999991999995 78  0 2 2 2 2 0120.0 1  0.0 1  0.0 0  0.0 0  0.0 0  0.0 0  0.0 0  0.00 0  0.00 0  0.00 0  0.00 2  0.00 0  0.00 0  0.00 0  0.00999  0999 1 121000.0027000.001500.001999999.009999.00999.00999.00999.00999.00999.00999.00999.00
3 3987 4 215.0 0111111136 0.01111122270005400055 60 3 59  51  0  0.00  0  0.00  0  0.00  0  0.00 59  0.00  0  0.00  0  0.00 11  0.00 48  0.00  0  0.00  0  0.00  0  0.00  0  0.00  0  0.00  0 70.00120555555555155   0.0000019999999991999995 78  0 2 2 2 2 0120.0 1  0.0 1  0.0 0  0.0 0  0.0 0  0.0 0  0.0 0  0.00 0  0.00 0  0.00 0  0.00 2  0.00 0  0.00 0  0.00 0  0.00999  0999 1 121000.0027000.001500.001999999.009999.00999.00999.00999.00999.00999.00999.00999.00
3 3549 3 713.0 01115155 012.01111122216007560011 88 5 88 105  6  0.00 15  0.00 30  0.00 31  0.00 27  0.00  5  0.00999999.00  0  0.00  0100.00  0  0.00  0  0.00  0  0.00  0  0.00  2  0.00  0 30.00113000000000001  60.003551 305155151111151  01001815 0 0 21 9.0 0  0.0 0100.0 0  0.0 0  0.0 0  0.0 0  0.0 0  0.00 0  0.0015  0.00 0  0.00 3  0.00 0  0.00 0  0.00 0  0.00 18999999 2 110400.00 5500.002000.005151 20.001 35.00  0.00 65.00  0.00  0.00  0.00  0.00  0.00
3 1279 39799.09999999999999.0111112299999999991199999 32  49999999.00999999.00999999.00999999.00999999.00999999.00999999.00  5  0.00 26  0.00  0  0.00  1  0.00  0  0.00  0  0.00999999.00999999.00999999999999991 333.0055599999999999999999  0  0 4 3 1 0 01 8.0 3  0.0 2  0.0 0  0.0 0  0.0 0  0.0 0  0.0 0  0.00 1  0.00 1  0.00 2  0.00 0  0.00 0  0.00 0  0.00 0  0.00  0  0  0 2 214560.0016000.009998.009999999.009999.00999.00999.00999.00999.00999.00999.00999.00
