3 1336 5 516199713.019.50 7.0 7.09999323228852225515558555593332332333333333333223333233333055 2 9 0 00031501 0 0 0 012 0 00100599 60.0361999991519919211946555537.52432000.00 319199730452520027900 12520027900102790028800102880030600103060031500999999999999504001 15040052200 95220053400999999999999 0    0    0 0    0    05760050    0    00    0    00    0    00    0    00    0    01
3 1487 6 512199731.0 1.50 1.0 1.0 1 1299929910000000000000000000000000000000000000000000000000999999999961505999999999999991000019 36.0365155159555551211945555148.02428000.00 5 1199741153240032400103240033000103300034200999999999999 0    0    0 0    0    0378005 0    0    0 0    0    0 0    0    0 0    0    0 0    0    04500011684007380037380084600684600864000    0    00    0    01
3 2732 4 4 4199712.0 5.00 7.0 7.0 11222322225232555555555511332233231332232333333233222122305512 0 0 00015121 0 0 012 0 0 02000050108.0371199919511199211948111130.03312000.00 4 3199740 53060032400 73060031500 43150032400109999999999 0    0    0 0    0    0414001 44140042300104230044100 0    0    0 74230044100 24230044100549001768400729000    0    046840072900568400729000    0    01
3  475 3 412199712.0 2.50 8.0 8.0 21721333325322555555555559233323113332233312322333333323305517 0 0 00075501 0 0 013 4 0 01000050 72.0361999999519919271956511116.03410000.00 410199740102880032400 12880030600103060031500103150032400 43240034200999999999999414001104140046800 44140046800 54140046800 0    0    0 0    0    057600179999999999599999999990    0    00    0    00    0    01
3 2817 3 521199715.0 9.0011.011.0 112283212851225555558555593333333332332333333333333333333055 6 0 4 10111501 0 0 0 6 6 0 01001011 36.0365555555555555211969511140.04419500.00 521199730 52250023400 12250023400 22340024300999999999999 0    0    0 0    0    0648005 0    0    0 0    0    0 0    0    0 0    0    0 0    0    05400050    0    00    0    00    0    00    0    00    0    05
3 2121 3 417199712.0 5.00 8.0 8.0 11711333315122555555555559332313333332333333333323232332321417 0 0 00011111 0 0 0 611 0 02000050144.0769199999591199211951551135.02323000.00 417199740 53060032400 13060032100 53060032100 33060032100 43210033000 0    0    0540005 0    0    0 0    0    0 0    0    0 0    0    0 0    0    054900119999999999599999999990    0    00    0    00    0    01
3 1504 49999999913.0 7.50 2.0 2.0 01621222115222555555555559999999999999999999999999999999915216 0 0 00011501 0 0 0 012 4 01010011132.0361115559555559211952511131.022 8100.009999999910 23060032400103060030900 13090031500 53150031800 33180032400 0    0    0540001 25430054600105460054900 35490055200 0    0    0 0    0    0552001769600720000    0    00    0    00    0    00    0    01
3 2344 4 414199713.012.00 7.5 7.5 01021321385321555555555559233232232332233323233333323333305510 0 0 00041501 0 0 0 0 1 9 01010050  7.5371199999599991211943551115.056 3000.00 414199710182880032400 12880030600 33060031200 53120031800 43210032700 0    0    0432001 44350045600 14560046500 0    0    0 0    0    0 0    0    0468001757600588000    0    00    0    00    0    00    0    01
3 4453 41022199715.050.0099.099.0991219911115222555555959559222222122223233321322323233122205399 099999995991 0 0 09999 0 09900012  8.0365555555555551211974511130.045 9400.001117199711 03240023400 13150032400 33240032700 53270033300 0    0    0 0    0    0648009999999999999 0    0    0 0    0    0 0    0    0 0    0    0540001155800576000    0    00    0    00    0    00    0    01
3 4264 310 8199715.0 3.50 2.036.0 41411323215222555555555519333333323323333332333323333333315112 2 0 00071501 0 0 0 0 0 0141001113 60.0371999999519999211965551140.03426000.0010 8199720252880027900 12880029100 52910029400102940030600 0    0    0 0    0    0612005 0    0    0 0    0    0 0    0    0 0    0    0 0    0    05760050    0    00    0    00    0    00    0    00    0    01
3 4264 410 7199713.0 9.00 2.0 2.0 012112111110000000000000000000000000000000000000000000000000 9 3 0 00071501 0 012 0 0 0 01020013 24.0371551555515551211956511140.03424000.009999999930152676028800 32688027360 12736027660 52766028200 42820028620102862030600612005 0    0    0 0    0    0 0    0    0 0    0    0 0    0    0585001772600750000    0    00    0    00    0    00    0    01
3 1046 4 411199712.0 5.00 7.0 7.0 11821321215121555555555559332333333333333333332333333322305512 0 1 00411501 0 0 0 9 8 0 01100011156.0365111559551119211949555530.013 9100.00 416199730153060031500103060031080103108032100 0    0    0 0    0    0 0    0    0540001 15310053400 35340053880 95388064800 0    0    0 0    0    06480050    0    00    0    00    0    00    0    00    0    01
3 2084 3 421199714.010.00 8.0 8.0 21521322225112555555155119233332233333233333332333233333309915 0 0 00055501 0 0 0 0 510 01010011 36.0365115559511511211951551115.03412500.00 421199710 54200043200 54200042900 34206042300 14236042540104260042720104296043200522001 45250052800 55280053100105310053700 15370054000 354000543005460013594006150066390066000468400714000    0    00    0    01
3  756 4 429199715.031.00 8.0 8.0 21921222215221515555155551223233133233233321322312123322115111 2 6 00071501 0 0 0 6 4 8 01011013 96.0361155559551119211967511137.02623000.00 429199720 22700027900 52700027300 32700027300 12730027600 72760027900 42790028800504001 15040051300 35130052200 55220053100 75310055800 2558005670056700117920081000581000828000    0    00    0    00    0    01
3 4277 39999999915.040.0036.036.0 12022333335231555515155119333333223233233333333333333333341113 3 1 10271501 0 0 0 0 614 04000050 36.0365555555511119211968551140.03420000.00 611199730202670027000 12670027300 52670027300999999999999 0    0    0 0    0    0648005 0    0    0 0    0    0 0    0    0 0    0    0 0    0    05580050    0    00    0    00    0    00    0    00    0    01
3 6100 312 8199711.0 2.00 4.0 4.0 11222322321000000000000000000000000000000000000000000000000012 0 0 00015501 0 010 2 0 0 01000013 60.0365555559555555211953551125.033 5000.0012 5199750102700031500 12700030600 53060031200 33120031500 43150031800 43180032400396001 43990040500 74050041100104110042300 54230043200 343200444004500050    0    00    0    00    0    00    0    00    0    01
3 5143 3 519199714.010.00 9.0 9.0 02411333335111555555555559333333333333333333333333333333311224 0 0 00011505 0 0 0 118 5 02100050 84.0375111555555555211958511127.045 8000.00 519199790 52970030600999999999999 0    0    0 0    0    0 0    0    0 0    0    0999999999999999999 0    0    0 0    0    0 0    0    0 0    0    0999999999999999990    0    00    0    00    0    00    0    09
3 1395 31021199722.0 5.00 2.0 2.0 01792322325222999911199115333333333333333333333333333333321116 0 0 01031501 0 0 0 313 1 01010012 48.0359555551111115211955555140.01115000.001021199720302880032400 12880029700 32970030300 23030030600 43060031200 53120031500504001 15040051600 35160053100 25310054000 75580057600 8576005850059400116300064800364800654007654006720046720067800567800702001
3 2966 4 619199715.017.50 9.0 9.099 9299299952125555555555593333333333333333333333333333333152 9 0 0 00015501 0 0 0 0 3 6 01000050 48.0761199999599991211952555517.543 5600.00 619199790303150032400 13150032100 43210032400999999999999 0    0    0 0    0    0432001104320045000104500045600104560046200104620046800 0    0    046800176900069600769600702000    0    00    0    00    0    01
3  306 41029199715.0 3.00 3.0 3.0 216293229952225555551515593332323323332333333333332333232055 1 6 7 11051991 0 0 0 0 099991010012 48.0361155551955519211968551140.04328000.0011 3199710152760028800 12760027900 42790028800109999999999 0    0    0 0    0    0399001 43990040500104050042300104230044400104500055200 855200594005940050    0    00    0    00    0    00    0    00    0    01
3 1104 3 326199715.040.00 8.0 8.0991811332335111515555151559233323333333333332333333333332305517 0 0 10071501 0 0 117 0 0 01010150 42.0361991999511559211970151150.04419000.009999999930152700027000102700027900 0    0    0 32700027900 42700027900 52700027900639005 0    0    0 0    0    0 0    0    0 0    0    0 0    0    06120011666006840036840070200670200720000    0    00    0    05
3 3641 3 425199712.010.00 8.0 8.0 0 8993322251115555555551193333323333333333333333333333333055 8 0 0 00075501 0 0 0 3 5 0 00100050 24.0345999999199999211954111125.02299999.00 424199740 52880030600 12880030600 32880030600 52880030600 43060032400 93240045000450001104500046800 0    0    0999999999999 0    0    0 0    0    04680050    0    00    0    00    0    00    0    00    0    01
3 4296 41024199715.020.0099.0 2.0 02022332135111555555555559333333333333333333333333333333315220 1 0 01011501 6 4142020 4 52122050 96.0361155559551559211974511140.04420000.001211199740 32250022500 12262022920 42346032520 52430034200102340034200103420038400999999999999999999 0    0    0 0    0    0 0    0    0 0    0    0999999999999999990    0    00    0    00    0    00    0    09
3  434 3 319199715.0 3.00 7.0 7.0 42021322215222555555155559332323223333333333323333333332311313 6 0 00161501 0 0 0 0 0 0201001012 84.0765115559555559211944555540.03339000.00 319199730202880032700 12880029400 32940029700 52970030000 33000032100103210032700573001105730057900105790058920 35892059400 0    0    0 0    0    0594001759400648000    0    00    0    00    0    00    0    01
3 5694 21016199715.025.00 2.0 2.0 81911311115122555511151119333333333333333333333333333333311211 6 2 00075501 0 0 0 018 1 01010012132.0355555555155511211938551135.02199999.001016199740102520027900102520027900 0    0    0 0    0    0 0    0    0 0    0    0468001104680048600104860050400 75040051300 0    0    0 0    0    051300115760061200575600774000    0    00    0    00    0    01
3   76 3 430199713.5 7.50 8.099.0 42021222215212555555555559333333333333333333333333333333305520 0 0 00041501 0 0 0 0 515 02000012240.0745555555511919211945551140.01118000.00 428199710152640032400 12670028800 52880029400 52940030000 43000030300103030032100558005 0    0    0 0    0    0 0    0    0 0    0    0 0    0    054600166660075600578300810000    0    00    0    00    0    01
3 3372 3 615199713.0 6.0010.024.0 01428332335111555555555555333333333333333333333333333333305513 0 0 00131501 0 0 0 2 8 4 01100050 60.0365155555511515211950551125.022 8000.00 611199730152790032400 12790030000 33000030600 53060031500 43150032700999999999999432001 44320043800 54410045000 14500045900999999999999 0    0    0468001151300558000    0    00    0    00    0    00    0    01
3 3372 4 618199792.0 6.0010.010.0 01321222221000000000000000000000000000000000000000000000000012 0 0 00151501 0 0 0 2 9 2 00200012 30.0395555555519919211972555135.04218000.00 618199730202700032400 92700030600 13060031200 33120031500 53150032100 43210033000648001 44320043800 14380044700 54470045000 94500046800 0    0    046800115400055800765700702000    0    00    0    00    0    01
3  765 2 423199715.050.00 7.024.09915193211252125555959958892333322321132333222233323331332055 8 5 1 10011505 0 0 011 4 0 09900012 42.0339555559555559211970551140.09999999.009999999920102700030600 92880029700 13120031500103180033300 0    0    0 0    0    0666001999999999999 0    0    0 0    0    0 0    0    0 0    0    06300050    0    00    0    00    0    00    0    00    0    05
3 1365 4 528199713.0 6.00 7.0 7.0 21522331235222555555155559332333333333333333333333333333305510 0 4 00171501 0 0 0 0 114 01020015 60.0355555559111119211958511135.032 8000.00 521199730102700028800 12700027600 22760028200 52820028800999999999999 0    0    0450001 74500045180 44518045360 545420456001045600432009999999999994860014588006000017650079200584000864000    0    00    0    01
3 2045 3 623199715.050.00 9.0 9.099 7111211110000000000000000000000000000000000000000000000000 4 3 0 00015501 1 7 0 0 0 0 01200050 36.0325555555515119211971555540.02210500.00 623199730302310023400102340032400 53240036000999999999999 0    0    0 0    0    0648005 0    0    0 0    0    0 0    0    0 0    0    0 0    0    05580050    0    00    0    00    0    00    0    00    0    01
3 2274 4 6 2199711.0 3.00 8.0 8.0 017999929952115555551551193333333333333333333333333333333152 6 0 1100031501 0 0 015 2 0 01001112 24.0365555555511119211955555138.02413500.00 513199720112880032400 12880030600 43060031200 52970031800 32880029700 73180032400432001104320044100 344100459001045900468001046800522001053100576005760050    0    00    0    00    0    00    0    00    0    01
3 2616 4 5 8199715.030.00 8.0 8.0 11422321115122555555555555333333333333333333333333333332305514 0 0 00051501 0 0 0 113 0 01010012264.0361115555151559211954551143.03117500.009999999950 42880027000 12880029400 32940029700 52940029700102970030300 43030031500612001104230046800104680061200999999999999 0    0    0 0    0    06120050    0    00    0    00    0    00    0    00    0    01
3 4724 41210199713.0 7.50 3.524.0 12121399395231555555555559232992231122219111232333333333305918 1 1 10051121 0 0 0 017 4 11010050276.03611999999555152119395511 7.521 7000.009999999990152880032400 12880029400102940029700102970030300 43030031500999999999999414001999999999999 54200043200 0    0    0 0    0    0 0    0    043200116840071100372000738000    0    00    0    00    0    09
3 1529 4 516199713.0 7.50 8.024.0 61822322215233555555555555132323233332333332333323323332305517 0 0 10011501 0 0 0 1 413 09191950  8.0361199999511191211959511117.035 6500.00 519199710 23000032400103000031800103180032700 0    0    0 0    0    0 0    0    0414001 14140041580 24158041820 54182042000 0    0    0 0    0    0420001373800756000    0    00    0    00    0    00    0    05
3  406 39999999913.0 9.00 7.0 7.0 01322332225212555555155111232333233333333333333333333332305513 0 0 00061501 0 0 0 0 7 6 01010011108.0165555555555511211955555120.056 9000.00 324199710203150033000 13150032400 83240033000999999999999 0    0    0 0    0    0459005 0    0    0 0    0    0 0    0    0 0    0    0 0    0    045900115940063000469300702000    0    00    0    00    0    01
3  655 5 528199715.040.00 8.0 9.0 01529312115121555555555559333333333333333333332313333333305513 0 0 20051501 0 0 0 0 9 6 01010011  8.0369199991599919211973511147.54521000.00 528199730102880025200 32850028800 0    0    0 0    0    0 0    0    0 0    0    0630005 0    0    0 0    0    0 0    0    0 0    0    0 0    0    06300050    0    00    0    00    0    00    0    00    0    01
3 2193 3 418199715.050.0024.024.0 310223222252225555555555552333322333233333223333223333332153 8 1 0 00025501 0 0 010 0 0 01010050 72.0345555555551115211954511160.03215000.00 423199730 72250021600 22340024000 42400024600 32460025200 0    0    0 0    0    0630001999999999999 0    0    0 0    0    0 0    0    0 0    0    06360050    0    00    0    00    0    00    0    00    0    01
3 3231 4 429199715.0 9.5099.099.0991019211111000000000000000000000000000000000000000000000000010 0 0 00015501 0 0 8 2 0 0 01000050120.0725555555599919211951511130.011 7500.009999999950 52520028800 12880029400102940031200 33120033300103330040500104050052200648005 0    0    0 0    0    0 0    0    0 0    0    0 0    0    04680050    0    00    0    00    0    00    0    00    0    01
3 1882 41015199715.030.00 1.5 1.5 020223291151215515111888193313321322221333132333332333332113 217 1 00031501 0 0 0 0 614 01010013120.0359199999119999221944155135.01199999.001015199730252610027000102700028800102880030600103060031800 0    0    0 0    0    0522001104500048000 0    0    0 0    0    0 0    0    0 0    0    05400050    0    00    0    00    0    00    0    00    0    01
3 4419 3 514199715.043.00 2.0 2.0 11422318115233555555555119133323223333133132323312323332305513 0 1 00071501 0 0 0 0 5 9 01199911 84.0365555555555515211968555540.02216000.00 513199720452160021600 12160022500 32250022800 42280028800 52520030600 92520032400648005 0    0    0 0    0    0 0    0    0 0    0    0 0    0    05040050    0    00    0    00    0    00    0    00    0    05
3 1320 3 329199711.0 9.00 7.0 7.0 01311311115121555555555119233333333333323333323333333333305513 0 0 00011501999999999999991010012  8.0745555555111519211963555140.02217500.009999999940202700023400 42700027300 52730027600999999999999 0    0    0 0    0    0648005 0    0    0 0    0    0 0    0    0 0    0    0 0    0    0594001664800792000    0    00    0    00    0    00    0    01
3 2159 3 527199715.045.00 7.099.0 31111311115222555555555555333323333333333333333332333332305511 0 0 00011501 0 0 0 0 6 5 01100050  7.0969199991599959211962951140.01399999.00 527199720102700032400 12700030600 22700028800102880032400999999999999 0    0    0648005 0    0    0 0    0    0 0    0    0 0    0    0 0    0    057600117380077400577400792000    0    00    0    00    0    01
3 2159 4 520199715.045.00 9.042.0 11011911311000000000000000000000000000000000000000000000000010 0 0 00071501 0 010 0 0 0 01000012 12.0325555555999995221977511140.042 2048.40 519199710 53060021600103060032400 33420036000103600037800103780038400103900041400648009999999999999 0    0    0 0    0    0 0    0    0 0    0    0612001999999999990    0    00    0    00    0    00    0    01
3 1219 3 428199725.045.00 3.0 9.0 21132323115222555555555555333333333323333333333333333333305510 0 1 00015501 0 0 110 0 0 02200050  9.0335555555555511231971551140.023 9000.00 428199710152790027000 92790029400 12940029700 72970029820 32982030000 0    0    0630005 0    0    0 0    0    0 0    0    0 0    0    0 0    0    05580050    0    00    0    00    0    00    0    00    0    01
3 3233 41124199715.040.00 4.018.0 2 4112311251115555555555593333332222323333333233333333333055 3 0 0 00015505 0 0 0 3 0 0 01000050 18.0325555555555555211978555540.09999999.001124199710102520032400 52520032400 42520032400 92520032400103300036000 0    0    0630005 0    0    0 0    0    0 0    0    0 0    0    0 0    0    05760050    0    00    0    00    0    00    0    00    0    01
3 4474 310 2199715.0 8.00 4.0 4.0 61213311215222555555555555333333333323333333333323333333305910 1 0 10071501 0 0 012 0 0 01100012 54.0395555555551999231954111135.011 8000.0010 1199730 52490025200 42520030600 0    0    0 0    0    0 0    0    0 0    0    0648005 0    0    0 0    0    0 0    0    0 0    0    0 0    0    05040050    0    00    0    00    0    00    0    00    0    01
3 4220 3 527199713.0 7.50 8.0 8.0 11528333315232555555155559333332232232132223333333233333211213 0 0 20075501 0 0 0 015 0 00101050 84.0365555555599991211951511130.03214000.00 530199750152970032400 12970030600 33060031200 53120031500 23150032100 43210032700414001104230044400999999999999 0    0    0 0    0    0 0    0    04440050    0    00    0    00    0    00    0    00    0    05
3 4220 4 527199713.0 7.50 8.0 8.0 11518333315222555555155559333333333333333333333333333333311213 0 0 20075501 0 0 0 015 0 00101050 84.0365555555555551211951511130.03214000.00 527199730152880032400 12970030300 33030031200 53120031500 23150032100 43210032400414001 14200042900104290044100104410053100105310054900 554900564005670050    0    00    0    00    0    00    0    00    0    01
3 5796 31022199715.040.00 3.0 3.0 210122129110000000000000000000000000000000000000000000000000 010 0 00015501 9 1 0 0 0 0 02000050 42.0765555555599119221970551147.543 8999.001022199730102400023400999999999999 0    0    0 0    0    0 0    0    0 0    0    0630005 0    0    0 0    0    0 0    0    0 0    0    0 0    0    05220050    0    00    0    00    0    00    0    00    0    01
3 1525 310 3199715.040.00 1.060.0 31433338335121555555551119232322232322322322222311122322205413 0 0 10021501 0 0 0 0 0 5 91000015 12.0361199999555511211974555550.04513000.0010 3199750452520032400102520026100102610027900 92790032100 0    0    0 0    0    0540001105400055800105580057600 0    0    0 0    0    0 0    0    0576001764800666000    0    00    0    00    0    00    0    01
3  516 3 520199755.0 6.00 9.0 9.0 3 7339339910000000000000000000000000000000000000000000000000 6 0 0 00021501 0 0 7 0 0 0 01001099  9.0935599999591999211949951140.02212000.009999999920302880027000 12880030600 0    0    0 0    0    0 0    0    0 0    0    0540009999999999999 0    0    0 0    0    0 0    0    0 0    0    05490050    0    00    0    00    0    00    0    00    0    01
3 4134 49999999912.0 8.00 9.036.0 01722333335222555555155559333332323323233233333323333333315315 0 1 10071501 0 0 0 0 512 00200011 84.0335555555551515211949511116.013 3997.00 513199720 63150032400 13156033300 33330033720103372033960 53396034200103420099999486001 14890049800 84980052500999999999999 0    0    0 0    0    0528001761200630000    0    00    0    00    0    00    0    01
3  732 4 515199712.0 5.00 8.0 8.0 01429323335122555555555559233232332222232332233333233223205510 0 0 31011121 0 0 0 7 7 0 00101050288.0365155559555551211942555120.03399999.00 515199740252880032400 12880030600 23060031500 33150032100 52970032100 43180033000540005 0    0    0 0    0    0 0    0    0 0    0    0 0    0    05460050    0    00    0    00    0    00    0    00    0    01
3 2464 31019199715.024.00 2.0 2.0 01911323215111555555155555333333333333333333333333333333311119 0 0 00061501 0 0 0 019 0 01010014192.0761115555599119211940511135.02425000.001017199750 52970032400 52970030000 13000030600 33060031200103120031800 43180032400540001105400055800 15580056400105640058200 75820058500 0    0    0585001759400645000    0    00    0    00    0    00    0    05
3  365 3 412199712.0 4.00 7.0 7.0 01521223385122555555555559333333333333333333332333333323301515 0 0 00015501 0 0 0 311 1 01000012  7.0365155559555555211959511118.022 6000.00 320199740 52850032400 32850029100 12910030900 43090031500 93150032400 0    0    0396001 33960040500104050041700 0    0    0 0    0    0 0    0    0417001173800765000    0    00    0    00    0    00    0    01
3 4136 4 6 5199712.099.00 9.099.0 01811111125122555555555559333232233233233223333333133233105517 0 0 10011505 0 0 0 0 9 8 02000012  9.0161155559551515211973555140.055 9600.00 6 5199740152880023400102880034200 0    0    0 0    0    0 0    0    0 0    0    0630005 0    0    0 0    0    0 0    0    0 0    0    0 0    0    05940050    0    00    0    00    0    00    0    00    0    01
3 5613 51218199713.012.00 4.024.0 31621222125444511555155111233333133333333333333333333333315113 1 1 00151505 0 0 0 0 9 7 01201050252.0345555555511515211936511138.02216000.001218199740102520026100 12520025800 52580026100 72610026400 0    0    0 0    0    0630001 45850059400 0    0    0 0    0    0 0    0    0 0    0    0594001166600684000    0    00    0    00    0    00    0    01
3  892 49999999915.099.00 9.099.0991332332225121555555555559132121331111121321122133331223351113 0 0 00011121 0 0 0 310 0 01000011 72.0345555555555515211974511130.042 1000.00 515199740152520030600102520030600 42520030600 32520027000999999999999 0    0    0432005 0    0    0 0    0    0 0    0    0 0    0    0 0    0    046800116480068400768400792000    0    00    0    00    0    05
3 4862 412 3199712.0 8.00 3.024.0 01121222225999555555555555999999999999999999999999999999995911 0 0 00061501 0 0 0 8 3 0 02000050 24.0365555555555155211958555120.045 5850.0012 3199730203030033300 13060032100 33210033000 53300033300 0    0    0 0    0    0468001 44680047400 54740048000 24800048600 14860049200 0    0    052800117380075600775600768000    0    00    0    00    0    01
3 4239 2 512199755.042.0030.030.0 010123332251115555551555112323332322222332322333332333322112 8 1 1 00071501 0 0142010 0 86000014144.0375155559111119211947155150.03332000.00 512199710123060023400 13060032400 33240046800 44680050400 75040055800 95580063000648005 0    0    0 0    0    0 0    0    0 0    0    0 0    0    063000116840072000372000738000    0    00    0    00    0    01
3 4211 4 528199715.010.00 9.024.0 11721221125212555555555559333333333333233333333333333333305516 0 0 10061501 0 0 0 0 710 01300050240.0369199999555551211943555131.023 7700.00 528199740 83150033600 13150033600103360035100 0    0    0 0    0    0 0    0    0414001 14230042900104290044400104440052200105220053100105310054600558001770200774000    0    00    0    00    0    00    0    01
3 3516 4 625199713.0 9.0010.010.0 01621333335112555555555559333333333333333333333333333333305516 0 0 00075501 0 0 016 0 0 01000112132.0361999999599991211953511123.02217000.00 514199730103060033300 13060031500 33150032400 53240032700 43270033300999999999999432001 44320044100104410045000 54500045600999999999999 0    0    04590013702007080017080072900572900756000    0    00    0    01
3 3567 31113199713.021.00 3.5 8.0 51719291125222555555555555333333333333333333333333333333305516 0 0 10015505 0 0 0 0 9 8 01010050156.0339999999555515211938511135.02199999.001113199740 52610027000 12610027000 32610027000 92700028800 0    0    0 0    0    0999999999999999999 0    0    0 0    0    0 0    0    0 0    0    0999999999999999990    0    00    0    00    0    00    0    09
3  451 4 422199715.0 2.25 8.0 8.0 31821332335222555555155519333333333333333333333333333333315416 0 1 10051501 0 0 0 010 7 11010050 18.03611999995919992119525555 8.02248000.00 421199710602970033300 12970030600 53060031200 33120032400 43240032700 23270033300558001 14170042600 24170042600 34260045600104590047400 0    0    05670014654006750016840073800575600786000    0    00    0    01
3  789 7 5 1199713.0 7.50 8.0 8.0 5 9223133252225555555551193333333333333333333233333333333055 9 0 0 00015501 0 0 0 0 5 4 00100050 96.0365155559555559211950555118.015 8000.00 428199710153060032400 13060032100 0    0    0 0    0    0 0    0    0 0    0    0558005 0    0    0 0    0    0 0    0    0 0    0    0 0    0    0567001166600684000    0    00    0    00    0    00    0    01
3  315 49999999935.012.50 6.0 6.0 2 6223112152225515551151193332323222323332233233333322223014 5 0 0 10051121 0 0 0 0 1 5 00101014 24.0341555155515555211970555528.02310720.00 5 1199740402670029700 32640027900 82790028800 12880029700102970031800 0    0    0387001 43870039000 53900039600 23960040500 34050041400 0    0    0414001168400720000    0    00    0    00    0    00    0    01
3 2028 31220199719.099.0099.099.0 0 4111111110000000000000000000000000000000000000000000000000 4 0 0 00019509999999999999991000012 24.0335555551999999211954599999.01199999.001219199751 02340023400999999999999 0    0    0 0    0    0 0    0    0 0    0    0999999999999999999 0    0    0 0    0    0 0    0    0 0    0    0999999999999999990    0    00    0    00    0    00    0    09
3 2028 41220199719.099.0099.099.0 0 4111111110000000000000000000000000000000000000000000000000 4 0 0 00029509999999999999991000012  2.0335555555999999211954599999.01199999.001219199751 02340023400999999999999 0    0    0 0    0    0 0    0    0 0    0    0999999999999999999 0    0    0 0    0    0 0    0    0 0    0    0999999999999999990    0    00    0    00    0    00    0    09
3  724 3 5 2199715.0 9.00 5.0 5.0 3 5999999910000000000000000000000000000000000000000000000000 5 0 0 00011501 1 2 1 1 0 0 01000012  6.0335555551599199211954511155.01199999.00 5 2199750302160023400 12160023400 33240036000 42340024000 74320045000 0    0    0630005 0    0    0 0    0    0 0    0    0 0    0    0 0    0    0630001166600684000    0    00    0    00    0    00    0    01
3 3646 3 513199795.045.00 2.024.0 11411382181000000000000000000000000000000000000000000000000012 0 0 01115501 0 014 0 0 0 02000115 12.0321555555515555211959551139.51199999.00 513199720153060023400999999999999 0    0    0 0    0    0 0    0    0 0    0    0648005 0    0    0 0    0    0 0    0    0 0    0    0 0    0    0630001166600702000    0    00    0    00    0    00    0    01
3 2326 5 530199734.0 2.50 9.0 9.0 01632222115222555555151559333333233333233323333333333333205515 1 0 00011501 0 0 0 010 6 01010012 84.03611151591199192119395555 9.02343000.00 530199750352970032400 12970030600 43060032100 23210032700999999999999 0    0    0540001 55400054600 25490055800 75610061200 36120063900 1648007020071100117650079200379200828000    0    00    0    00    0    01
3 4874 4 618199715.0 8.00 9.0 9.0991211221115111555555555555333333333333333333333333333333305512 0 0 00011501 0 0 0 012 0 01000050 11.0125555555555555219999511135.09999999.00 618199799992700028800999999999999 0    0    0 0    0    0 0    0    0 0    0    0648005 0    0    0 0    0    0 0    0    0 0    0    0 0    0    0522001999999999990    0    00    0    00    0    00    0    09
3 2852 4 429199712.0 8.00 8.0 8.0 02029313115999999999999999999999999999999999999999999999999919 0 0 10051121 0 0 020 0 0 02000099144.0371999999555559211962955130.02319500.00 429199720153060031500 13090031500 33150032400 43240033300 73240033300 73360034200432001 24320044100 44410045000 0    0    0 0    0    0 0    0    04500050    0    00    0    00    0    00    0    00    0    01
3 3179 4 610199712.0 6.0010.010.0 02011321125232555555555559333333333332333333332323333333305518 0 0 10011501 0 0 0 515 0 02000050144.0371999999591999211962555140.04319500.00 610199720153060032400 13060031200 73120031500 43150032400999999999999 0    0    0432001 14320044400 44440045000999999999999 0    0    0 0    0    04500050    0    00    0    00    0    00    0    00    0    01
3 2289 4 619199713.012.00 9.0 9.0 01218333335222555555555559131332233212233332332222333333305512 0 0 00031121 0 0 0 4 8 0 01010050  9.0365555555555519211968555518.022 3150.00 619199710303060032400 13060031200 33120031800 53180032400999999999999 0    0    0432005 0    0    0 0    0    0 0    0    0 0    0    0 0    0    04380050    0    00    0    00    0    00    0    00    0    01
3 2979 5 416199715.040.00 8.030.0 41022333125111555555555555333333333333333333333333333333305510 0 0 00015501 0 0 0 2 8 0 01000011 60.0755555555119991211966511140.01213500.00 417199740102250023400 92340030600 42340030600 52340030600 13060032400 33060032400630005 0    0    0 0    0    0 0    0    0 0    0    0 0    0    055800116870071100673800786000    0    00    0    00    0    01
3 1858 2 522199714.032.00 2.599.09916133121352125555551555552333333333333333333333333333333055 6 2 6 10015501 0 0 0 2 9 3 22000012 48.0391999999555551231956111140.01113052.00 522199740102130021600102130021600102160022500999999999999 0    0    0 0    0    0648005 0    0    0 0    0    0 0    0    0 0    0    0 0    0    05670050    0    00    0    00    0    00    0    00    0    01
3 3077 4 425199712.0 5.00 8.0 8.0 01321332115222555555155119233323233333333331232323333322305513 0 0 00031501 0 0 0 7 6 0 01010050120.0365555555555559211952555125.02413000.00 425199750153150032400 13150031800 53180032100 43210032400999999999999 0    0    0414001104140041700 14170042000104200043800104380053100 0    0    05310050    0    00    0    00    0    00    0    00    0    01
3 4826 4 527199754.016.0099.099.09912999999952215555555555592332333322323333333323333323333055 7 0 2 03075505 0 2 2 2 1 0 51000014 18.0735555555555119211958511165.01199999.00 528199739991740018000999999999999 0    0    0 0    0    0 0    0    0 0    0    0648001999999999999 0    0    0 0    0    0 0    0    0 0    0    0999991999999999990    0    00    0    00    0    00    0    01
3 1717 3 630199715.010.0018.018.0 21699999991000000000000000000000000000000000000000000000000010 2 0 00071501 412 0 0 0 0 04300050 96.0325555555599199211935511137.52210400.00 7 9199730102520023400102520030600103060035100103510037800103780040500104050050400666005 0    0    0 0    0    0 0    0    0 0    0    0 0    0    05220050    0    00    0    00    0    00    0    00    0    01
3 4939 31210199735.011.2513.513.5 0 7293329154345111551158191933321322122932212333333393332254 7 0 1 00051501 0 0 0 1 5 1 11120050 36.0361155551555555211952555115.02417000.001210199740152940032400 12940030600103060031800 53180032400 43240033000 0    0    0405001 24080041400 54140042300104230043200 0    0    0 0    0    043200155040053100772000738000    0    00    0    00    0    01
3 3514 4 926199713.0 7.50 1.0 1.0 01231322995112555555555559233333333333333323333333333333305512 0 0 00015501 0 0 0 6 6 0 02000011240.0365555555155155211937511116.033 8000.00 924199730153060034200 13060032400 33240033300 83330034200 0    0    0 0    0    0432005 0    0    0 0    0    0 0    0    0 0    0    0 0    0    0441001168400720000    0    00    0    00    0    00    0    01
3 3578 2 6 2199713.0 9.00 9.0 9.0 0 9113222152225555555555593333333333333333333333333333333153 9 0 0 00011501 0 0 0 0 8 0 11001050 84.0725555559555559211958511125.022 6750.00 521199730122880030600 52880029400102940030600999999999999 0    0    0 0    0    0414001104230043200104320045000104500046800999999999999 0    0    04680050    0    00    0    00    0    00    0    00    0    01
3 3235 4 529199715.0 2.50 9.024.0 02029332225112555555555555233333333333333333333333333333305520 0 0 00065501 0 0 0 218 0 01010013 60.0369991999555515211951111120.02210000.00 528199730103000032400 13000030900 73090031200 33120031500 53150032100 43210032700414001 14140042000 24200042300 34230043200 54320043800 0    0    044100146120062400172600768000    0    00    0    00    0    01
3 4725 3 430199715.040.0024.024.0 0283933333100000000000000000000000000000000000000000000000001012 4 40021501 0 028 0 0 0 02203050 60.0351555555155115291952551140.02126500.00 429199720103060020700 53060030900 43090031500 0    0    0 0    0    0 0    0    0648005 0    0    0 0    0    0 0    0    0 0    0    0 0    0    06300050    0    00    0    00    0    00    0    00    0    01
3 3672 3 420199715.030.00 7.024.0 31421312225122555555555551233323333333233333333333333332321111 0 0 00231501 0 0 0 0 210 23000150 60.0751999999111911211951551150.022 9600.009999999931 02700025200 12700028800 42880030600 53060031200 93120032400103240046800648001 15940061200 35940061200 45940061200 0    0    0 0    0    061200116660070200570200738000    0    00    0    00    0    01
3 3672 4 428199715.025.00 7.5 9.0 010213212210000000000000000000000000000000000000000000000000 9 0 0 01061501 0 0 6 4 0 0 00300050 12.0345555555555555211968511136.04212000.00 5 2199750122700025200 12730027900 0    0    0 0    0    0 0    0    0 0    0    0648005 0    0    0 0    0    0 0    0    0 0    0    0 0    0    06510050    0    00    0    00    0    00    0    00    0    01
3 2735 5 519199715.045.00 2.012.0 21888388885222555555555559121222232222233112233223233233105517 0 0 10015111 0 0 0 012 6 02100015  2.0335555555555555211957551127.022 8400.00 519199710102700032400102700032400 0    0    0 0    0    0 0    0    0 0    0    0450005 0    0    0 0    0    0 0    0    0 0    0    0 0    0    0477001777400810000    0    00    0    00    0    00    0    01
3 6325 31010199715.040.00 5.018.0 710113222210000000000000000000000000000000000000000000000000 9 1 0 00011501 010 0 0 0 0 01200050 48.0325555551555111211975511140.05211000.0010 9199740102700032400102700032400 32700032400 0    0    0 0    0    0 0    0    0648001 35760059400 0    0    0 0    0    0 0    0    0 0    0    05940050    0    00    0    00    0    00    0    00    0    01
3 5501 310 7199715.050.00 2.0 2.0 52411312215111555555555555333333333333333333333333333333305519 3 0 00275501 0 0 0 018 6 01012013  6.0765555951515515211972111140.04412000.0010 6199710102820032400 52820028800102880031800 42880031800 92880031800103180032400648005 0    0    0 0    0    0 0    0    0 0    0    0 0    0    062100136750069000769000738000    0    00    0    00    0    01
3 1350 5 6 4199712.0 5.50 9.0 9.0 01211323295111555555555555333333333333333333333333333333325111 0 1 00051501 0 0 0 010 2 01010011108.0135555555555511211950555138.02211586.00 516199720 82700030600 32700027900102790030000 93000030600999999999999 0    0    0405001 44050041400 94050042300 54230045000 34500046800 0    0    04680050    0    00    0    00    0    00    0    00    0    01
3 3432 3 528199715.030.0024.024.0 21421112315191555555151119333333333333333333333333333223305514 0 0 00021991 0 0 014 0 0 01001099  6.0135555555555119211975951140.022 7894.08 528199730102160021600102970030600103060031500103270033600 73360034200103420035100630009999999999999 0    0    0 0    0    0 0    0    0 0    0    05400050    0    00    0    00    0    00    0    00    0    01
3 3432 4 515199715.010.00 5.099.0 0 9111111110000000000000000000000000000000000000000000000000 9 0 0 00071501 0 9 0 0 0 0 01000050 12.0725555555555555211946511140.02299999.00 515199740102880021600999999999999 0    0    0 0    0    0 0    0    0 0    0    0630009999999999999 0    0    0 0    0    0 0    0    0 0    0    06120050    0    00    0    00    0    00    0    00    0    01
3  455 3 415199715.014.00 7.0 7.0 02528322115222555555555559332232222232232323333333232233235325 0 0 00011121 0 0 0 0 0 0251010011120.0769199999555519211955511142.03399999.00 415199720 42790028800 12790028200 52820028500 32850028800 0    0    0 0    0    0396001103960042300104230044100104410054000105400055500 85550058800591001468400702000    0    00    0    00    0    00    0    01
3 1151 410 7199714.028.00 5.012.0 01222333225221555551155119233332333222333233333333333333305511 1 0 00071501 0 0 0 4 6 2 02100015 60.0355555555119115211961555545.01221000.0010 7199790302700030600 12730029400102940030000 43000030900 0    0    0 0    0    0558001 45580056400105640057000 55700057600 75760058500 0    0    058500166660077400778600804000    0    00    0    00    0    01
3 5579 31014199754.0 4.0048.048.0 010112112252225555555555553333333322222333222333323333333055 7 1 1 10071121 0 0 0 3 6 1 02100012132.0365551555951515211943555150.01130000.001014199720252790023400102790030000 53000030600 0    0    0 0    0    0 0    0    0666001 46660067500 16750069300 0    0    0 0    0    0 0    0    06930050    0    00    0    00    0    00    0    00    0    01
3 5579 41014199754.014.00 1.0 1.0 010112111110000000000000000000000000000000000000000000000000 4 1 3 02071501 0 5 5 0 0 0 01110050132.0365551555551515211943555150.01199999.00 520199720252790023400102790030000 53000030600 0    0    0 0    0    0 0    0    0999999999999999999 0    0    0 0    0    0 0    0    0 0    0    0999999999999999990    0    00    0    00    0    00    0    01
3 3677 4 6 8199714.0 2.50 9.024.0 02012213315222555555555559232323323333233322322312223333215119 1 0 00011501 0 0 0 9 9 2 01001012 24.0369199999555555211965555532.523 9000.00 6 8199750252820028800 12820028500 32850028800999999999999 0    0    0 0    0    0522001 15220052800 55280053100 25310053400 0    0    0 0    0    053400175340054900157900594000    0    00    0    00    0    05
3 2196 3 429199712.0 5.00 4.0 8.0 01228332335222555555555559933323233239993999939313999399305512 0 0 00059501 0 0 111 0 0 00101011  4.0335555559519919211974511117.534 5850.00 429199720 83060032400 13060031560 33156031980 73198032100 43210032400999999999999414001 44140042300 34230042600 74260042900 1429004320099999999999943500116840072000772000774000    0    00    0    00    0    01
3 2257 2 630199715.040.0012.048.0 020233232352225555555555593333332332332333233333333333333054 020 0 00071501 0 0 0 0 020 01010013 12.0351555559115559221942551140.02199999.00 623199710452520021600102160023400102340027000102700028800102880032400103240033300639001 35760059400 55760059400 95940063900999999999999 0    0    066600117200079200668400783000    0    00    0    00    0    01
3 2257 3 624199715.0 8.0024.099.0 216233221253335555555555591313232133323333312113231323313055 015 0 00071501 0 114 1 0 0 03200012 96.03315555551551192219615511 9.53211000.00 623199710303240023400103330035400103420036000103600037800103780039600103960041400639005 0    0    0 0    0    0 0    0    0 0    0    0 0    0    06390050    0    00    0    00    0    00    0    00    0    01
3 2950 3 6 3199754.017.00 3.0 3.0 0 2999999910000000000000000000000000000000000000000000000000 2 0 0 00015501 2 0 0 0 0 0 09999912999.0925555555555555211953511117.01199999.00 6 3199729992160021600999999999999 0    0    0 0    0    0 0    0    0 0    0    0504001999999999999 0    0    0 0    0    0 0    0    0 0    0    0999999999999999990    0    00    0    00    0    00    0    01
3 2950 4 6 3199754.017.00 3.0 3.0 0 2999999910000000000000000000000000000000000000000000000000 2 0 0 00015501 2 0 0 0 0 0 09999912999.0925555555555555211953511117.01199999.00 6 3199729992160021600999999999999 0    0    0 0    0    0 0    0    0 0    0    0504001999999999999 0    0    0 0    0    0 0    0    0 0    0    0999999999999999990    0    00    0    00    0    00    0    01
3 1498 4 324199713.0 7.5015.015.0 11822828825112555555555115233232332223233333333333333333205517 0 1 00051111 0 0 0 0 9 9 00200050168.0361155555551559211946555118.04213000.00 324199710153000032400 13000032400103240034200103420036000103600037800103780043200414001 14170042300 34230042720 54272043200 44320043800 14380044400444001757900597000    0    00    0    00    0    00    0    01
3 1210 4 327199725.050.00 7.020.0 113888888810000000000000000000000000000000000000000000000000999999999915501 0 0 7 7 0 0 02001050 24.0335555555555515211973555540.09999999.00 327199740153150023400 33420034500 43450034800 53480036000999999999999 0    0    0639005 0    0    0 0    0    0 0    0    0 0    0    0 0    0    06300050    0    00    0    00    0    00    0    00    0    01
3 2099 2 410199715.0 6.50 8.0 8.09922213111152325555151555591222212211211223211233222323321151 020 2 00041121 0 0 0 0 0 0221000013180.07791199915919192119535111 7.53332000.00 410199740301710028800 32790028200 42820028500 52850028680 0    0    0 0    0    0519001105190053100 15310053700 35370054300 75430054900 55490055800558001160000636000    0    00    0    00    0    00    0    01
3 2099 3 422199715.037.00 9.0 9.0 016212211152325555151555551222313311121322111233331322331112 011 5 00051121 0 0 0 0 511 01010012  9.0761155551555515211967551140.02427000.00 422199720202700029400 12700027600 52760027900 92790029100 42910029400 0    0    0519001105190052800 55280053100 35310054900 15490055200 255200558005580050    0    00    0    00    0    00    0    00    0    01
3 2324 49999999915.035.00 1.0 1.0 015113121152115555555555593333323333333333333333232333333311 211 1 10071991 0 0 0 011 4 01100050  9.0135555559555519221970511140.09999999.00 514199730 52880023400 42880029700 72970030600 33060034200 63420036000103600039600666005 0    0    0 0    0    0 0    0    0 0    0    0 0    0    05760050    0    00    0    00    0    00    0    00    0    01
3  285 410 7199713.0 2.50 1.0 1.0 01511322115222555555955519332333333333333223333333333333311213 1 0 00111501 0 0 0 013 2 01001012 48.0335555555555555211962551138.03311000.0010 6199710 72850034200 12850031200 33120032100 23210033300 53330033900 43390034500558001 45580056400 15640056700 0    0    0 0    0    0 0    0    056700146930069600373800828000    0    00    0    00    0    01
3  578 4 319199714.040.00 6.024.0 61419999995211955555555555333333333333333332333333333333305314 0 0 000315019898981012 2 61001011  3.0135555555551519211975511145.03510400.00 324199710102700021600102700030600 23060031200 33120031500103150034200993120031500648001 64680048600104860050400105220053100105310054000105400064800648001170200738000    0    00    0    00    0    00    0    01
3 3757 5 717199725.017.5010.010.0 22221323225111555555555555332333333333333333333333333333305520 0 0 20051501 0 0 2 410 4 21010050 72.0965555551555511211964551130.04510000.00 717199750112880030600 12880029700 72970030000 53000030600999999999999 0    0    0432001104320044100104410045000104500046800 0    0    0 0    0    04680050    0    00    0    00    0    00    0    00    0    01
3  459 49999999915.030.00 8.0 8.0 512213111152225555555555553333333333333333333333233333233055 012 0 00011501 0 0 01111 0 02000050168.0331555991555515221953555132.04111000.009999999955303240033600 13240033000 33300033600 0    0    0 0    0    0 0    0    0999999999999999999 0    0    0 0    0    0 0    0    0 0    0    0999999999999999990    0    00    0    00    0    00    0    09
3  715 4 423199712.0 4.00 8.0 8.0 01911211125222555555555555333333333333323333322333333332305519 0 0 00015501 0 0 0 4 9 5 01010011 84.0369199999599991211946551125.04599999.00 423199730 93030033900103030033300 53330033900 0    0    0 53330033900999999999999504001 15070051000 25100051120 55112051300 0    0    0 0    0    051300137020072000172000729000    0    00    0    00    0    01
3 2525 6 422199713.015.00 5.024.0 52711211115999999999999999999999999999999999999999999999999925 0 0 20015501 0 0 410 4 8 13000113 60.0345555559115551211965555135.03314000.00 421199710203060032400 73060032400 0    0    0 0    0    0 0    0    0 0    0    0648001 16300064800 45760064800 0    0    0 0    0    0 0    0    0648001564800684000    0    00    0    00    0    00    0    01
3 1633 3 515199754.038.0012.012.0 0 5333121110000000000000000000000000000000000000000000000000 5 0 0 00075505 0 0 3 1 0 0 11000050  9.0135555559555559211959511140.05499999.00 515199749992520027000999999999999 0    0    0 0    0    0 0    0    0 0    0    0648001999999999999 0    0    0 0    0    0 0    0    0 0    0    0999999999999999990    0    00    0    00    0    00    0    05
3  297 3 5 7199715.0 8.00 8.036.0 51618322225222555555555559132222232122333321133211122323205515 1 0 00011501 0 0 016 0 0 01200150 36.0361155559155515211972155140.03514500.00 5 7199710202880025200 12880029400 42940031200 53120031500103150032100103210033600648005 0    0    0 0    0    0 0    0    0 0    0    0 0    0    0594001168400720000    0    00    0    00    0    00    0    01
310019 4 512199715.030.00 9.0 9.0 026211211251115555555555593333333333333333333333333333333055 2 611 20511501 0 0 0 0 0 0261000014  9.0375155559555519211972551140.03230000.00 512199720402700029700 12700028800 22880029400 52940029700999999999999 0    0    0999999999999999999 0    0    0 0    0    0 0    0    0 0    0    0999999999999999990    0    00    0    00    0    00    0    09
310111 41013199717.010.00 3.5 3.5 5 8213121110000000000000000000000000000000000000000000000000 6 0 1 1001150115 3 815 9 0 01100050 78.0325555555555515211949555142.01115000.009999999990202640025200999999999999 0    0    0 0    0    0 0    0    0 0    0    0648005 0    0    0 0    0    0 0    0    0 0    0    0 0    0    06480050    0    00    0    00    0    00    0    00    0    01
310429 31126199713.0 9.00 2.5 2.5 212113211252325555555555553333331133322333333333333333333015 6 1 2 30015501 0 0 012 0 0 01000012  2.5345555559555519211953555125.02211237.001126199730152790032400 12820029100102910030600 53060030900103090032400 0    0    0432001 24320045000 54500046800104680048600104860049500104950050400504001161200666000    0    00    0    00    0    00    0    05
310174 412 4199712.0 8.0018.018.0 02522333235222555555555555333333333333333333333333333333305515 1 4 50071501 0 0 01114 0 02003050 36.0371555555515551211967555130.04330000.0012 4199740303060032400 13060032400 43240034200 0    0    0 0    0    0 0    0    0468001 54680050400 14680050400 0    0    0 0    0    0 0    0    05040050    0    00    0    00    0    00    0    00    0    01
310189 39999999913.010.00 1.5 1.5993422323225222555555155119333333333333333333333333333333305527 1 3 30125501 0 0 41212 6 01100650216.0391555555551515211960551140.02235000.0012 3199730152880032400 12898029400102940029700 52970030600 43060032400 0    0    0612001 44320043500104350045900 44590046800 246800558001055800999995580050    0    00    0    00    0    00    0    00    0    01
310080 51111199715.031.25 2.0 2.0 216221211152225555551181193333333333333333333333333333333112 2 6 6 10145501 0 0 0 212 2 01010015  2.0361555555555519211971551140.01224500.001118199720402820031800 52832028440 12868029400 32940099999 29999999999 0    0    0540001105430055800105580057900 0    0    0 0    0    0 0    0    0579001377400801000    0    00    0    00    0    00    0    01
310367 31227199715.012.50 3.0 3.0 218212222153335555551551193333332232222322233322332333333055 0 2 8 20615111 0 0 0 018 0 01010013 36.0361155555555551211955511135.02229000.001222199790152700030600 12700029700 52970030600 0    0    0 0    0    0 0    0    0396001 45400054600 55460055200 15520059400 0    0    0 0    0    059400116840072000199999999990    0    00    0    00    0    01
310206 61218199715.0 6.50 6.0 6.0 021212211152125515555555552322232323232332223333333333223013 5 511 00051501 0 0 0 0 0 0211002014 48.0961155955555515111953515150.02224500.001218199740302580027900 12580027900103750040500104050042900104350047100104710051600516001 25160053100 45220053100 75310054900 55400055800 0    0    057600116300066600575600774000    0    00    0    00    0    01
310202 5 2 6199814.014.00 5.0 5.0 218112111151211155111155193333333333333333333333333333333055 4 111 00041501 0 0 0 312 1 02000013 60.0341555555115555211959551140.01421000.009999999990152880028800102880030600103060032400103240039600103960041400104140057600576001104140050400105040054000 85400057600 0    0    0 0    0    05760011684007200057200075600375600774000    0    00    0    01
3 4789 2 7 9199713.027.0012.012.0 013112111110000000000000000000000000000000000000000000000000 6 5 0 00271501 0 6 7 0 0 0 03000050 60.0969999999555551211940555540.01318000.00 7 9199730503180024300 13180032400 0    0    0 0    0    0 0    0    0 0    0    0648001 46210063000106300063600106360064200999999999999 0    0    06480050    0    00    0    00    0    00    0    00    0    01
3 2158 39999999995.0 6.0010.024.0 0 8293232252225911551551192333322333232332122333222333332613 2 7 0 00075501 0 0 0 3 5 0 11010012 30.0379999991199991211967555199.03699999.00 6 2199710 42970031500 12970030600 33060031200 53120031500999999999999 0    0    0540001105400055200 35520056400 25640056700 55670057600 0    0    05760050    0    00    0    00    0    00    0    00    0    01
3 1053 3 324199735.035.0024.024.0 012213111152325155551551192333231333333233233213333333333115 5 3 4 00011501 0 0 0 4 5 2 11011012252.0361115159555511211950551140.08435000.00 325199720 52730028200102730027420102742027900 52790028200 22820029400102940030600540001 55460055500 15550056100 35610056700 0    0    0 0    0    05670050    0    00    0    00    0    00    0    00    0    01
3 4400 3 617199715.045.00 5.0 3.0 2202232122522155555555555933333323333333332333332323333321541010 0 00011501 0 0 413 3 0 01111011 48.0331555555515519211974155540.03413000.00 617199720203330023400 13330033600 53360033900 43390034500999999999999 0    0    0666001 16690067500 56750068400999999999999 0    0    0 0    0    06840011711007200017200073200173200738000    0    00    0    01
3 2167 4 523199715.035.00 9.0 9.0 519333333352225155111511192333332333333333333333333333323112 020 0 00021501 0 0 0 8 7 5 02000050228.0195555559519919221953555135.01112000.00 523199750202820028800102880032400103240037800103810040800104140048900104890052200540001 35220052800 15280054000 85220054000 0    0    0 0    0    054000115940061200462100633000    0    00    0    00    0    01
3 1890 412 4199715.030.00 4.0 4.0 020332322251215555111111193333333333333333333333333333333111 416 0 00031501 0 0 0 413 3 01010050 48.0165555555111119221963555535.02199999.0012 4199740252820028800 12820028800 42880029700 32970030600103060099999 0    0    0612001105250054000 0    0    0 0    0    0 0    0    0 0    0    054000179999999999199999999990    0    00    0    00    0    09
3  254 8 415199715.015.00 7.0 7.0 013211211152225555551555153333333333333333333333333333333312 4 8 0 10051501 0 0 0 0 013 01010015 24.0361111559515555211950555545.02130000.00 416199720352880032400 82880031200 13120032400 0    0    0 0    0    0 0    0    0567001105490056700 15670057600 55670057600 0    0    0 0    0    058200116660068400768400792000    0    00    0    00    0    01
3  553 3 425199715.030.0012.018.0 420299292952119999111999192333322333322332213333333333333111 020 0 00031991989898989898981010099120.0351999999119999221957951135.011 1121.00 418199750302850028800999999999999 0    0    0 0    0    0 0    0    0 0    0    0522001 15220054000 44680050400105040052200 554000549001052500540005400050    0    00    0    00    0    00    0    00    0    01
3 5886 31229199715.040.00 5.0 5.0 9 7193211110000000000000000000000000000000000000000000000000 0 7 0 00015501 0 7 0 0 0 0 02000012 24.0325555555551555221969551540.022 9000.001223199720202160021600999999999999 0    0    0 0    0    0 0    0    0 0    0    0648005 0    0    0 0    0    0 0    0    0 0    0    0 0    0    05400050    0    00    0    00    0    00    0    00    0    01
3 4809 2 525199715.036.00 2.0 2.0 6 6213211810000000000000000000000000000000000000000000000000 5 1 0 00071501 1 5 0 0 0 0 01000011  3.5335555559111119211975151140.02199999.00 519199710182880023400 12880029400 42940030000 33000030300 23030030600103060031500630001 15580056400 45640056700105670057000105700057120105712057600577201164800685200    0    00    0    00    0    00    0    01
3 4820 2 6 2199715.0 6.00 9.0 9.0 320283233252125555111551192333332322322333223223232233332111 020 0 00041111 0 0 0 6 410 01010013 72.0355555555155515221965511135.02211556.00 528199730102820028800 12880029400 32940029700 22970030000 53000030600999999999999576001 25550052200 85220054000999999999999 0    0    0 0    0    05400050    0    00    0    00    0    00    0    00    0    01
3 1398 4 4 8199715.099.00 8.099.09922999999951115555555555592333333333333333333233333333333055999999999911501 0 0 0 013 9 01010012 24.0131199999199999221969511140.02311000.00 3 7199719992520032400 12550025800102700031500103150032400103270033000103300033900612001999999999999 0    0    0 0    0    0 0    0    0 0    0    061200116480066600266600684000    0    00    0    00    0    01
3  758 3 428199725.0 8.00 2.099.0 019112211159999999999999999999999999999999999999999999999999 217 1 00011501 0 0 0 0 613 02100050 12.0331555559555519221971551140.01299999.00 424199740302700025200103060032400 33420036000103600042300104230045000104680054000630001999999999999 0    0    0 0    0    0 0    0    0 0    0    06120050    0    00    0    00    0    00    0    00    0    01
3 1794 3 410199714.032.0024.024.0 612993999910000000000000000000000000000000000000000000000000 012 0 00075501 2 2 3 4 1 0 01010019 84.0325555559599991221959511150.02999999.00 4 7199710 09999925200 12520025800 42580031500 0    0    0 0    0    0 0    0    0630001999999999999 0    0    0 0    0    0 0    0    0 0    0    0999999999999999990    0    00    0    00    0    00    0    01
3 3658 2 429199755.028.15 7.0 7.0 112282221152215515551555193333333322332333233323333333233151 6 6 0 00031501 0 0 0 0 6 4 21021014 14.0371515551551551211953555142.02227192.00 429199720252640027900 52640027000 22700027300 32730027900 92790028500 72850028800504001 55040051000105100051300 75130054000 25130054000 15130054000540001159400648000    0    00    0    00    0    00    0    01
3 4685 3 620199714.025.0018.018.0 411333321110000000000000000000000000000000000000000000000000 011 0 00035501 2 2 2 2 2 2 01011114 84.0341155155555115221954551140.01199999.00 620199750 52880022500102250028800102880032400103300038700103960049500105040061200630001999999999999 0    0    0 0    0    0 0    0    0 0    0    063000117200074700577400810000    0    00    0    00    0    01
3 4187 31119199715.0 9.00 7.099.0 915113321351115555555551152923333322322333323333222232333613 8 7 0 00021501 0 0 013 2 0 01201012 12.0135555555155115221974551135.023 9120.001119199730152490021600 52490025440 32550025800102580027600102790029700103000031500648005 0    0    0 0    0    0 0    0    0 0    0    0 0    0    0513001163900666000    0    00    0    00    0    00    0    05
3 3988 2 627199755.0 3.00 9.0 9.0 310111111159999999999999999999999999999999999999999999999999999999999999999999999999999999999999999.0999999999999999999999999999.09999999.00 627199799999999999999999999999999 0    0    0 0    0    0 0    0    0 0    0    0999999999999999999 0    0    0 0    0    0 0    0    0 0    0    0999999999999999990    0    00    0    00    0    00    0    01
3 3293 2 514199715.0 6.00 9.0 9.01017223239210000000000000000000000000000000000000000000000000 017 0 00091121 0 0 0 017 0 02000015 36.0361199999199991221949555140.03125000.00 515199740252700028800102700028800 42730027600 12760027900 32790028200 72820028500504001105040055800 15070051600 35160054000 44980051300 8540005580055800115760082800357600684004684007200055760082800657600828001
3  666 4 417199715.0 7.00 4.5 7.5 120181111152125555111551193333333222323333333333333333333211 613 0 10071501 0 0 0 020 0 01010050 60.0335555559555519221947551136.01199999.00 416199730203060032400 33120032400 13240032700 53270033300 43330033600103360034200576005 0    0    0 0    0    0 0    0    0 0    0    0 0    0    05880050    0    00    0    00    0    00    0    00    0    01
3 6153 410 6199715.0 5.50 1.0 1.0 020111221110000000000000000000000000000000000000000000000000 020 0 00071991 0 0 0 515 0 02000099108.03599999991999192219519551 7.511 9893.9410 6199710352640027000999999999999 0    0    0 0    0    0 0    0    0 0    0    0558009999999999999 0    0    0 0    0    0 0    0    0 0    0    05400050    0    00    0    00    0    00    0    00    0    01
3 1935 3 714199755.0 9.00 6.0 6.0 0 7112211152225555555555593333333322392293333223333333333155999999999915501 0 0 3 4 4 6100020011 84.0395555555599919221947511110.512 9000.00 714199790 52520025200999999999999 0    0    0 0    0    0 0    0    0 0    0    0999999999999999999 0    0    0 0    0    0 0    0    0 0    0    06300050    0    00    0    00    0    00    0    00    0    01
3 3361 59999999915.0 7.00 2.0 2.0 019323222253225555111551192333332332232333223333333332323113 019 0 00021111999999179999991010012 48.0365555555599119221958555135.09210632.001010199751 32700028800 42880030600 0    0    0 0    0    0 0    0    0 0    0    0504001 15040054000999999999999 0    0    0 0    0    0 0    0    055800145580057600199999999990    0    00    0    00    0    01
3 4968 510 7199715.040.00 7.0 7.0 2 8112291110000000000000000000000000000000000000000000000000 6 2 0 00021501 4 4 0 0 0 0 03100012 12.0721999999199919221970555140.022 8000.0010 6199710302160021600 12160024300 32160024300102160024300102160024300 42160099999666005 0    0    0 0    0    0 0    0    0 0    0    0 0    0    05400050    0    00    0    00    0    00    0    00    0    01
3 5999 31125199715.040.00 2.0 4.0 212183222252225555555515193322321222322333133323333332333052 012 0 00011501 0 0 012 0 0 03000011 10.0335555555555515221975511140.02399998.001125199720202880023400 52880029400102940029700102970030600103060030900 0    0    0666005 0    0    0 0    0    0 0    0    0 0    0    0 0    0    06510050    0    00    0    00    0    00    0    00    0    01
3 2687 2 499199715.020.00 4.0 4.0 616912233252229999999999993333333323323333333333333333333111 214 0 00079999 0 0 0 011 4 11010050 24.0361199999599919221971551140.03822000.00 5 1199740202520026100 12520027000 22700027900 32790028800102880029700102970031500450001109999999999 29999999999 39999999999 59999999999 499999999995580050    0    00    0    00    0    00    0    00    0    01
3 2679 6 527199715.030.00 9.0 9.0 51428222325222555555555555233333333333233333333332333333305510 3 1 00021501 0 0 0 6 8 0 01010050 72.0355555555119999211956511140.011 9000.00 527199720102880028800102940030900 73090031500103150032400103240034200103420036000612001105400055200 35520056700 75670057600 0    0    0 0    0    0576001172000774000    0    00    0    00    0    00    0    01
3 6234 2 918199715.032.50 1.0 1.0 020333221152115555555555593333333333333333333333333333333111 019 0 00151501 0 0 0 019 1 01010013 48.08715555555999112219725511 9.05134000.00 919199750152610028800102610027000102700027900102790028800 0    0    0 0    0    0540001105400064800 0    0    0 0    0    0 0    0    0 0    0    06510050    0    00    0    00    0    00    0    00    0    01
3  627 2 425199714.012.0024.024.0 017212121351115555551555593333333333333333333233233333333251 8 9 0 00051501 0 0 0 2 9 6 01020012 48.0769999199555559211967551140.01225000.00 423199730303060032400 13060030900 33090031500 53150032400 0    0    0 0    0    0576005 0    0    0 0    0    0 0    0    0 0    0    0 0    0    05820050    0    00    0    00    0    00    0    00    0    01
3 4769 7 520199735.038.00 9.012.0 014213211159125515551511193332323332232333333333333333332112 311 0 00051111 0 0 0 5 9 0 01001050  9.0365119199599919211949555140.02224000.00 520199720252580026100 32580026100 92610027000999999999999 0    0    0 0    0    0543001 35430054600 15460055200 25520055800 0    0    0 0    0    05580050    0    00    0    00    0    00    0    00    0    05
3 3736 4 6 2199712.0 8.00 9.018.0 01228222325122555555555555333333333333333333333333333333305511 1 0 00061501 0 0 012 0 0 02000050 36.0345555555551559211961551122.022 4000.00 5 7199730103060034200 13060031200103120032400 53240033000103300033300103360099999486001104890049200104920049800104980050100105010050400 0    0    0504001152200558000    0    00    0    00    0    00    0    01
3  714 3 425199714.0 3.00 6.5 6.5 017213122953325555551555191212311221131332211212331323231055 212 3 00041121 0 0 0 6 8 3 01010013132.0351999999155119211957555140.02216986.40 425199720303060034200 13240033600 43360034500 53450034800103480035100 33510035400450001104560046200 14620048600105940060600106060061200104860061200612001166600702003702007470067560079200680100864000    0    01
3   44 3 424199715.040.00 7.024.0 823212223352225555555555552333333333333333333333333333333012 023 0 00011501 0 0 023 0 0 01010013 36.0169991999599919221943511140.04215000.00 424199752 03060028800999999999999 0    0    0 0    0    0 0    0    0 0    0    0639001999999999999 0    0    0 0    0    0 0    0    0 0    0    06480050    0    00    0    00    0    00    0    00    0    01
3 6313 21014199715.0 9.00 2.099.0 240183821152225555555551193333333333333333333333333333333055 040 0 00011501 0 0 038 2 0 04100012 84.0335555559115515221966511150.03315600.001016199740 52340023400 12340025200 42340032400102880032400103240034200103420036000648005 0    0    0 0    0    0 0    0    0 0    0    0 0    0    0621001766600684000    0    00    0    00    0    00    0    01
3 6313 41016199745.0 8.00 2.024.0 311111121110000000000000000000000000000000000000000000000000 011 0 00021501 0 011 0 0 0 02110250 24.0125555555155515221967551110.02213000.001015199730452160021600999999999999 0    0    0 0    0    0 0    0    0 0    0    0648005 0    0    0 0    0    0 0    0    0 0    0    0 0    0    06300050    0    00    0    00    0    00    0    00    0    05
3 3603 4 499199735.0 6.00 4.0 4.099 9213222251115155551551193333333333333333333333333333333113 2 7 0 00071501 0 0 0 7 1 1 01010012 36.0771555159515551211965551140.02422000.00 424199740 52700027900102700027300 12730027900 32790028200 0    0    0 0    0    0504001105040051300 35130053100 75130053100 15310054000 0    0    0540001774700792000    0    00    0    00    0    00    0    01
3 5150 3 619199715.040.00 5.0 6.5 1 6128121110000000000000000000000000000000000000000000000000 0 6 0 00075501 0 0 6 0 0 0 01002050  5.0355555551155551221975511140.02212500.00 619199740303060021600 43090031500 73150031800 93180032400999999999999 0    0    0648005 0    0    0 0    0    0 0    0    0 0    0    0 0    0    0594001162100657000    0    00    0    00    0    00    0    05
3 5150 4 619199715.040.00 5.0 6.5 1 6128121110000000000000000000000000000000000000000000000000 0 6 0 00075501 0 0 6 0 0 0 01002050  5.0355555551155551221975511140.02212500.00 619199740303060021600 43090031500 73150031800 93540032400999999999999 0    0    0648005 0    0    0 0    0    0 0    0    0 0    0    0 0    0    0594001162100657000    0    00    0    00    0    00    0    05
3 5361 39999999915.0 6.00 9.0 9.0 013223321351225555555551192233333333223323323223332333223155 013 0 00031501 0 0 0 211 0 01010015156.0369999199155555221927551115.01112000.009999999910353030025200999999999999 0    0    0 0    0    0 0    0    0 0    0    0612005 0    0    0 0    0    0 0    0    0 0    0    0 0    0    0999999199999999990    0    00    0    00    0    00    0    01
3   54 39999999915.0 9.00 2.0 2.09912993991953225555555555559993332391312339213333313333331055 6 6 0 00015501999999991199998000012 12.0365155555915555211939555147.51199999.001112199730152520030600102520030600 0    0    0 0    0    0 0    0    0 0    0    0630001106210063900 36210063900 0    0    0 0    0    0 0    0    06390050    0    00    0    00    0    00    0    00    0    01
3 6210 311 5199715.0 6.00 2.012.0 0199992999533955155515551133232311222229323333333333333931129999 0 00951501 0 0 0 0 0 0191010015  8.0371555555515511211947551175.02239000.0011 5199740302880033000 22940030300 53030031200 13120032100103210032700103270033000540001 25490056100 15610057300 35730062100 56210063000106300064800648001768700720000    0    00    0    00    0    00    0    01
3 4557 3 421199855.038.0024.024.0 1 4383891152215555558851192322232332332333223323333333333055 0 4 0 00071501 1 0 2 1 0 0 01000050204.0335555551551115221949551150.01316000.00 420199810 02700027000999999999999 0    0    0 0    0    0 0    0    0 0    0    0612001 15850060300 45940061500 35940061200 0    0    0 0    0    09999915999999999969999999999399999999990    0    00    0    01
3 4927 4 627199735.0 3.00 9.0 9.099 5323232252225515555555592229992299922999223223222299992191 0 5 0 00021501 0 0 0 0 0 0 53022450  1.0379119199555519211949511140.02131450.00 627199720 43000030600103000031500 0    0    0 0    0    0 0    0    0 0    0    0414005 0    0    0 0    0    0 0    0    0 0    0    0 0    0    04230050    0    00    0    00    0    00    0    00    0    01
3 5405 4 6 4199755.010.0012.012.0 0 9232323252225555555511192323232233332332333333332333923055 0 9 0 00071501 0 2 6 0 0 0 01010050 36.0961199999119199221955511150.04299999.00 6 4199730202520025200 12520027000 42700028800 52880029700 33420043200 24680050400648005 0    0    0 0    0    0 0    0    0 0    0    0 0    0    061200176480067200172000756000    0    00    0    00    0    01
3 3399 6 6 9199712.024.0024.024.01821111111252119555555555593333333333333333333323333333333055 028 0 00025501 1 312 1 0 1 01001014120.0331999999599199221938511155.011 8660.00 6 6199752302340023400999999999999 0    0    0 0    0    0 0    0    0 0    0    0630001 16300064800 36480065700 0    0    0 0    0    0 0    0    06570050    0    00    0    00    0    00    0    00    0    01
3 1279 3 4 7199715.099.00 2.0 2.0 310292222252125555555551193333333333333333333333333333333055 3 5 1 10011991 0 0 0 010 0 01000013 48.0335555559551555221965151140.02215000.00 4 7199711 02340023400102340030600103060034200103420037800103960041400104230054000666001 16570066600106660067500 0    0    0 0    0    0 0    0    0684001770200738000    0    00    0    00    0    00    0    01
